2.99769222e-07	8.677118e-16
3.00068553e-07	9.249785e-16
3.00368182e-07	9.480988e-16
3.00668111e-07	9.717630e-16
3.00968339e-07	9.959832e-16
3.01268867e-07	1.020771e-15
3.01569695e-07	1.046140e-15
3.01870824e-07	1.072102e-15
3.02172253e-07	1.098671e-15
3.02473983e-07	1.125858e-15
3.02776015e-07	1.153679e-15
3.03078348e-07	1.182147e-15
3.03380983e-07	1.211275e-15
3.03683920e-07	1.241078e-15
3.03987160e-07	1.271571e-15
3.04290702e-07	1.302769e-15
3.04594547e-07	1.334687e-15
3.04898696e-07	1.367339e-15
3.05203149e-07	1.400744e-15
3.05507906e-07	1.434915e-15
3.05812967e-07	1.469870e-15
3.06118332e-07	1.505626e-15
3.06424003e-07	1.542199e-15
3.06729978e-07	1.579607e-15
3.07036260e-07	1.617869e-15
3.07342847e-07	1.657001e-15
3.07649740e-07	1.697023e-15
3.07956940e-07	1.737954e-15
3.08264446e-07	1.779812e-15
3.08572260e-07	1.822617e-15
3.08880380e-07	1.866390e-15
3.09188809e-07	1.911151e-15
3.09497545e-07	1.956919e-15
3.09806590e-07	2.003718e-15
3.10115944e-07	2.051568e-15
3.10425606e-07	2.100491e-15
3.10735577e-07	2.150510e-15
3.11045858e-07	2.201647e-15
3.11356449e-07	2.253927e-15
3.11667350e-07	2.307372e-15
3.11978561e-07	2.362007e-15
3.12290084e-07	2.417857e-15
3.12601917e-07	2.474947e-15
3.12914061e-07	2.533302e-15
3.13226518e-07	2.592948e-15
3.13539286e-07	2.653913e-15
3.13852367e-07	2.716223e-15
3.14165760e-07	2.779907e-15
3.14479466e-07	2.844991e-15
3.14793485e-07	2.911505e-15
3.15107818e-07	2.979479e-15
3.15422465e-07	3.048941e-15
3.15737426e-07	3.119923e-15
3.16052702e-07	3.192455e-15
3.16368292e-07	3.266569e-15
3.16684197e-07	3.342297e-15
3.17000418e-07	3.419672e-15
3.17316955e-07	3.498726e-15
3.17633808e-07	3.579495e-15
3.17950977e-07	3.662011e-15
3.18268463e-07	3.746312e-15
3.18586266e-07	3.832432e-15
3.18904386e-07	3.920408e-15
3.19222824e-07	4.010278e-15
3.19541579e-07	4.102079e-15
3.19860654e-07	4.195849e-15
3.20180046e-07	4.291629e-15
3.20499758e-07	4.389458e-15
3.20819789e-07	4.489377e-15
3.21140139e-07	4.591427e-15
3.21460810e-07	4.695650e-15
3.21781800e-07	4.802091e-15
3.22103111e-07	4.910792e-15
3.22424743e-07	5.021798e-15
3.22746696e-07	5.135154e-15
3.23068971e-07	5.250908e-15
3.23391567e-07	5.369105e-15
3.23714485e-07	5.489794e-15
3.24037726e-07	5.613024e-15
3.24361290e-07	5.738844e-15
3.24685177e-07	5.867305e-15
3.25009387e-07	5.998458e-15
3.25333921e-07	6.132355e-15
3.25658779e-07	6.269051e-15
3.25983961e-07	6.408599e-15
3.26309468e-07	6.551054e-15
3.26635300e-07	6.696474e-15
3.26961458e-07	6.844914e-15
3.27287941e-07	6.996433e-15
3.27614750e-07	7.151091e-15
3.27941886e-07	7.308948e-15
3.28269348e-07	7.470064e-15
3.28597137e-07	7.634503e-15
3.28925253e-07	7.802329e-15
3.29253697e-07	7.973605e-15
3.29582469e-07	8.148397e-15
3.29911570e-07	8.326774e-15
3.30240998e-07	8.508801e-15
3.30570756e-07	8.694550e-15
3.30900844e-07	8.884090e-15
3.31231260e-07	9.077493e-15
3.31562007e-07	9.274832e-15
3.31893084e-07	9.476182e-15
3.32224491e-07	9.681617e-15
3.32556230e-07	9.891215e-15
3.32888300e-07	1.010505e-14
3.33220701e-07	1.032321e-14
3.33553434e-07	1.054577e-14
3.33886500e-07	1.077282e-14
3.34219898e-07	1.100443e-14
3.34553629e-07	1.124069e-14
3.34887693e-07	1.148169e-14
3.35222091e-07	1.172751e-14
3.35556822e-07	1.197826e-14
3.35891888e-07	1.223400e-14
3.36227289e-07	1.249485e-14
3.36563024e-07	1.276089e-14
3.36899095e-07	1.303222e-14
3.37235501e-07	1.330894e-14
3.37572243e-07	1.359114e-14
3.37909321e-07	1.387893e-14
3.38246736e-07	1.417240e-14
3.38584488e-07	1.447167e-14
3.38922578e-07	1.477683e-14
3.39261004e-07	1.508800e-14
3.39599769e-07	1.540528e-14
3.39938872e-07	1.572879e-14
3.40278313e-07	1.605863e-14
3.40618094e-07	1.639493e-14
3.40958214e-07	1.673780e-14
3.41298673e-07	1.708735e-14
3.41639473e-07	1.744372e-14
3.41980612e-07	1.780701e-14
3.42322093e-07	1.817736e-14
3.42663914e-07	1.855489e-14
3.43006076e-07	1.893973e-14
3.43348581e-07	1.933201e-14
3.43691427e-07	1.973186e-14
3.44034616e-07	2.013942e-14
3.44378147e-07	2.055483e-14
3.44722021e-07	2.097822e-14
3.45066239e-07	2.140974e-14
3.45410800e-07	2.184953e-14
3.45755706e-07	2.229774e-14
3.46100956e-07	2.275451e-14
3.46446550e-07	2.322000e-14
3.46792490e-07	2.369435e-14
3.47138775e-07	2.417773e-14
3.47485406e-07	2.467030e-14
3.47832383e-07	2.517220e-14
3.48179707e-07	2.568362e-14
3.48527377e-07	2.620471e-14
3.48875395e-07	2.673564e-14
3.49223760e-07	2.727659e-14
3.49572472e-07	2.782771e-14
3.49921534e-07	2.838921e-14
3.50270943e-07	2.896125e-14
3.50620702e-07	2.954401e-14
3.50970809e-07	3.013768e-14
3.51321267e-07	3.074246e-14
3.51672074e-07	3.135852e-14
3.52023232e-07	3.198606e-14
3.52374740e-07	3.262529e-14
3.52726599e-07	3.327639e-14
3.53078810e-07	3.393958e-14
3.53431372e-07	3.461506e-14
3.53784286e-07	3.530304e-14
3.54137553e-07	3.600373e-14
3.54491173e-07	3.671735e-14
3.54845145e-07	3.744411e-14
3.55199471e-07	3.818424e-14
3.55554151e-07	3.893793e-14
3.55909185e-07	3.970547e-14
3.56264573e-07	4.048715e-14
3.56620317e-07	4.128306e-14
3.56976415e-07	4.209350e-14
3.57332870e-07	4.291872e-14
3.57689680e-07	4.375896e-14
3.58046846e-07	4.461449e-14
3.58404369e-07	4.548555e-14
3.58762249e-07	4.637240e-14
3.59120487e-07	4.727530e-14
3.59479082e-07	4.819453e-14
3.59838035e-07	4.913033e-14
3.60197347e-07	5.008295e-14
3.60557017e-07	5.105235e-14
3.60917046e-07	5.203999e-14
3.61277436e-07	5.304508e-14
3.61638184e-07	5.406807e-14
3.61999294e-07	5.510934e-14
3.62360763e-07	5.616908e-14
3.62722594e-07	5.724798e-14
3.63084786e-07	5.834604e-14
3.63447339e-07	5.946353e-14
3.63810255e-07	6.060097e-14
3.64173533e-07	6.175849e-14
3.64537174e-07	6.293660e-14
3.64901178e-07	6.413550e-14
3.65265545e-07	6.535556e-14
3.65630276e-07	6.659712e-14
3.65995372e-07	6.786058e-14
3.66360832e-07	6.914622e-14
3.66726656e-07	7.045444e-14
3.67092847e-07	7.178555e-14
3.67459402e-07	7.314004e-14
3.67826324e-07	7.451798e-14
3.68193613e-07	7.592026e-14
3.68561267e-07	7.734689e-14
3.68929290e-07	7.879836e-14
3.69297679e-07	8.027477e-14
3.69666437e-07	8.177725e-14
3.70035562e-07	8.330531e-14
3.70405056e-07	8.486032e-14
3.70774920e-07	8.644177e-14
3.71145152e-07	8.805050e-14
3.71515754e-07	8.968709e-14
3.71886726e-07	9.135151e-14
3.72258069e-07	9.304502e-14
3.72629783e-07	9.476781e-14
3.73001867e-07	9.651947e-14
3.73374323e-07	9.830141e-14
3.73747152e-07	1.001137e-13
3.74120352e-07	1.019565e-13
3.74493925e-07	1.038309e-13
3.74867871e-07	1.057370e-13
3.75242191e-07	1.076764e-13
3.75616884e-07	1.096471e-13
3.75991951e-07	1.116530e-13
3.76367393e-07	1.136918e-13
3.76743210e-07	1.157642e-13
3.77119402e-07	1.178699e-13
3.77495970e-07	1.200166e-13
3.77872913e-07	1.221966e-13
3.78250233e-07	1.244124e-13
3.78627930e-07	1.266660e-13
3.79006004e-07	1.289572e-13
3.79384456e-07	1.312864e-13
3.79763285e-07	1.336535e-13
3.80142493e-07	1.360623e-13
3.80522079e-07	1.385093e-13
3.80902045e-07	1.409975e-13
3.81282390e-07	1.435276e-13
3.81663114e-07	1.460963e-13
3.82044219e-07	1.487097e-13
3.82425704e-07	1.513700e-13
3.82807570e-07	1.540709e-13
3.83189818e-07	1.568169e-13
3.83572447e-07	1.596052e-13
3.83955458e-07	1.624436e-13
3.84338852e-07	1.653250e-13
3.84722629e-07	1.682539e-13
3.85106789e-07	1.712343e-13
3.85491332e-07	1.742611e-13
3.85876259e-07	1.773370e-13
3.86261571e-07	1.804630e-13
3.86647268e-07	1.836378e-13
3.87033349e-07	1.868676e-13
3.87419816e-07	1.901478e-13
3.87806669e-07	1.934801e-13
3.88193909e-07	1.968692e-13
3.88581535e-07	2.003066e-13
3.88969548e-07	2.038064e-13
3.89357948e-07	2.073618e-13
3.89746737e-07	2.109689e-13
3.90135913e-07	2.146411e-13
3.90525478e-07	2.183652e-13
3.90915433e-07	2.221505e-13
3.91305776e-07	2.259988e-13
3.91696509e-07	2.299117e-13
3.92087633e-07	2.338812e-13
3.92479147e-07	2.379150e-13
3.92871052e-07	2.420121e-13
3.93263348e-07	2.461764e-13
3.93656036e-07	2.504050e-13
3.94049116e-07	2.546981e-13
3.94442589e-07	2.590563e-13
3.94836455e-07	2.634965e-13
3.95230713e-07	2.679846e-13
3.95625366e-07	2.725574e-13
3.96020412e-07	2.772042e-13
3.96415854e-07	2.819355e-13
3.96811689e-07	2.867237e-13
3.97207921e-07	2.915909e-13
3.97604547e-07	2.965325e-13
3.98001570e-07	3.015499e-13
3.98398990e-07	3.066375e-13
3.98796806e-07	3.118235e-13
3.99195019e-07	3.170680e-13
3.99593630e-07	3.224224e-13
3.99992639e-07	3.278359e-13
4.00392047e-07	3.333384e-13
4.00791853e-07	3.389358e-13
4.01192059e-07	3.446084e-13
4.01592664e-07	3.503749e-13
4.01993669e-07	3.562233e-13
4.02395074e-07	3.621580e-13
4.02796881e-07	3.681953e-13
4.03199088e-07	3.743207e-13
4.03601698e-07	3.805277e-13
4.04004709e-07	3.868496e-13
4.04408123e-07	3.932545e-13
4.04811939e-07	3.997423e-13
4.05216159e-07	4.063607e-13
4.05620782e-07	4.130740e-13
4.06025810e-07	4.198742e-13
4.06431241e-07	4.267478e-13
4.06837078e-07	4.337889e-13
4.07243320e-07	4.408998e-13
4.07649967e-07	4.481467e-13
4.08057021e-07	4.554784e-13
4.08464481e-07	4.629262e-13
4.08872348e-07	4.704625e-13
4.09280622e-07	4.781516e-13
4.09689304e-07	4.859302e-13
4.10098394e-07	4.938274e-13
4.10507892e-07	5.017856e-13
4.10917800e-07	5.099775e-13
4.11328116e-07	5.177577e-13
4.11738843e-07	5.265939e-13
4.12149979e-07	5.349433e-13
4.12561526e-07	5.437101e-13
4.12973484e-07	5.524985e-13
4.13385854e-07	5.613965e-13
4.13798635e-07	5.703973e-13
4.14211828e-07	5.795141e-13
4.14625434e-07	5.887489e-13
4.15039453e-07	5.982480e-13
4.15453885e-07	6.077811e-13
4.15868731e-07	6.174670e-13
4.16283991e-07	6.273677e-13
4.16699666e-07	6.373212e-13
4.17115756e-07	6.474691e-13
4.17532262e-07	6.577093e-13
4.17949183e-07	6.681545e-13
4.18366521e-07	6.787271e-13
4.18784276e-07	6.893789e-13
4.19202447e-07	7.003115e-13
4.19621036e-07	7.112063e-13
4.20040044e-07	7.225877e-13
4.20459469e-07	7.339364e-13
4.20879314e-07	7.453723e-13
4.21299577e-07	7.571602e-13
4.21720260e-07	7.686654e-13
4.22141364e-07	7.807815e-13
4.22562887e-07	7.931955e-13
4.22984832e-07	8.049750e-13
4.23407198e-07	8.179776e-13
4.23829986e-07	8.306231e-13
4.24253196e-07	8.436335e-13
4.24676828e-07	8.568847e-13
4.25100884e-07	8.701352e-13
4.25525363e-07	8.835351e-13
4.25950266e-07	8.972943e-13
4.26375593e-07	9.111092e-13
4.26801345e-07	9.252304e-13
4.27227522e-07	9.393423e-13
4.27654124e-07	9.538691e-13
4.28081153e-07	9.684693e-13
4.28508608e-07	9.833844e-13
4.28936489e-07	9.982264e-13
4.29364798e-07	1.013347e-12
4.29793535e-07	1.029184e-12
4.30222700e-07	1.044899e-12
4.30652293e-07	1.060744e-12
4.31082315e-07	1.076876e-12
4.31512767e-07	1.093382e-12
4.31943648e-07	1.109938e-12
4.32374960e-07	1.126757e-12
4.32806703e-07	1.143719e-12
4.33238876e-07	1.160793e-12
4.33671481e-07	1.178537e-12
4.34104518e-07	1.196354e-12
4.34537988e-07	1.214146e-12
4.34971890e-07	1.232470e-12
4.35406226e-07	1.251101e-12
4.35840995e-07	1.269502e-12
4.36276198e-07	1.288805e-12
4.36711836e-07	1.307811e-12
4.37147909e-07	1.327489e-12
4.37584417e-07	1.347606e-12
4.38021362e-07	1.367642e-12
4.38458742e-07	1.387829e-12
4.38896560e-07	1.408609e-12
4.39334814e-07	1.429163e-12
4.39773506e-07	1.450455e-12
4.40212636e-07	1.472213e-12
4.40652205e-07	1.493990e-12
4.41092212e-07	1.515889e-12
4.41532659e-07	1.538192e-12
4.41973546e-07	1.560735e-12
4.42414873e-07	1.583819e-12
4.42856641e-07	1.606495e-12
4.43298849e-07	1.629818e-12
4.43741500e-07	1.654444e-12
4.44184592e-07	1.678598e-12
4.44628127e-07	1.703235e-12
4.45072105e-07	1.728048e-12
4.45516526e-07	1.753081e-12
4.45961390e-07	1.768964e-12
4.46406699e-07	1.804640e-12
4.46852453e-07	1.830860e-12
4.47298652e-07	1.857201e-12
4.47745296e-07	1.884466e-12
4.48192386e-07	1.911695e-12
4.48639923e-07	1.936501e-12
4.49087906e-07	1.966809e-12
4.49536337e-07	1.995768e-12
4.49985216e-07	2.024279e-12
4.50434543e-07	2.053340e-12
4.50884319e-07	2.082582e-12
4.51334543e-07	2.112467e-12
4.51785218e-07	2.142493e-12
4.52236342e-07	2.172807e-12
4.52687917e-07	2.204392e-12
4.53139942e-07	2.235701e-12
4.53592419e-07	2.267767e-12
4.54045348e-07	2.299736e-12
4.54498729e-07	2.330326e-12
4.54952563e-07	2.365964e-12
4.55406850e-07	2.399627e-12
4.55861591e-07	2.433259e-12
4.56316785e-07	2.468002e-12
4.56772435e-07	2.503117e-12
4.57228539e-07	2.538106e-12
4.57685098e-07	2.573573e-12
4.58142114e-07	2.609638e-12
4.58599586e-07	2.646314e-12
4.59057514e-07	2.682968e-12
4.59515900e-07	2.721435e-12
4.59974744e-07	2.759527e-12
4.60434046e-07	2.797522e-12
4.60893806e-07	2.836214e-12
4.61354026e-07	2.876879e-12
4.61814705e-07	2.916810e-12
4.62275844e-07	2.957278e-12
4.62737444e-07	2.997961e-12
4.63199504e-07	3.039893e-12
4.63662026e-07	3.081819e-12
4.64125010e-07	3.124101e-12
4.64588456e-07	3.166357e-12
4.65052364e-07	3.210131e-12
4.65516737e-07	3.253075e-12
4.65981572e-07	3.300729e-12
4.66446872e-07	3.344502e-12
4.66912637e-07	3.387958e-12
4.67378866e-07	3.437766e-12
4.67845561e-07	3.482405e-12
4.68312722e-07	3.532909e-12
4.68780350e-07	3.573274e-12
4.69248445e-07	3.630015e-12
4.69717007e-07	3.676577e-12
4.70186036e-07	3.729955e-12
4.70655535e-07	3.778626e-12
4.71125502e-07	3.819877e-12
4.71595938e-07	3.883469e-12
4.72066844e-07	3.936041e-12
4.72538220e-07	3.988410e-12
4.73010067e-07	4.042655e-12
4.73482385e-07	4.097748e-12
4.73955175e-07	4.145098e-12
4.74428437e-07	4.208024e-12
4.74902171e-07	4.262044e-12
4.75376378e-07	4.318231e-12
4.75851059e-07	4.374732e-12
4.76326214e-07	4.438527e-12
4.76801844e-07	4.500025e-12
4.77277948e-07	4.554737e-12
4.77754528e-07	4.613026e-12
4.78231583e-07	4.678731e-12
4.78709115e-07	4.742405e-12
4.79187124e-07	4.804670e-12
4.79665610e-07	4.866610e-12
4.80144574e-07	4.918532e-12
4.80624016e-07	4.999062e-12
4.81103937e-07	5.061503e-12
4.81584337e-07	5.130157e-12
4.82065217e-07	5.195456e-12
4.82546577e-07	5.270951e-12
4.83028417e-07	5.330365e-12
4.83510739e-07	5.373447e-12
4.83993543e-07	5.462777e-12
4.84476828e-07	5.528751e-12
4.84960596e-07	5.612405e-12
4.85444847e-07	5.687987e-12
4.85929582e-07	5.770652e-12
4.86414801e-07	5.842488e-12
4.86900504e-07	5.919402e-12
4.87386692e-07	5.995259e-12
4.87873366e-07	6.029744e-12
4.88360525e-07	6.156208e-12
4.88848171e-07	6.230789e-12
4.89336304e-07	6.308810e-12
4.89824925e-07	6.340212e-12
4.90314033e-07	6.477449e-12
4.90803630e-07	6.553188e-12
4.91293716e-07	6.647346e-12
4.91784291e-07	6.734109e-12
4.92275355e-07	6.818514e-12
4.92766911e-07	6.901096e-12
4.93258957e-07	7.001457e-12
4.93751494e-07	7.088312e-12
4.94244523e-07	7.159778e-12
4.94738045e-07	7.263743e-12
4.95232059e-07	7.358594e-12
4.95726566e-07	7.455380e-12
4.96221568e-07	7.546021e-12
4.96717063e-07	7.639212e-12
4.97213054e-07	7.727548e-12
4.97709539e-07	7.831526e-12
4.98206521e-07	7.939763e-12
4.98703999e-07	8.034770e-12
4.99201973e-07	8.130114e-12
4.99700445e-07	8.236201e-12
5.00199414e-07	8.352640e-12
5.00698882e-07	8.464153e-12
5.01198848e-07	8.555597e-12
5.01699314e-07	8.664600e-12
5.02200279e-07	8.764810e-12
5.02701745e-07	8.892933e-12
5.03203711e-07	8.980700e-12
5.03706178e-07	9.101359e-12
5.04209148e-07	9.232558e-12
5.04712619e-07	9.333268e-12
5.05216594e-07	9.461529e-12
5.05721071e-07	9.558551e-12
5.06226052e-07	9.699471e-12
5.06731538e-07	9.792632e-12
5.07237528e-07	9.924252e-12
5.07744023e-07	1.006285e-11
5.08251025e-07	1.016540e-11
5.08758532e-07	1.027616e-11
5.09266546e-07	1.043946e-11
5.09775068e-07	1.057036e-11
5.10284097e-07	1.068334e-11
5.10793635e-07	1.072391e-11
5.11303681e-07	1.093215e-11
5.11814237e-07	1.106208e-11
5.12325302e-07	1.111100e-11
5.12836878e-07	1.132676e-11
5.13348965e-07	1.144916e-11
5.13861563e-07	1.162504e-11
5.14374672e-07	1.173413e-11
5.14888295e-07	1.194162e-11
5.15402430e-07	1.207951e-11
5.15917078e-07	1.222912e-11
5.16432240e-07	1.236127e-11
5.16947917e-07	1.250451e-11
5.17464109e-07	1.266100e-11
5.17980816e-07	1.282026e-11
5.18498039e-07	1.300208e-11
5.19015778e-07	1.314643e-11
5.19534035e-07	1.332572e-11
5.20052809e-07	1.348534e-11
5.20572101e-07	1.361611e-11
5.21091911e-07	1.380051e-11
5.21612241e-07	1.395985e-11
5.22133090e-07	1.415693e-11
5.22654459e-07	1.430252e-11
5.23176349e-07	1.446476e-11
5.23698760e-07	1.465485e-11
5.24221693e-07	1.472782e-11
5.24745148e-07	1.498007e-11
5.25269125e-07	1.518529e-11
5.25793626e-07	1.537675e-11
5.26318650e-07	1.556434e-11
5.26844199e-07	1.569407e-11
5.27370272e-07	1.591178e-11
5.27896871e-07	1.595727e-11
5.28423996e-07	1.631863e-11
5.28951647e-07	1.649703e-11
5.29479824e-07	1.666165e-11
5.30008530e-07	1.690221e-11
5.30537763e-07	1.709591e-11
5.31067524e-07	1.726915e-11
5.31597815e-07	1.749407e-11
5.32128635e-07	1.770989e-11
5.32659985e-07	1.786835e-11
5.33191866e-07	1.809215e-11
5.33724278e-07	1.832160e-11
5.34257221e-07	1.851688e-11
5.34790697e-07	1.874499e-11
5.35324705e-07	1.897903e-11
5.35859247e-07	1.916568e-11
5.36394322e-07	1.930010e-11
5.36929932e-07	1.966102e-11
5.37466076e-07	1.986854e-11
5.38002756e-07	2.013037e-11
5.38539972e-07	2.031934e-11
5.39077724e-07	2.044824e-11
5.39616013e-07	2.054979e-11
5.40154839e-07	2.088422e-11
5.40694204e-07	2.120340e-11
5.41234107e-07	2.151304e-11
5.41774550e-07	2.165539e-11
5.42315532e-07	2.176316e-11
5.42857054e-07	2.210585e-11
5.43399117e-07	2.214956e-11
5.43941721e-07	2.230146e-11
5.44484867e-07	2.299246e-11
5.45028555e-07	2.321488e-11
5.45572786e-07	2.356240e-11
5.46117561e-07	2.369758e-11
5.46662879e-07	2.381333e-11
5.47208743e-07	2.425439e-11
5.47755151e-07	2.460234e-11
5.48302105e-07	2.478139e-11
5.48849605e-07	2.518342e-11
5.49397651e-07	2.545190e-11
5.49946245e-07	2.581293e-11
5.50495387e-07	2.594545e-11
5.51045077e-07	2.640760e-11
5.51595316e-07	2.639700e-11
5.52146104e-07	2.702005e-11
5.52697443e-07	2.699079e-11
5.53249331e-07	2.753478e-11
5.53801771e-07	2.741616e-11
5.54354763e-07	2.807926e-11
5.54908307e-07	2.856730e-11
5.55462403e-07	2.876016e-11
5.56017053e-07	2.909914e-11
5.56572257e-07	2.912444e-11
5.57128015e-07	2.960580e-11
5.57684328e-07	2.988913e-11
5.58241196e-07	3.049718e-11
5.58798621e-07	3.087613e-11
5.59356602e-07	3.115641e-11
5.59915140e-07	3.150517e-11
5.60474236e-07	3.173900e-11
5.61033890e-07	3.216468e-11
5.61594104e-07	3.240756e-11
5.62154876e-07	3.299079e-11
5.62716209e-07	3.321470e-11
5.63278102e-07	3.365584e-11
5.63840556e-07	3.381347e-11
5.64403571e-07	3.434553e-11
5.64967149e-07	3.480410e-11
5.65531290e-07	3.503774e-11
5.66095994e-07	3.524458e-11
5.66661262e-07	3.585478e-11
5.67227094e-07	3.617449e-11
5.67793491e-07	3.629699e-11
5.68360454e-07	3.535944e-11
5.68927983e-07	3.704848e-11
5.69496079e-07	3.754536e-11
5.70064741e-07	3.792984e-11
5.70633972e-07	3.809606e-11
5.71203771e-07	3.838339e-11
5.71774140e-07	3.849085e-11
5.72345077e-07	3.920665e-11
5.72916585e-07	4.024935e-11
5.73488663e-07	4.077435e-11
5.74061313e-07	4.093667e-11
5.74634535e-07	4.116517e-11
5.75208328e-07	4.155872e-11
5.75782695e-07	4.235273e-11
5.76357636e-07	4.258614e-11
5.76933150e-07	4.329803e-11
5.77509239e-07	4.365199e-11
5.78085904e-07	4.332255e-11
5.78663144e-07	4.421914e-11
5.79240960e-07	4.417938e-11
5.79819354e-07	4.541354e-11
5.80398325e-07	4.507291e-11
5.80977874e-07	4.611136e-11
5.81558002e-07	4.553054e-11
5.82138709e-07	4.762516e-11
5.82719997e-07	4.765862e-11
5.83301864e-07	4.827375e-11
5.83884313e-07	4.763814e-11
5.84467343e-07	4.853296e-11
5.85050955e-07	4.932839e-11
5.85635150e-07	5.025402e-11
5.86219928e-07	4.977464e-11
5.86805291e-07	4.865740e-11
5.87391238e-07	5.151765e-11
5.87977770e-07	5.168542e-11
5.88564887e-07	5.220218e-11
5.89152591e-07	4.798631e-11
5.89740882e-07	5.199578e-11
5.90329760e-07	5.114519e-11
5.90919226e-07	5.408219e-11
5.91509281e-07	5.489431e-11
5.92099925e-07	5.293647e-11
5.92691158e-07	5.551333e-11
5.93282982e-07	5.577642e-11
5.93875397e-07	5.628476e-11
5.94468404e-07	5.678446e-11
5.95062003e-07	5.706122e-11
5.95656194e-07	5.883466e-11
5.96250979e-07	5.897224e-11
5.96846358e-07	5.659513e-11
5.97442331e-07	5.977921e-11
5.98038899e-07	5.988102e-11
5.98636063e-07	6.193599e-11
5.99233823e-07	6.096661e-11
5.99832181e-07	6.295060e-11
6.00431135e-07	5.756747e-11
6.01030688e-07	6.365211e-11
6.01630839e-07	6.368732e-11
6.02231590e-07	6.372760e-11
6.02832941e-07	6.608297e-11
6.03434892e-07	6.701567e-11
6.04037444e-07	6.556664e-11
6.04640598e-07	6.439792e-11
6.05244354e-07	6.746570e-11
6.05848713e-07	6.795630e-11
6.06453675e-07	6.868518e-11
6.07059241e-07	7.076947e-11
6.07665413e-07	7.120051e-11
6.08272189e-07	7.279918e-11
6.08879571e-07	7.409271e-11
6.09487560e-07	7.458998e-11
6.10096156e-07	7.557565e-11
6.10705360e-07	7.455171e-11
6.11315172e-07	7.710306e-11
6.11925592e-07	7.748947e-11
6.12536623e-07	7.708919e-11
6.13148263e-07	7.984661e-11
6.13760515e-07	7.954186e-11
6.14373377e-07	7.815700e-11
6.14986852e-07	8.137788e-11
6.15600939e-07	8.281382e-11
6.16215639e-07	8.246675e-11
6.16830953e-07	8.107433e-11
6.17446882e-07	8.471816e-11
6.18063426e-07	8.551440e-11
6.18680585e-07	8.722693e-11
6.19298360e-07	8.650883e-11
6.19916753e-07	8.657088e-11
6.20535763e-07	8.911439e-11
6.21155390e-07	8.827589e-11
6.21775637e-07	9.203982e-11
6.22396503e-07	9.166338e-11
6.23017989e-07	9.332296e-11
6.23640096e-07	9.190082e-11
6.24262823e-07	9.369904e-11
6.24886173e-07	9.490026e-11
6.25510145e-07	9.641870e-11
6.26134740e-07	9.404847e-11
6.26759959e-07	9.501935e-11
6.27385802e-07	9.707821e-11
6.28012270e-07	9.604293e-11
6.28639363e-07	9.757886e-11
6.29267083e-07	1.025265e-10
6.29895429e-07	1.014942e-10
6.30524403e-07	1.005163e-10
6.31154005e-07	1.015423e-10
6.31784236e-07	1.031575e-10
6.32415096e-07	1.015075e-10
6.33046586e-07	1.004834e-10
6.33678706e-07	1.085676e-10
6.34311458e-07	1.091653e-10
6.34944842e-07	1.088550e-10
6.35578858e-07	1.110624e-10
6.36213507e-07	1.128425e-10
6.36848789e-07	1.132189e-10
6.37484706e-07	1.101848e-10
6.38121259e-07	1.127378e-10
6.38758446e-07	1.126408e-10
6.39396270e-07	1.168738e-10
6.40034731e-07	1.176298e-10
6.40673830e-07	1.173504e-10
6.41313566e-07	1.179074e-10
6.41953941e-07	1.196482e-10
6.42594956e-07	1.218067e-10
6.43236611e-07	1.189084e-10
6.43878907e-07	1.204494e-10
6.44521844e-07	1.163221e-10
6.45165423e-07	1.235668e-10
6.45809644e-07	1.247278e-10
6.46454509e-07	1.238974e-10
6.47100018e-07	1.202746e-10
6.47746171e-07	1.207011e-10
6.48392970e-07	1.251584e-10
6.49040414e-07	1.318244e-10
6.49688505e-07	1.287104e-10
6.50337243e-07	1.337939e-10
6.50986629e-07	1.331276e-10
6.51636663e-07	1.239960e-10
6.52287347e-07	1.291784e-10
6.52938680e-07	1.289725e-10
6.53590663e-07	1.342472e-10
6.54243298e-07	1.355029e-10
6.54896584e-07	1.401374e-10
6.55550522e-07	1.387387e-10
6.56205114e-07	1.325250e-10
6.56860359e-07	1.362501e-10
6.57516258e-07	1.305091e-10
6.58172813e-07	1.425108e-10
6.58830023e-07	9.977267e-11
6.59487889e-07	1.318746e-10
6.60146412e-07	1.452939e-10
6.60805592e-07	1.528045e-10
6.61465431e-07	1.489016e-10
6.62125929e-07	1.531210e-10
6.62787086e-07	9.837127e-11
6.63448904e-07	1.282620e-10
6.64111382e-07	1.563420e-10
6.64774522e-07	1.432832e-10
6.65438324e-07	1.548910e-10
6.66102789e-07	1.579959e-10
6.66767917e-07	1.525812e-10
6.67433710e-07	1.509758e-10
6.68100167e-07	1.602528e-10
6.68767290e-07	1.634728e-10
6.69435079e-07	1.649895e-10
6.70103534e-07	1.681949e-10
6.70772657e-07	1.572418e-10
6.71442449e-07	1.721756e-10
6.72112909e-07	1.666576e-10
6.72784039e-07	1.753382e-10
6.73455838e-07	1.761635e-10
6.74128309e-07	1.615413e-10
6.74801451e-07	1.600182e-10
6.75475265e-07	1.733296e-10
6.76149752e-07	1.829727e-10
6.76824913e-07	1.649961e-10
6.77500748e-07	1.806360e-10
6.78177257e-07	1.835357e-10
6.78854443e-07	1.821283e-10
6.79532304e-07	1.810425e-10
6.80210842e-07	1.873805e-10
6.80890058e-07	1.890247e-10
6.81569952e-07	1.819361e-10
6.82250525e-07	1.859614e-10
6.82931777e-07	1.972224e-10
6.83613710e-07	1.948887e-10
6.84296323e-07	1.973368e-10
6.84979619e-07	2.015746e-10
6.85663596e-07	1.935155e-10
6.86348257e-07	2.028391e-10
6.87033601e-07	2.029986e-10
6.87719629e-07	1.459851e-10
6.88406343e-07	1.910265e-10
6.89093742e-07	2.026359e-10
6.89781828e-07	2.011816e-10
6.90470600e-07	1.987010e-10
6.91160061e-07	1.878641e-10
6.91850210e-07	1.843495e-10
6.92541048e-07	1.473119e-10
6.93232576e-07	1.841757e-10
6.93924794e-07	1.965726e-10
6.94617704e-07	1.918997e-10
6.95311305e-07	1.972286e-10
6.96005599e-07	2.013071e-10
6.96700587e-07	1.991378e-10
6.97396268e-07	2.016449e-10
6.98092644e-07	2.075580e-10
6.98789716e-07	2.145444e-10
6.99487483e-07	2.185332e-10
7.00185947e-07	2.014955e-10
7.00885109e-07	2.016957e-10
7.01584968e-07	2.204838e-10
7.02285527e-07	2.146314e-10
7.02986785e-07	2.013573e-10
7.03688744e-07	2.148905e-10
7.04391403e-07	2.115626e-10
7.05094764e-07	2.084558e-10
7.05798827e-07	2.346605e-10
7.06503593e-07	2.312973e-10
7.07209063e-07	1.966512e-10
7.07915238e-07	2.277146e-10
7.08622117e-07	2.230413e-10
7.09329703e-07	1.882679e-10
7.10037995e-07	2.246772e-10
7.10746994e-07	2.066938e-10
7.11456701e-07	2.339968e-10
7.12167117e-07	1.984177e-10
7.12878242e-07	2.221967e-10
7.13590078e-07	2.235625e-10
7.14302624e-07	2.016198e-10
7.15015881e-07	2.213662e-10
7.15729851e-07	1.996892e-10
7.16444534e-07	1.982652e-10
7.17159931e-07	2.156189e-10
7.17876041e-07	2.049439e-10
7.18592867e-07	2.088722e-10
7.19310409e-07	2.052085e-10
7.20028667e-07	2.103133e-10
7.20747642e-07	1.993082e-10
7.21467335e-07	1.752572e-10
7.22187747e-07	2.137600e-10
7.22908878e-07	2.156667e-10
7.23630730e-07	1.649278e-10
7.24353302e-07	1.941229e-10
7.25076595e-07	2.154709e-10
7.25800611e-07	2.034836e-10
7.26525350e-07	2.005497e-10
7.27250813e-07	2.177727e-10
7.27976999e-07	2.336151e-10
7.28703911e-07	2.199920e-10
7.29431549e-07	2.115336e-10
7.30159914e-07	1.982317e-10
7.30889005e-07	1.942618e-10
7.31618825e-07	2.386730e-10
7.32349374e-07	1.990354e-10
7.33080652e-07	2.299404e-10
7.33812660e-07	2.318486e-10
7.34545399e-07	2.388212e-10
7.35278870e-07	2.362281e-10
7.36013073e-07	2.296058e-10
7.36748009e-07	1.784129e-10
7.37483680e-07	2.358323e-10
7.38220084e-07	2.242919e-10
7.38957224e-07	2.447474e-10
7.39695101e-07	2.684822e-10
7.40433714e-07	2.252153e-10
7.41173064e-07	2.321249e-10
7.41913153e-07	1.852250e-10
7.42653981e-07	2.492153e-10
7.43395548e-07	2.623893e-10
7.44137856e-07	8.779858e-11
7.44880905e-07	2.577021e-10
7.45624697e-07	1.607553e-10
7.46369230e-07	2.399708e-10
7.47114508e-07	2.207325e-10
7.47860529e-07	2.703724e-10
7.48607296e-07	2.480213e-10
7.49354808e-07	2.751403e-10
7.50103066e-07	2.713635e-10
7.50852072e-07	2.218620e-10
7.51601826e-07	2.397625e-10
7.52352328e-07	2.542398e-10
7.53103580e-07	2.383231e-10
7.53855582e-07	2.613667e-10
7.54608334e-07	2.743076e-10
7.55361839e-07	2.758545e-10
7.56116095e-07	2.684044e-10
7.56871105e-07	2.590219e-10
7.57626869e-07	2.757265e-10
7.58383388e-07	2.847096e-10
7.59140662e-07	2.570745e-10
7.59898692e-07	2.803577e-10
7.60657479e-07	2.712391e-10
7.61417023e-07	2.999990e-10
7.62177326e-07	3.091869e-10
7.62938389e-07	3.185707e-10
7.63700211e-07	3.239211e-10
7.64462794e-07	3.189018e-10
7.65226138e-07	2.851403e-10
7.65990245e-07	3.198662e-10
7.66755115e-07	3.243632e-10
7.67520748e-07	3.071940e-10
7.68287146e-07	3.352458e-10
7.69054309e-07	3.183713e-10
7.69822238e-07	2.988279e-10
7.70590934e-07	2.882795e-10
7.71360398e-07	3.192701e-10
7.72130630e-07	3.001637e-10
7.72901631e-07	3.547896e-10
7.73673402e-07	3.289737e-10
7.74445944e-07	3.407798e-10
7.75219257e-07	3.440935e-10
7.75993342e-07	3.541477e-10
7.76768200e-07	3.478399e-10
7.77543832e-07	3.268606e-10
7.78320238e-07	3.530864e-10
7.79097420e-07	3.151483e-10
7.79875377e-07	3.589006e-10
7.80654112e-07	3.730806e-10
7.81433624e-07	3.646420e-10
7.82213914e-07	3.731563e-10
7.82994984e-07	3.788142e-10
7.83776833e-07	3.387842e-10
7.84559463e-07	3.562180e-10
7.85342875e-07	3.690961e-10
7.86127069e-07	3.799363e-10
7.86912046e-07	3.343433e-10
7.87697807e-07	3.841878e-10
7.88484352e-07	3.694968e-10
7.89271683e-07	3.688319e-10
7.90059800e-07	3.699050e-10
7.90848704e-07	3.963864e-10
7.91638396e-07	3.988587e-10
7.92428876e-07	4.043985e-10
7.93220146e-07	4.041682e-10
7.94012205e-07	4.047371e-10
7.94805056e-07	4.050959e-10
7.95598698e-07	4.128962e-10
7.96393133e-07	3.934037e-10
7.97188361e-07	4.304526e-10
7.97984383e-07	4.029067e-10
7.98781200e-07	4.146977e-10
7.99578813e-07	4.239411e-10
8.00377222e-07	4.011442e-10
8.01176428e-07	4.212202e-10
8.01976433e-07	4.258813e-10
8.02777236e-07	4.282989e-10
8.03578839e-07	3.584600e-10
8.04381242e-07	3.970700e-10
8.05184446e-07	4.233962e-10
8.05988453e-07	3.905896e-10
8.06793262e-07	2.985173e-10
8.07598875e-07	2.692539e-10
8.08405293e-07	3.806675e-10
8.09212515e-07	3.375743e-10
8.10020544e-07	3.522652e-10
8.10829379e-07	3.207871e-10
8.11639023e-07	3.174707e-10
8.12449474e-07	2.693052e-10
8.13260735e-07	2.912989e-10
8.14072806e-07	3.744085e-10
8.14885688e-07	2.519509e-10
8.15699382e-07	2.693488e-10
8.16513888e-07	3.935106e-10
8.17329207e-07	3.939904e-10
8.18145341e-07	4.004950e-10
8.18962289e-07	3.779350e-10
8.19780053e-07	3.631639e-10
8.20598634e-07	3.607448e-10
8.21418032e-07	4.071491e-10
8.22238248e-07	4.221132e-10
8.23059284e-07	7.307316e-11
8.23881139e-07	3.855076e-10
8.24703815e-07	3.273533e-10
8.25527312e-07	4.118099e-10
8.26351632e-07	3.737959e-10
8.27176774e-07	4.188001e-10
8.28002741e-07	4.786037e-10
8.28829533e-07	3.317239e-10
8.29657150e-07	2.956600e-10
8.30485593e-07	4.470442e-10
8.31314864e-07	3.865368e-10
8.32144962e-07	4.907141e-10
8.32975890e-07	4.829191e-10
8.33807647e-07	4.471429e-10
8.34640235e-07	3.069173e-10
8.35473654e-07	2.201387e-10
8.36307906e-07	3.747526e-10
8.37142990e-07	4.002211e-10
8.37978908e-07	4.314906e-10
8.38815661e-07	3.377157e-10
8.39653250e-07	4.477948e-10
8.40491675e-07	3.695810e-10
8.41330937e-07	4.009358e-10
8.42171037e-07	4.234699e-10
8.43011976e-07	4.134837e-10
8.43853755e-07	4.288703e-10
8.44696374e-07	4.817710e-10
8.45539834e-07	4.416300e-10
8.46384137e-07	2.645038e-10
8.47229283e-07	4.432435e-10
8.48075273e-07	4.365711e-10
8.48922108e-07	4.858621e-10
8.49769788e-07	4.846775e-10
8.50618314e-07	4.522895e-10
8.51467688e-07	4.712440e-10
8.52317910e-07	4.632686e-10
8.53168981e-07	4.999641e-10
8.54020902e-07	5.119914e-10
8.54873674e-07	4.502832e-10
8.55727297e-07	3.680676e-10
8.56581772e-07	4.143114e-10
8.57437101e-07	4.658162e-10
8.58293284e-07	4.646269e-10
8.59150321e-07	5.256754e-10
8.60008215e-07	4.375716e-10
8.60866965e-07	5.335205e-10
8.61726572e-07	5.243959e-10
8.62587038e-07	5.317972e-10
8.63448363e-07	5.286472e-10
8.64310548e-07	5.363751e-10
8.65173595e-07	5.362411e-10
8.66037502e-07	5.225613e-10
8.66902273e-07	5.899698e-10
8.67767907e-07	5.168714e-10
8.68634405e-07	6.245429e-10
8.69501769e-07	5.140790e-10
8.70369999e-07	5.241821e-10
8.71239096e-07	3.969647e-10
8.72109060e-07	6.092158e-10
8.72979893e-07	5.979374e-10
8.73851596e-07	6.384881e-10
8.74724169e-07	6.142014e-10
8.75597614e-07	5.610518e-10
8.76471930e-07	6.119407e-10
8.77347120e-07	6.741198e-10
8.78223184e-07	5.583756e-10
8.79100122e-07	6.487437e-10
8.79977936e-07	6.619545e-10
8.80856627e-07	6.060662e-10
8.81736195e-07	6.238569e-10
8.82616641e-07	6.553134e-10
8.83497966e-07	6.005242e-10
8.84380172e-07	6.321101e-10
8.85263258e-07	6.843387e-10
8.86147226e-07	6.127254e-10
8.87032077e-07	5.930157e-10
8.87917812e-07	6.539183e-10
8.88804430e-07	6.225499e-10
8.89691935e-07	6.453453e-10
8.90580325e-07	6.796164e-10
8.91469602e-07	5.288961e-10
8.92359768e-07	5.443215e-10
8.93250822e-07	5.566340e-10
8.94142766e-07	6.594452e-10
8.95035601e-07	5.908474e-10
8.95929327e-07	5.838536e-10
8.96823946e-07	5.449603e-10
8.97719458e-07	2.910150e-10
8.98615864e-07	6.337253e-10
8.99513165e-07	6.537625e-10
9.00411362e-07	6.848079e-10
9.01310456e-07	6.481366e-10
9.02210448e-07	6.589910e-10
9.03111339e-07	5.795507e-10
9.04013129e-07	5.689454e-10
9.04915820e-07	6.303177e-10
9.05819412e-07	5.842255e-10
9.06723906e-07	6.927186e-10
9.07629303e-07	5.534210e-10
9.08535605e-07	7.306895e-10
9.09442811e-07	5.487377e-10
9.10350924e-07	6.637265e-10
9.11259943e-07	7.265861e-10
9.12169869e-07	6.698162e-10
9.13080705e-07	4.115711e-10
9.13992450e-07	7.148697e-10
9.14905105e-07	7.356211e-10
9.15818672e-07	1.387673e-10
9.16733151e-07	4.805854e-10
9.17648543e-07	3.278250e-10
9.18564849e-07	6.338121e-10
9.19482070e-07	4.918529e-10
9.20400207e-07	4.916301e-10
9.21319260e-07	5.055742e-10
9.22239232e-07	5.032468e-10
9.23160122e-07	2.937238e-10
9.24081931e-07	3.763365e-10
9.25004661e-07	7.087771e-10
9.25928313e-07	1.199067e-10
9.26852887e-07	5.368033e-10
9.27778384e-07	3.494540e-10
9.28704805e-07	1.040863e-10
9.29632151e-07	3.207760e-10
9.30560423e-07	5.751082e-10
9.31489622e-07	6.136351e-10
9.32419749e-07	1.356506e-10
9.33350805e-07	1.526765e-10
9.34282790e-07	3.179533e-10
9.35215706e-07	4.434212e-10
9.36149554e-07	4.372759e-10
9.37084334e-07	5.571156e-10
9.38020047e-07	5.748623e-11
9.38956695e-07	2.023416e-10
9.39894278e-07	3.808884e-10
9.40832797e-07	6.128354e-10
9.41772253e-07	1.107030e-10
9.42712648e-07	3.028589e-10
9.43653981e-07	1.909530e-10
9.44596255e-07	2.424011e-10
9.45539469e-07	4.631983e-10
9.46483625e-07	5.208909e-10
9.47428724e-07	2.712715e-10
9.48374767e-07	4.144432e-10
9.49321755e-07	3.871946e-10
9.50269687e-07	4.157497e-10
9.51218567e-07	5.297090e-10
9.52168394e-07	3.683301e-10
9.53119169e-07	3.378551e-10
9.54070894e-07	6.113239e-10
9.55023569e-07	5.503590e-10
9.55977196e-07	3.288107e-10
9.56931774e-07	1.702475e-10
9.57887306e-07	5.430862e-10
9.58843792e-07	5.162557e-10
9.59801233e-07	3.360038e-10
9.60759630e-07	2.153008e-10
9.61718984e-07	4.683949e-10
9.62679296e-07	1.979403e-10
9.63640567e-07	1.501341e-10
9.64602798e-07	5.262688e-10
9.65565990e-07	4.232717e-10
9.66530143e-07	5.596372e-10
9.67495259e-07	4.367396e-10
9.68461339e-07	2.534661e-10
9.69428384e-07	3.197475e-10
9.70396394e-07	6.471760e-10
9.71365371e-07	5.870379e-10
9.72335315e-07	5.120114e-10
9.73306228e-07	4.056868e-10
9.74278110e-07	1.735144e-10
9.75250963e-07	2.620003e-10
9.76224787e-07	5.674879e-10
9.77199584e-07	4.642260e-10
9.78175354e-07	4.441634e-10
9.79152098e-07	4.168532e-10
9.80129818e-07	6.177532e-10
9.81108514e-07	5.136468e-10
9.82088187e-07	5.112759e-10
9.83068838e-07	5.146364e-10
9.84050469e-07	4.533615e-10
9.85033080e-07	3.841792e-10
9.86016672e-07	4.378710e-10
9.87001246e-07	5.609458e-10
9.87986804e-07	4.165113e-10
9.88973345e-07	5.315830e-10
9.89960871e-07	5.059365e-10
9.90949384e-07	5.437052e-10
9.91938884e-07	5.137955e-10
9.92929371e-07	5.482729e-10
9.93920848e-07	6.876920e-10
9.94913315e-07	5.684970e-10
9.95906773e-07	5.247191e-10
9.96901223e-07	5.133849e-10
9.97896665e-07	6.723379e-10
9.98893102e-07	6.949313e-10
9.99890534e-07	6.658909e-10
1.00088896e-06	4.336443e-10
1.00188839e-06	4.457661e-10
1.00288881e-06	6.087539e-10
1.00389023e-06	7.119853e-10
1.00489265e-06	6.024837e-10
1.00589607e-06	5.857586e-10
1.00690050e-06	7.270526e-10
1.00790593e-06	6.679696e-10
1.00891236e-06	7.489406e-10
1.00991979e-06	7.367618e-10
1.01092824e-06	5.275848e-10
1.01193769e-06	7.345599e-10
1.01294814e-06	6.379499e-10
1.01395961e-06	7.123896e-10
1.01497209e-06	7.523827e-10
1.01598557e-06	7.815691e-10
1.01700007e-06	7.138748e-10
1.01801558e-06	7.117593e-10
1.01903211e-06	8.209585e-10
1.02004965e-06	5.506503e-10
1.02106821e-06	8.050952e-10
1.02208778e-06	8.067891e-10
1.02310838e-06	6.877228e-10
1.02412999e-06	7.487746e-10
1.02515262e-06	7.982685e-10
1.02617627e-06	7.078723e-10
1.02720095e-06	8.168367e-10
1.02822665e-06	7.649828e-10
1.02925337e-06	7.670287e-10
1.03028112e-06	7.746269e-10
1.03130989e-06	8.498383e-10
1.03233969e-06	8.018608e-10
1.03337052e-06	8.513384e-10
1.03440238e-06	9.152526e-10
1.03543527e-06	8.751448e-10
1.03646919e-06	9.219526e-10
1.03750414e-06	8.019099e-10
1.03854013e-06	8.570281e-10
1.03957715e-06	9.100184e-10
1.04061521e-06	9.228608e-10
1.04165430e-06	8.361122e-10
1.04269443e-06	8.374381e-10
1.04373560e-06	8.876357e-10
1.04477781e-06	8.660530e-10
1.04582106e-06	9.360862e-10
1.04686535e-06	7.705802e-10
1.04791068e-06	8.231046e-10
1.04895706e-06	9.025783e-10
1.05000448e-06	8.748542e-10
1.05105295e-06	8.414320e-10
1.05210246e-06	8.364069e-10
1.05315303e-06	1.002938e-09
1.05420464e-06	1.000375e-09
1.05525730e-06	1.048809e-09
1.05631102e-06	9.840246e-10
1.05736578e-06	1.028810e-09
1.05842160e-06	1.047784e-09
1.05947847e-06	9.467073e-10
1.06053640e-06	9.066621e-10
1.06159539e-06	1.004953e-09
1.06265543e-06	1.029714e-09
1.06371653e-06	9.917143e-10
1.06477869e-06	1.081281e-09
1.06584191e-06	1.003701e-09
1.06690619e-06	9.956523e-10
1.06797154e-06	1.029201e-09
1.06903795e-06	9.142874e-10
1.07010542e-06	1.075886e-09
1.07117396e-06	9.560874e-10
1.07224357e-06	1.117957e-09
1.07331424e-06	1.088116e-09
1.07438599e-06	1.169200e-09
1.07545880e-06	1.122184e-09
1.07653269e-06	9.942348e-10
1.07760765e-06	1.033887e-09
1.07868368e-06	6.856286e-10
1.07976078e-06	1.021628e-09
1.08083896e-06	1.107456e-09
1.08191822e-06	1.092315e-09
1.08299856e-06	1.130531e-09
1.08407997e-06	1.126526e-09
1.08516247e-06	1.056170e-09
1.08624604e-06	9.358880e-10
1.08733070e-06	9.563051e-10
1.08841644e-06	1.022743e-09
1.08950326e-06	8.697074e-10
1.09059117e-06	9.846466e-10
1.09168017e-06	4.774530e-10
1.09277025e-06	4.898734e-10
1.09386142e-06	5.131918e-10
1.09495368e-06	5.184055e-10
1.09604703e-06	3.208129e-10
1.09714148e-06	5.741719e-10
1.09823701e-06	8.327224e-10
1.09933364e-06	8.225854e-10
1.10043137e-06	5.101128e-10
1.10153019e-06	5.808795e-10
1.10263011e-06	6.224194e-10
1.10373113e-06	9.871725e-10
1.10483324e-06	7.165866e-10
1.10593646e-06	5.010870e-10
1.10704078e-06	7.654838e-10
1.10814620e-06	6.933478e-10
1.10925273e-06	6.474140e-10
1.11036036e-06	2.053721e-10
1.11146909e-06	7.002434e-10
1.11257893e-06	7.418229e-10
1.11368989e-06	7.221222e-10
1.11480195e-06	2.517156e-10
1.11591512e-06	8.030263e-10
1.11702940e-06	4.097832e-10
1.11814480e-06	7.847174e-10
1.11926130e-06	2.998647e-10
1.12037893e-06	1.307266e-10
1.12149767e-06	8.163532e-10
1.12261752e-06	8.371025e-10
1.12373850e-06	7.612166e-10
1.12486059e-06	7.483929e-10
1.12598381e-06	7.528192e-10
1.12710815e-06	8.271563e-10
1.12823361e-06	2.939765e-10
1.12936019e-06	2.198188e-10
1.13048790e-06	7.327208e-10
1.13161673e-06	5.177182e-10
1.13274669e-06	9.119173e-10
1.13387778e-06	8.574002e-10
1.13501000e-06	5.993397e-10
1.13614335e-06	6.616122e-10
1.13727783e-06	7.077411e-10
1.13841345e-06	9.308336e-10
1.13955019e-06	9.118050e-10
1.14068808e-06	8.141743e-10
1.14182710e-06	5.666711e-10
1.14296725e-06	6.579340e-10
1.14410855e-06	2.788317e-10
1.14525098e-06	7.249411e-10
1.14639456e-06	4.288319e-10
1.14753928e-06	6.419149e-10
1.14868514e-06	4.609220e-10
1.14983214e-06	3.060001e-10
1.15098029e-06	5.315983e-10
1.15212959e-06	9.050928e-10
1.15328003e-06	3.415171e-10
1.15443162e-06	4.588484e-10
1.15558437e-06	5.529290e-10
1.15673826e-06	8.432136e-10
1.15789331e-06	5.783444e-10
1.15904951e-06	7.799841e-10
1.16020686e-06	6.899519e-10
1.16136537e-06	7.047072e-10
1.16252504e-06	1.563923e-10
1.16368586e-06	1.678592e-10
1.16484784e-06	5.478214e-10
1.16601099e-06	7.699849e-10
1.16717529e-06	5.838716e-10
1.16834076e-06	1.912945e-10
1.16950739e-06	2.268881e-10
1.17067519e-06	5.029858e-10
1.17184415e-06	8.718533e-10
1.17301428e-06	7.275657e-10
1.17418558e-06	6.748891e-10
1.17535805e-06	8.120949e-10
1.17653168e-06	5.898346e-10
1.17770650e-06	5.738583e-10
1.17888248e-06	4.701853e-10
1.18005964e-06	4.373234e-10
1.18123797e-06	6.922516e-10
1.18241748e-06	1.856866e-10
1.18359817e-06	5.354506e-10
1.18478003e-06	6.367092e-10
1.18596308e-06	2.964688e-10
1.18714731e-06	1.035646e-09
1.18833272e-06	8.481167e-10
1.18951931e-06	4.901290e-10
1.19070709e-06	5.574895e-10
1.19189606e-06	7.571211e-10
1.19308621e-06	9.940071e-10
1.19427755e-06	8.297481e-10
1.19547008e-06	1.019929e-09
1.19666380e-06	9.348129e-10
1.19785872e-06	9.206280e-10
1.19905482e-06	5.949504e-10
1.20025212e-06	1.057991e-09
1.20145062e-06	9.629234e-10
1.20265031e-06	9.104514e-10
1.20385120e-06	1.180302e-09
1.20505329e-06	8.408913e-10
1.20625658e-06	8.168946e-10
1.20746108e-06	1.027870e-09
1.20866677e-06	1.058959e-09
1.20987367e-06	5.323342e-10
1.21108177e-06	9.868763e-10
1.21229108e-06	8.081394e-10
1.21350160e-06	1.000951e-09
1.21471333e-06	1.093591e-09
1.21592626e-06	7.792916e-10
1.21714041e-06	1.020676e-09
1.21835577e-06	1.158172e-09
1.21957234e-06	1.295215e-09
1.22079013e-06	8.519619e-10
1.22200914e-06	1.139848e-09
1.22322936e-06	9.700064e-10
1.22445080e-06	1.191435e-09
1.22567346e-06	1.053446e-09
1.22689734e-06	1.024729e-09
1.22812244e-06	1.128971e-09
1.22934876e-06	9.852600e-10
1.23057631e-06	9.371459e-10
1.23180509e-06	8.542186e-10
1.23303509e-06	1.170268e-09
1.23426633e-06	1.024833e-09
1.23549879e-06	1.034139e-09
1.23673248e-06	9.352559e-10
1.23796740e-06	1.123525e-09
1.23920356e-06	1.230046e-09
1.24044095e-06	1.090997e-09
1.24167957e-06	1.286727e-09
1.24291944e-06	1.053714e-09
1.24416054e-06	1.133225e-09
1.24540288e-06	1.379533e-09
1.24664646e-06	1.377402e-09
1.24789128e-06	1.354153e-09
1.24913735e-06	1.393710e-09
1.25038466e-06	1.421559e-09
1.25163321e-06	1.333478e-09
1.25288301e-06	1.427125e-09
1.25413407e-06	1.436396e-09
1.25538636e-06	1.036838e-09
1.25663991e-06	1.356526e-09
1.25789472e-06	1.222612e-09
1.25915077e-06	1.500178e-09
1.26040808e-06	1.095722e-09
1.26166664e-06	1.377233e-09
1.26292646e-06	1.514545e-09
1.26418754e-06	1.437211e-09
1.26544988e-06	1.447687e-09
1.26671348e-06	1.544617e-09
1.26797834e-06	1.598801e-09
1.26924446e-06	1.440661e-09
1.27051185e-06	7.404184e-10
1.27178050e-06	1.581334e-09
1.27305042e-06	1.319705e-09
1.27432161e-06	1.729995e-09
1.27559407e-06	1.523140e-09
1.27686780e-06	1.383609e-09
1.27814280e-06	1.582296e-09
1.27941907e-06	1.334809e-09
1.28069662e-06	1.357238e-09
1.28197544e-06	1.308904e-09
1.28325554e-06	8.011021e-10
1.28453692e-06	1.365994e-09
1.28581958e-06	1.503438e-09
1.28710351e-06	1.648710e-09
1.28838874e-06	1.530838e-09
1.28967524e-06	1.091811e-09
1.29096303e-06	1.511939e-09
1.29225210e-06	1.502989e-09
1.29354246e-06	1.755477e-09
1.29483411e-06	1.181179e-09
1.29612705e-06	1.519412e-09
1.29742128e-06	1.434155e-09
1.29871681e-06	1.640418e-09
1.30001362e-06	1.825767e-09
1.30131174e-06	1.419666e-09
1.30261114e-06	1.406207e-09
1.30391185e-06	1.452681e-09
1.30521385e-06	1.537912e-09
1.30651716e-06	1.371359e-09
1.30782176e-06	1.373703e-09
1.30912767e-06	5.243881e-10
1.31043489e-06	1.017247e-09
1.31174340e-06	7.794730e-10
1.31305323e-06	1.524163e-09
1.31436436e-06	1.311382e-09
1.31567680e-06	1.492229e-09
1.31699055e-06	9.279018e-10
1.31830562e-06	1.351032e-09
1.31962199e-06	1.171899e-09
1.32093969e-06	1.197604e-09
1.32225869e-06	1.365492e-09
1.32357902e-06	1.310609e-09
1.32490066e-06	1.262521e-09
1.32622362e-06	8.420804e-10
1.32754791e-06	1.706478e-09
1.32887351e-06	8.415485e-10
1.33020044e-06	6.745497e-10
1.33152870e-06	1.363043e-09
1.33285828e-06	5.510871e-10
1.33418918e-06	8.990004e-10
1.33552142e-06	9.042733e-10
1.33685499e-06	6.085767e-10
1.33818989e-06	5.374811e-10
1.33952612e-06	8.568243e-10
1.34086369e-06	8.966439e-10
1.34220259e-06	1.189963e-09
1.34354283e-06	3.392778e-10
1.34488441e-06	2.187088e-10
1.34622732e-06	9.625626e-10
1.34757158e-06	4.912275e-10
1.34891718e-06	6.779516e-10
1.35026412e-06	3.505444e-10
1.35161241e-06	2.852680e-10
1.35296205e-06	5.035818e-10
1.35431303e-06	3.849190e-10
1.35566536e-06	2.923195e-10
1.35701905e-06	5.315528e-10
1.35837408e-06	2.505343e-10
1.35973047e-06	5.197751e-10
1.36108821e-06	2.273829e-10
1.36244730e-06	3.674092e-10
1.36380776e-06	7.128840e-10
1.36516957e-06	6.698043e-10
1.36653274e-06	4.677091e-10
1.36789728e-06	4.337286e-10
1.36926317e-06	3.619081e-10
1.37063043e-06	3.790211e-10
1.37199906e-06	6.397532e-10
1.37336905e-06	7.444370e-10
1.37474041e-06	5.987711e-10
1.37611314e-06	4.077215e-10
1.37748724e-06	9.612914e-10
1.37886271e-06	4.949174e-10
1.38023956e-06	4.130229e-10
1.38161778e-06	8.228912e-10
1.38299737e-06	5.149748e-10
1.38437835e-06	3.774954e-10
1.38576070e-06	3.520747e-10
1.38714443e-06	5.849941e-10
1.38852955e-06	7.728318e-10
1.38991605e-06	2.607773e-10
1.39130393e-06	7.180260e-10
1.39269320e-06	2.926747e-10
1.39408385e-06	8.669274e-10
1.39547590e-06	5.223905e-10
1.39686933e-06	4.814381e-10
1.39826416e-06	6.758816e-10
1.39966038e-06	2.788353e-10
1.40105799e-06	2.928023e-10
1.40245700e-06	7.511804e-10
1.40385740e-06	7.246385e-10
1.40525921e-06	3.318118e-10
1.40666241e-06	2.938502e-10
1.40806702e-06	6.921961e-10
1.40947302e-06	5.545748e-10
1.41088043e-06	3.755157e-10
1.41228925e-06	5.870390e-10
1.41369947e-06	4.518390e-10
1.41511110e-06	6.852062e-10
1.41652415e-06	9.293253e-10
1.41793860e-06	5.130910e-10
1.41935446e-06	4.120048e-10
1.42077174e-06	2.745211e-10
1.42219043e-06	3.765342e-10
1.42361054e-06	3.155226e-10
1.42503207e-06	4.655656e-10
1.42645502e-06	6.848781e-10
1.42787939e-06	4.881675e-10
1.42930518e-06	3.581213e-10
1.43073239e-06	6.699477e-10
1.43216103e-06	3.762734e-10
1.43359110e-06	6.353809e-10
1.43502259e-06	6.304640e-10
1.43645551e-06	5.017016e-10
1.43788987e-06	5.453034e-10
1.43932565e-06	6.606176e-10
1.44076287e-06	5.525201e-10
1.44220153e-06	6.234505e-10
1.44364162e-06	8.509664e-10
1.44508315e-06	4.716559e-10
1.44652612e-06	6.845020e-10
1.44797053e-06	5.010206e-10
1.44941638e-06	7.536633e-10
1.45086368e-06	3.959615e-10
1.45231242e-06	7.026468e-10
1.45376261e-06	4.483239e-10
1.45521424e-06	7.202849e-10
1.45666733e-06	3.040803e-10
1.45812186e-06	3.579376e-10
1.45957785e-06	3.864116e-10
1.46103529e-06	7.680517e-10
1.46249419e-06	4.615033e-10
1.46395455e-06	4.309915e-10
1.46541636e-06	9.057003e-10
1.46687963e-06	4.748429e-10
1.46834437e-06	6.171580e-10
1.46981056e-06	7.196651e-10
1.47127822e-06	7.549211e-10
1.47274735e-06	9.682133e-10
1.47421794e-06	4.301173e-10
1.47569000e-06	4.156061e-10
1.47716353e-06	6.148822e-10
1.47863854e-06	3.935347e-10
1.48011501e-06	5.474285e-10
1.48159296e-06	7.219984e-10
1.48307239e-06	1.074599e-09
1.48455329e-06	4.678111e-10
1.48603567e-06	5.814132e-10
1.48751953e-06	8.786252e-10
1.48900488e-06	9.386509e-10
1.49049170e-06	5.719107e-10
1.49198001e-06	8.328344e-10
1.49346981e-06	4.305924e-10
1.49496110e-06	1.169478e-09
1.49645387e-06	4.609360e-10
1.49794813e-06	1.052845e-09
1.49944389e-06	9.749664e-10
1.50094114e-06	7.260361e-10
1.50243989e-06	7.232383e-10
1.50394013e-06	6.830658e-10
1.50544187e-06	7.976465e-10
1.50694511e-06	6.624375e-10
1.50844985e-06	8.782230e-10
1.50995609e-06	7.635481e-10
1.51146384e-06	7.256115e-10
1.51297309e-06	1.128531e-09
1.51448385e-06	7.601561e-10
1.51599612e-06	1.106015e-09
1.51750990e-06	6.223272e-10
1.51902519e-06	4.964344e-10
1.52054199e-06	8.859050e-10
1.52206031e-06	6.145499e-10
1.52358014e-06	7.788073e-10
1.52510149e-06	7.826842e-10
1.52662436e-06	1.272655e-09
1.52814875e-06	7.271344e-10
1.52967467e-06	1.497134e-09
1.53120210e-06	4.765406e-10
1.53273107e-06	1.010600e-09
1.53426156e-06	6.465166e-10
1.53579357e-06	8.734966e-10
1.53732712e-06	4.862098e-10
1.53886220e-06	9.104300e-10
1.54039881e-06	1.147318e-09
1.54193695e-06	1.026609e-09
1.54347663e-06	1.138677e-09
1.54501785e-06	1.486554e-09
1.54656061e-06	6.841327e-10
1.54810491e-06	1.208887e-09
1.54965075e-06	9.385265e-10
1.55119813e-06	1.170856e-09
1.55274706e-06	1.169233e-09
1.55429754e-06	1.333212e-09
1.55584956e-06	1.246624e-09
1.55740313e-06	9.469680e-10
1.55895826e-06	1.252859e-09
1.56051494e-06	1.387760e-09
1.56207317e-06	1.341497e-09
1.56363296e-06	1.403792e-09
1.56519430e-06	8.928243e-10
1.56675721e-06	1.333174e-09
1.56832167e-06	1.303890e-09
1.56988770e-06	1.389260e-09
1.57145529e-06	1.181330e-09
1.57302445e-06	7.951141e-10
1.57459517e-06	1.363968e-09
1.57616746e-06	1.243742e-09
1.57774132e-06	1.543683e-09
1.57931676e-06	1.538507e-09
1.58089376e-06	1.589889e-09
1.58247234e-06	8.132765e-10
1.58405250e-06	1.284807e-09
1.58563424e-06	1.455425e-09
1.58721755e-06	1.253011e-09
1.58880245e-06	1.712049e-09
1.59038892e-06	8.862291e-10
1.59197699e-06	1.290273e-09
1.59356663e-06	1.674479e-09
1.59515787e-06	1.823883e-09
1.59675069e-06	1.565994e-09
1.59834511e-06	1.248558e-09
1.59994111e-06	1.523547e-09
1.60153872e-06	1.522236e-09
1.60313791e-06	1.398175e-09
1.60473870e-06	1.890408e-09
1.60634109e-06	1.617043e-09
1.60794509e-06	1.743660e-09
1.60955068e-06	1.704434e-09
1.61115787e-06	1.682207e-09
1.61276668e-06	1.644016e-09
1.61437708e-06	1.807161e-09
1.61598910e-06	1.628453e-09
1.61760272e-06	1.776741e-09
1.61921796e-06	1.559336e-09
1.62083481e-06	1.807095e-09
1.62245327e-06	1.697609e-09
1.62407335e-06	1.593111e-09
1.62569505e-06	1.754560e-09
1.62731837e-06	1.705527e-09
1.62894330e-06	1.929857e-09
1.63056986e-06	1.833761e-09
1.63219805e-06	7.287526e-10
1.63382786e-06	1.897767e-09
1.63545930e-06	1.694562e-09
1.63709236e-06	1.752127e-09
1.63872706e-06	1.784969e-09
1.64036339e-06	1.654525e-09
1.64200135e-06	2.197100e-09
1.64364095e-06	1.954242e-09
1.64528219e-06	1.817546e-09
1.64692506e-06	1.949200e-09
1.64856958e-06	1.892616e-09
1.65021574e-06	1.984109e-09
1.65186354e-06	1.804932e-09
1.65351299e-06	2.051826e-09
1.65516408e-06	2.022809e-09
1.65681682e-06	2.080775e-09
1.65847122e-06	1.982571e-09
1.66012726e-06	1.940428e-09
1.66178496e-06	1.901832e-09
1.66344431e-06	2.038363e-09
1.66510532e-06	2.076269e-09
1.66676799e-06	1.867388e-09
1.66843232e-06	2.028489e-09
1.67009831e-06	1.489991e-09
1.67176597e-06	1.503487e-09
1.67343529e-06	2.019204e-09
1.67510628e-06	1.924290e-09
1.67677893e-06	2.034802e-09
1.67845326e-06	1.559120e-09
1.68012926e-06	2.047523e-09
1.68180693e-06	2.344351e-09
1.68348627e-06	1.749165e-09
1.68516730e-06	1.833712e-09
1.68685000e-06	1.237683e-09
1.68853438e-06	2.038239e-09
1.69022045e-06	2.137626e-09
1.69190819e-06	1.581730e-09
1.69359763e-06	2.223082e-09
1.69528875e-06	1.462125e-09
1.69698156e-06	1.908831e-09
1.69867605e-06	2.152665e-09
1.70037225e-06	1.783780e-09
1.70207013e-06	2.018065e-09
1.70376971e-06	1.498867e-09
1.70547099e-06	1.863577e-09
1.70717396e-06	1.945367e-09
1.70887864e-06	1.957425e-09
1.71058502e-06	2.233350e-09
1.71229310e-06	1.955139e-09
1.71400289e-06	1.647148e-09
1.71571438e-06	1.397812e-09
1.71742759e-06	1.333892e-09
1.71914250e-06	1.437235e-09
1.72085913e-06	1.203128e-09
1.72257747e-06	1.385584e-09
1.72429753e-06	2.057558e-09
1.72601931e-06	1.878294e-09
1.72774280e-06	1.421169e-09
1.72946801e-06	1.229059e-09
1.73119495e-06	1.666242e-09
1.73292362e-06	1.606427e-09
1.73465400e-06	1.393908e-09
1.73638612e-06	1.766925e-09
1.73811997e-06	1.564906e-09
1.73985554e-06	1.011391e-09
1.74159285e-06	1.717969e-09
1.74333190e-06	1.721322e-09
1.74507268e-06	1.103107e-09
1.74681520e-06	5.788280e-10
1.74855946e-06	2.003209e-09
1.75030546e-06	7.205443e-10
1.75205321e-06	7.664402e-10
1.75380270e-06	1.327993e-09
1.75555393e-06	6.422093e-10
1.75730692e-06	8.252324e-10
1.75906165e-06	1.849322e-09
1.76081814e-06	1.657474e-09
1.76257638e-06	1.669224e-09
1.76433638e-06	1.530058e-09
1.76609814e-06	1.630866e-09
1.76786165e-06	5.780002e-10
1.76962693e-06	1.908436e-09
1.77139397e-06	1.410003e-09
1.77316277e-06	1.071084e-09
1.77493334e-06	1.110155e-09
1.77670567e-06	1.254979e-09
1.77847978e-06	8.691169e-10
1.78025566e-06	1.198717e-09
1.78203331e-06	8.664296e-10
1.78381274e-06	1.130848e-09
1.78559394e-06	1.564942e-09
1.78737692e-06	1.501157e-09
1.78916168e-06	1.270583e-09
1.79094823e-06	1.055943e-09
1.79273655e-06	9.104777e-10
1.79452667e-06	1.759946e-09
1.79631857e-06	5.981999e-10
1.79811226e-06	1.097947e-09
1.79990774e-06	1.498242e-09
1.80170502e-06	9.004734e-10
1.80350409e-06	8.576239e-10
1.80530495e-06	1.323420e-09
1.80710762e-06	7.867933e-10
1.80891208e-06	8.091973e-10
1.81071835e-06	6.757179e-10
1.81252641e-06	6.727475e-10
1.81433629e-06	1.055224e-09
1.81614797e-06	1.679300e-09
1.81796146e-06	9.973341e-10
1.81977676e-06	1.074860e-09
1.82159388e-06	9.105282e-10
1.82341281e-06	7.392817e-10
1.82523355e-06	1.101395e-09
1.82705612e-06	1.101152e-09
1.82888050e-06	6.492649e-10
1.83070670e-06	1.175016e-09
1.83253473e-06	6.918168e-10
1.83436459e-06	1.680055e-09
1.83619627e-06	6.960389e-10
1.83802978e-06	1.299058e-09
1.83986512e-06	6.595789e-10
1.84170229e-06	1.589011e-09
1.84354130e-06	7.555796e-10
1.84538214e-06	1.437484e-09
1.84722483e-06	7.048395e-10
1.84906935e-06	1.726869e-09
1.85091571e-06	1.391477e-09
1.85276392e-06	1.774327e-09
1.85461397e-06	1.240833e-09
1.85646588e-06	1.084816e-09
1.85831963e-06	1.185061e-09
1.86017523e-06	1.082043e-09
1.86203268e-06	1.080736e-09
1.86389199e-06	1.347322e-09
1.86575315e-06	1.332496e-09
1.86761618e-06	1.011031e-09
1.86948106e-06	1.570999e-09
1.87134781e-06	1.132320e-09
1.87321642e-06	1.131916e-09
1.87508689e-06	1.465431e-09
1.87695924e-06	1.394949e-09
1.87883345e-06	1.301901e-09
1.88070954e-06	1.718199e-09
1.88258749e-06	1.542199e-09
1.88446733e-06	1.481246e-09
1.88634904e-06	1.923531e-09
1.88823263e-06	1.352912e-09
1.89011810e-06	9.348195e-10
1.89200545e-06	1.456307e-09
1.89389469e-06	7.052657e-10
1.89578581e-06	1.771501e-09
1.89767882e-06	1.335833e-09
1.89957373e-06	1.460535e-09
1.90147052e-06	7.467775e-10
1.90336921e-06	9.222342e-10
1.90526980e-06	1.307754e-09
1.90717228e-06	8.711744e-10
1.90907666e-06	1.633728e-09
1.91098294e-06	1.335666e-09
1.91289113e-06	1.036788e-09
1.91480122e-06	1.688624e-09
1.91671322e-06	1.251881e-09
1.91862713e-06	1.543577e-09
1.92054295e-06	1.593146e-09
1.92246069e-06	1.143797e-09
1.92438033e-06	1.634272e-09
1.92630190e-06	1.168638e-09
1.92822538e-06	1.383567e-09
1.93015079e-06	1.659054e-09
1.93207812e-06	1.732882e-09
1.93400737e-06	1.165809e-09
1.93593855e-06	1.428971e-09
1.93787165e-06	1.279708e-09
1.93980669e-06	8.150943e-10
1.94174366e-06	1.807697e-09
1.94368256e-06	1.387111e-09
1.94562340e-06	1.459215e-09
1.94756618e-06	1.145293e-09
1.94951089e-06	1.400820e-09
1.95145755e-06	1.575719e-09
1.95340615e-06	7.688461e-10
1.95535670e-06	1.260051e-09
1.95730920e-06	1.182309e-09
1.95926364e-06	1.778297e-09
1.96122004e-06	1.427907e-09
1.96317839e-06	1.533511e-09
1.96513870e-06	1.020007e-09
1.96710096e-06	1.495991e-09
1.96906519e-06	1.521224e-09
1.97103137e-06	1.274107e-09
1.97299952e-06	1.121805e-09
1.97496963e-06	1.575048e-09
1.97694171e-06	1.326766e-09
1.97891576e-06	1.984150e-09
1.98089178e-06	1.488681e-09
1.98286978e-06	1.073299e-09
1.98484975e-06	1.058414e-09
1.98683169e-06	1.083326e-09
1.98881562e-06	1.860316e-09
1.99080152e-06	8.430469e-10
1.99278941e-06	1.090531e-09
1.99477929e-06	1.609009e-09
1.99677115e-06	1.139972e-09
1.99876500e-06	1.706850e-09
2.00076084e-06	1.756532e-09
2.00275867e-06	1.598966e-09
2.00475850e-06	1.503399e-09
2.00676033e-06	1.848472e-09
2.00876415e-06	7.913913e-10
2.01076998e-06	1.125825e-09
2.01277780e-06	1.637559e-09
2.01478764e-06	1.385745e-09
2.01679948e-06	9.972489e-10
2.01881333e-06	8.266456e-10
2.02082919e-06	1.533688e-09
2.02284706e-06	1.437608e-09
2.02486695e-06	1.110025e-09
2.02688885e-06	1.455793e-09
2.02891278e-06	1.241661e-09
2.03093872e-06	1.166199e-09
2.03296669e-06	1.288089e-09
2.03499668e-06	1.336818e-09
2.03702870e-06	1.564918e-09
2.03906275e-06	1.327462e-09
2.04109883e-06	1.535055e-09
2.04313694e-06	1.484105e-09
2.04517709e-06	1.897457e-09
2.04721927e-06	1.468524e-09
2.04926350e-06	1.830552e-09
2.05130976e-06	1.803350e-09
2.05335807e-06	1.098327e-09
2.05540843e-06	1.984147e-09
2.05746083e-06	1.675562e-09
2.05951528e-06	1.828636e-09
2.06157178e-06	1.134135e-09
2.06363034e-06	1.691102e-09
2.06569095e-06	1.828021e-09
2.06775362e-06	1.099960e-09
2.06981835e-06	2.067983e-09
2.07188514e-06	1.752560e-09
2.07395399e-06	1.705880e-09
2.07602491e-06	1.603828e-09
2.07809790e-06	1.816222e-09
2.08017296e-06	1.836046e-09
2.08225009e-06	2.063041e-09
2.08432929e-06	1.433308e-09
2.08641057e-06	1.255693e-09
2.08849393e-06	1.421081e-09
2.09057937e-06	1.553780e-09
2.09266689e-06	2.058944e-09
2.09475649e-06	1.510590e-09
2.09684818e-06	1.547157e-09
2.09894197e-06	1.814124e-09
2.10103784e-06	1.658281e-09
2.10313580e-06	1.893058e-09
2.10523586e-06	1.884465e-09
2.10733802e-06	1.549337e-09
2.10944227e-06	2.070926e-09
2.11154863e-06	1.445383e-09
2.11365709e-06	1.768706e-09
2.11576765e-06	2.018980e-09
2.11788032e-06	1.964808e-09
2.11999511e-06	1.580427e-09
2.12211200e-06	2.058015e-09
2.12423101e-06	2.148073e-09
2.12635213e-06	1.945360e-09
2.12847537e-06	1.387672e-09
2.13060073e-06	1.808010e-09
2.13272822e-06	1.963008e-09
2.13485783e-06	1.906737e-09
2.13698956e-06	1.594021e-09
2.13912342e-06	2.127592e-09
2.14125942e-06	1.750357e-09
2.14339754e-06	1.366345e-09
2.14553781e-06	2.158930e-09
2.14768021e-06	2.243703e-09
2.14982474e-06	1.618202e-09
2.15197142e-06	2.055690e-09
2.15412025e-06	1.972675e-09
2.15627122e-06	2.210392e-09
2.15842433e-06	2.303666e-09
2.16057960e-06	1.720854e-09
2.16273702e-06	2.221974e-09
2.16489659e-06	2.051990e-09
2.16705832e-06	2.190159e-09
2.16922221e-06	2.116582e-09
2.17138826e-06	1.646154e-09
2.17355647e-06	2.215186e-09
2.17572684e-06	1.667099e-09
2.17789939e-06	2.209338e-09
2.18007410e-06	2.055430e-09
2.18225099e-06	2.017347e-09
2.18443005e-06	1.706976e-09
2.18661128e-06	1.671339e-09
2.18879469e-06	2.244721e-09
2.19098028e-06	1.963654e-09
2.19316806e-06	2.241995e-09
2.19535802e-06	2.116758e-09
2.19755017e-06	2.109020e-09
2.19974450e-06	2.192109e-09
2.20194103e-06	2.132941e-09
2.20413975e-06	2.058387e-09
2.20634066e-06	2.120934e-09
2.20854377e-06	1.528845e-09
2.21074909e-06	1.664224e-09
2.21295660e-06	2.210033e-09
2.21516632e-06	2.145198e-09
2.21737825e-06	2.097338e-09
2.21959238e-06	1.148473e-09
2.22180873e-06	1.898745e-09
2.22402729e-06	2.224867e-09
2.22624806e-06	2.184697e-09
2.22847105e-06	2.193176e-09
2.23069626e-06	2.298299e-09
2.23292369e-06	1.218065e-09
2.23515335e-06	2.157640e-09
2.23738523e-06	2.206709e-09
2.23961935e-06	2.362299e-09
2.24185569e-06	1.338476e-09
2.24409427e-06	2.290942e-09
2.24633508e-06	2.151639e-09
2.24857813e-06	2.257981e-09
2.25082341e-06	2.083630e-09
2.25307094e-06	2.238318e-09
2.25532072e-06	2.156828e-09
2.25757274e-06	2.250253e-09
2.25982701e-06	2.228674e-09
2.26208353e-06	2.309525e-09
2.26434231e-06	1.905612e-09
2.26660334e-06	2.117879e-09
2.26886662e-06	2.228418e-09
2.27113217e-06	2.231838e-09
2.27339998e-06	2.088305e-09
2.27567005e-06	2.193535e-09
2.27794240e-06	2.172882e-09
2.28021700e-06	1.846199e-09
2.28249389e-06	1.789994e-09
2.28477304e-06	2.287301e-09
2.28705447e-06	2.112980e-09
2.28933818e-06	2.294591e-09
2.29162417e-06	1.895256e-09
2.29391244e-06	1.126293e-09
2.29620300e-06	2.035653e-09
2.29849584e-06	1.643458e-09
2.30079097e-06	2.061408e-09
2.30308840e-06	1.607768e-09
2.30538812e-06	2.070890e-09
2.30769013e-06	1.888495e-09
2.30999445e-06	1.709226e-09
2.31230106e-06	2.038371e-09
2.31460998e-06	2.131092e-09
2.31692121e-06	2.151287e-09
2.31923474e-06	2.199937e-09
2.32155058e-06	2.204703e-09
2.32386873e-06	2.126307e-09
2.32618920e-06	2.075463e-09
2.32851199e-06	1.504673e-09
2.33083709e-06	2.110975e-09
2.33316452e-06	1.857239e-09
2.33549427e-06	2.011129e-09
2.33782635e-06	2.044494e-09
2.34016076e-06	2.096903e-09
2.34249749e-06	1.961254e-09
2.34483656e-06	1.258645e-09
2.34717797e-06	2.214234e-09
2.34952171e-06	1.729735e-09
2.35186780e-06	2.211932e-09
2.35421623e-06	2.139482e-09
2.35656700e-06	2.133206e-09
2.35892012e-06	1.917225e-09
2.36127559e-06	2.059377e-09
2.36363341e-06	2.173020e-09
2.36599358e-06	2.131762e-09
2.36835612e-06	2.212833e-09
2.37072101e-06	1.950300e-09
2.37308826e-06	1.295381e-09
2.37545788e-06	1.941580e-09
2.37782986e-06	2.294542e-09
2.38020421e-06	2.061165e-09
2.38258093e-06	1.730273e-09
2.38496003e-06	1.840988e-09
2.38734150e-06	1.783241e-09
2.38972535e-06	2.104683e-09
2.39211158e-06	1.657852e-09
2.39450019e-06	2.024942e-09
2.39689119e-06	1.968194e-09
2.39928457e-06	2.193213e-09
2.40168035e-06	1.491679e-09
2.40407851e-06	1.513839e-09
2.40647907e-06	2.260229e-09
2.40888203e-06	1.717018e-09
2.41128739e-06	2.064453e-09
2.41369515e-06	1.556907e-09
2.41610531e-06	1.144747e-09
2.41851788e-06	1.734188e-09
2.42093286e-06	2.081092e-09
2.42335026e-06	1.130741e-09
2.42577006e-06	1.389743e-09
2.42819228e-06	1.652988e-09
2.43061692e-06	1.649245e-09
2.43304398e-06	2.080036e-09
2.43547347e-06	1.852799e-09
2.43790538e-06	1.277160e-09
2.44033972e-06	1.936740e-09
2.44277649e-06	2.073934e-09
2.44521569e-06	1.841923e-09
2.44765733e-06	1.672225e-09
2.45010140e-06	1.488068e-09
2.45254792e-06	1.600212e-09
2.45499688e-06	1.702226e-09
2.45744829e-06	2.164676e-09
2.45990214e-06	1.402555e-09
2.46235844e-06	2.099882e-09
2.46481720e-06	2.028849e-09
2.46727841e-06	2.092026e-09
2.46974208e-06	1.470119e-09
2.47220821e-06	1.673755e-09
2.47467680e-06	1.697467e-09
2.47714786e-06	1.703153e-09
2.47962138e-06	1.447075e-09
2.48209737e-06	1.651661e-09
2.48457584e-06	1.358141e-09
2.48705678e-06	1.161405e-09
2.48954020e-06	1.118259e-09
2.49202610e-06	1.505903e-09
2.49451448e-06	1.596997e-09
2.49700534e-06	1.360465e-09
2.49949870e-06	1.566047e-09
2.50199454e-06	2.042080e-09
2.50449287e-06	1.439948e-09
2.50699370e-06	1.592137e-09
2.50949703e-06	1.771524e-09
2.51200285e-06	1.131757e-09
2.51451118e-06	1.494569e-09
2.51702201e-06	1.801450e-09
2.51953535e-06	1.214059e-09
2.52205120e-06	1.604749e-09
2.52456956e-06	1.327384e-09
2.52709044e-06	1.647247e-09
2.52961383e-06	1.553001e-09
2.53213975e-06	1.783131e-09
2.53466818e-06	1.163396e-09
2.53719914e-06	1.735171e-09
2.53973263e-06	1.181570e-09
2.54226865e-06	1.632918e-09
2.54480720e-06	1.838285e-09
2.54734828e-06	1.771213e-09
2.54989190e-06	1.608120e-09
2.55243806e-06	1.554505e-09
2.55498677e-06	1.522604e-09
2.55753802e-06	1.708850e-09
2.56009181e-06	1.156312e-09
2.56264816e-06	1.218685e-09
2.56520706e-06	1.628050e-09
2.56776851e-06	1.170551e-09
2.57033253e-06	1.965506e-09
2.57289910e-06	1.799497e-09
2.57546823e-06	1.501146e-09
2.57803993e-06	1.201343e-09
2.58061420e-06	1.762906e-09
2.58319104e-06	1.335262e-09
2.58577045e-06	1.564497e-09
2.58835244e-06	1.416659e-09
2.59093701e-06	1.913740e-09
2.59352415e-06	1.525636e-09
2.59611388e-06	1.261265e-09
2.59870620e-06	1.783241e-09
2.60130110e-06	1.327895e-09
2.60389860e-06	1.552526e-09
2.60649869e-06	1.246264e-09
2.60910137e-06	1.272589e-09
2.61170666e-06	1.898845e-09
2.61431454e-06	1.953540e-09
2.61692503e-06	1.459555e-09
2.61953813e-06	1.933451e-09
2.62215384e-06	1.591439e-09
2.62477215e-06	1.837724e-09
2.62739309e-06	1.458480e-09
2.63001663e-06	2.014246e-09
2.63264280e-06	1.281025e-09
2.63527160e-06	1.848728e-09
2.63790301e-06	1.975562e-09
2.64053706e-06	1.210972e-09
2.64317373e-06	1.218802e-09
2.64581304e-06	1.239108e-09
2.64845498e-06	1.335202e-09
2.65109956e-06	1.335224e-09
2.65374678e-06	2.000139e-09
2.65639665e-06	1.732278e-09
2.65904916e-06	1.789380e-09
2.66170431e-06	1.936496e-09
2.66436213e-06	1.800090e-09
2.66702259e-06	1.463788e-09
2.66968571e-06	1.259997e-09
2.67235149e-06	1.941507e-09
2.67501993e-06	1.679274e-09
2.67769104e-06	1.459918e-09
2.68036481e-06	1.474527e-09
2.68304126e-06	1.275248e-09
2.68572037e-06	1.218570e-09
2.68840216e-06	1.761574e-09
2.69108663e-06	1.222059e-09
2.69377378e-06	1.229845e-09
2.69646362e-06	1.359586e-09
2.69915613e-06	2.003809e-09
2.70185134e-06	1.284785e-09
2.70454924e-06	1.252129e-09
2.70724983e-06	1.384050e-09
2.70995312e-06	1.381520e-09
2.71265911e-06	1.817105e-09
2.71536780e-06	1.253639e-09
2.71807920e-06	1.638019e-09
2.72079330e-06	1.489349e-09
2.72351011e-06	1.537728e-09
2.72622964e-06	1.473189e-09
2.72895188e-06	1.242704e-09
2.73167684e-06	1.274739e-09
2.73440452e-06	1.593125e-09
2.73713492e-06	1.753775e-09
2.73986805e-06	1.423145e-09
2.74260391e-06	1.982003e-09
2.74534251e-06	1.392232e-09
2.74808383e-06	1.276646e-09
2.75082790e-06	1.608000e-09
2.75357470e-06	1.968715e-09
2.75632425e-06	1.876055e-09
2.75907654e-06	2.164771e-09
2.76183158e-06	2.000639e-09
2.76458937e-06	1.408167e-09
2.76734991e-06	1.594446e-09
2.77011322e-06	1.279303e-09
2.77287928e-06	1.514448e-09
2.77564810e-06	1.874424e-09
2.77841969e-06	1.403658e-09
2.78119404e-06	1.365889e-09
2.78397117e-06	1.684546e-09
2.78675106e-06	1.431987e-09
2.78953374e-06	1.271393e-09
2.79231919e-06	1.306275e-09
2.79510743e-06	1.520778e-09
2.79789844e-06	1.301746e-09
2.80069225e-06	1.267925e-09
2.80348884e-06	1.333847e-09
2.80628823e-06	1.722896e-09
2.80909041e-06	1.317713e-09
2.81189540e-06	1.707221e-09
2.81470318e-06	1.269031e-09
2.81751376e-06	1.313515e-09
2.82032715e-06	1.500281e-09
2.82314336e-06	1.282168e-09
2.82596237e-06	1.368510e-09
2.82878420e-06	1.427447e-09
2.83160884e-06	1.454555e-09
2.83443631e-06	1.521910e-09
2.83726660e-06	1.278145e-09
2.84009972e-06	1.420585e-09
2.84293566e-06	1.444599e-09
2.84577444e-06	1.603524e-09
2.84861605e-06	1.301358e-09
2.85146050e-06	1.331210e-09
2.85430779e-06	1.669704e-09
2.85715792e-06	1.441221e-09
2.86001090e-06	1.786862e-09
2.86286672e-06	1.837720e-09
2.86572540e-06	1.286191e-09
2.86858693e-06	1.339312e-09
2.87145132e-06	1.390973e-09
2.87431857e-06	2.039048e-09
2.87718869e-06	1.350591e-09
2.88006167e-06	1.821086e-09
2.88293752e-06	1.357350e-09
2.88581624e-06	1.559580e-09
2.88869783e-06	1.358908e-09
2.89158230e-06	1.502379e-09
2.89446965e-06	1.535966e-09
2.89735989e-06	1.723584e-09
2.90025301e-06	1.413616e-09
2.90314902e-06	2.061478e-09
2.90604792e-06	1.663902e-09
2.90894972e-06	1.321338e-09
2.91185441e-06	1.378812e-09
2.91476201e-06	1.593101e-09
2.91767251e-06	1.655712e-09
2.92058591e-06	1.313459e-09
2.92350222e-06	1.546458e-09
2.92642145e-06	1.402205e-09
2.92934359e-06	1.757563e-09
2.93226865e-06	1.697694e-09
2.93519663e-06	1.687850e-09
2.93812753e-06	1.392025e-09
2.94106136e-06	1.890047e-09
2.94399812e-06	1.715529e-09
2.94693781e-06	1.626996e-09
2.94988043e-06	1.983302e-09
2.95282600e-06	2.198392e-09
2.95577451e-06	1.504914e-09
2.95872596e-06	1.629522e-09
2.96168035e-06	1.739036e-09
2.96463770e-06	1.875228e-09
2.96759800e-06	1.886450e-09
2.97056126e-06	1.407496e-09
2.97352747e-06	1.513956e-09
2.97649665e-06	1.771675e-09
2.97946879e-06	1.465974e-09
2.98244390e-06	1.361795e-09
2.98542198e-06	1.514795e-09
2.98840304e-06	1.806750e-09
2.99138707e-06	1.452113e-09
2.99437408e-06	1.564456e-09
2.99736407e-06	2.040710e-09
3.00035705e-06	1.693811e-09
3.00335302e-06	1.387676e-09
3.00635198e-06	1.669887e-09
3.00935393e-06	1.805294e-09
3.01235888e-06	1.783069e-09
3.01536684e-06	2.043914e-09
3.01837779e-06	1.544424e-09
3.02139175e-06	1.746635e-09
3.02440873e-06	1.565923e-09
3.02742871e-06	1.993521e-09
3.03045171e-06	1.654720e-09
3.03347773e-06	1.495661e-09
3.03650677e-06	1.754139e-09
3.03953883e-06	1.622812e-09
3.04257392e-06	1.426025e-09
3.04561205e-06	2.094587e-09
3.04865320e-06	1.659965e-09
3.05169740e-06	1.699020e-09
3.05474463e-06	1.749010e-09
3.05779491e-06	1.908783e-09
3.06084823e-06	1.617628e-09
3.06390460e-06	1.372912e-09
3.06696402e-06	1.598808e-09
3.07002650e-06	1.721118e-09
3.07309203e-06	1.400468e-09
3.07616063e-06	2.004116e-09
3.07923229e-06	1.777214e-09
3.08230702e-06	1.739502e-09
3.08538481e-06	1.606184e-09
3.08846569e-06	1.682694e-09
3.09154963e-06	1.566170e-09
3.09463666e-06	1.539279e-09
3.09772677e-06	1.597145e-09
3.10081996e-06	1.551084e-09
3.10391625e-06	1.839184e-09
3.10701562e-06	1.422343e-09
3.11011809e-06	1.539373e-09
3.11322366e-06	1.720153e-09
3.11633233e-06	1.745282e-09
3.11944410e-06	1.885580e-09
3.12255898e-06	1.481802e-09
3.12567698e-06	1.759558e-09
3.12879808e-06	1.767065e-09
3.13192230e-06	1.863078e-09
3.13504964e-06	1.611374e-09
3.13818010e-06	1.498579e-09
3.14131369e-06	1.517440e-09
3.14445041e-06	1.860613e-09
3.14759026e-06	1.826843e-09
3.15073325e-06	1.472029e-09
3.15387937e-06	1.663620e-09
3.15702864e-06	1.714580e-09
3.16018105e-06	1.576423e-09
3.16333660e-06	1.426013e-09
3.16649531e-06	1.881633e-09
3.16965718e-06	2.007294e-09
3.17282220e-06	1.695807e-09
3.17599038e-06	1.600809e-09
3.17916172e-06	1.510869e-09
3.18233623e-06	2.175140e-09
3.18551391e-06	1.755371e-09
3.18869477e-06	1.512744e-09
3.19187880e-06	1.841371e-09
3.19506601e-06	1.797930e-09
3.19825640e-06	1.691687e-09
3.20144997e-06	1.449724e-09
3.20464674e-06	1.460271e-09
3.20784670e-06	1.914107e-09
3.21104985e-06	1.545811e-09
3.21425621e-06	1.805231e-09
3.21746576e-06	1.794684e-09
3.22067852e-06	1.679213e-09
3.22389449e-06	1.446303e-09
3.22711366e-06	1.814004e-09
3.23033606e-06	2.037520e-09
3.23356167e-06	1.681490e-09
3.23679050e-06	1.570467e-09
3.24002255e-06	2.175306e-09
3.24325783e-06	1.467157e-09
3.24649635e-06	1.872258e-09
3.24973809e-06	1.919127e-09
3.25298308e-06	1.747631e-09
3.25623130e-06	2.088591e-09
3.25948277e-06	1.469476e-09
3.26273748e-06	2.214536e-09
3.26599545e-06	2.049704e-09
3.26925667e-06	1.565190e-09
3.27252114e-06	2.308337e-09
3.27578887e-06	1.583794e-09
3.27905987e-06	2.083761e-09
3.28233413e-06	1.668529e-09
3.28561167e-06	1.690208e-09
3.28889247e-06	2.161537e-09
3.29217655e-06	1.727126e-09
3.29546391e-06	2.052899e-09
3.29875455e-06	1.713140e-09
3.30204848e-06	2.334547e-09
3.30534570e-06	1.631188e-09
3.30864621e-06	1.668101e-09
3.31195002e-06	1.390741e-09
3.31525712e-06	1.793537e-09
3.31856753e-06	1.872837e-09
3.32188124e-06	2.001075e-09
3.32519826e-06	2.134078e-09
3.32851860e-06	1.666357e-09
3.33184225e-06	1.619964e-09
3.33516921e-06	2.176898e-09
3.33849950e-06	1.751772e-09
3.34183312e-06	1.763465e-09
3.34517006e-06	1.760883e-09
3.34851034e-06	1.938205e-09
3.35185395e-06	2.203902e-09
3.35520090e-06	1.926140e-09
3.35855119e-06	1.790983e-09
3.36190483e-06	1.842800e-09
3.36526182e-06	1.858756e-09
3.36862216e-06	2.166823e-09
3.37198585e-06	2.209812e-09
3.37535290e-06	2.335849e-09
3.37872332e-06	1.984479e-09
3.38209710e-06	1.958496e-09
3.38547425e-06	1.784612e-09
3.38885477e-06	2.169079e-09
3.39223867e-06	1.645441e-09
3.39562594e-06	2.008158e-09
3.39901660e-06	1.985257e-09
3.40241065e-06	2.047465e-09
3.40580808e-06	2.087981e-09
3.40920890e-06	1.725672e-09
3.41261313e-06	1.617621e-09
3.41602075e-06	1.938610e-09
3.41943177e-06	2.150169e-09
3.42284620e-06	1.999066e-09
3.42626404e-06	1.678765e-09
3.42968529e-06	1.713418e-09
3.43310996e-06	1.859349e-09
3.43653804e-06	1.524184e-09
3.43996956e-06	2.055426e-09
3.44340449e-06	1.978028e-09
3.44684286e-06	1.685055e-09
3.45028466e-06	2.065752e-09
3.45372990e-06	1.995529e-09
3.45717857e-06	1.870902e-09
3.46063070e-06	2.270848e-09
3.46408626e-06	1.972584e-09
3.46754528e-06	1.634442e-09
3.47100775e-06	1.462419e-09
3.47447368e-06	1.987386e-09
3.47794307e-06	1.593834e-09
3.48141593e-06	1.678648e-09
3.48489225e-06	1.535920e-09
3.48837205e-06	2.068492e-09
3.49185532e-06	1.922007e-09
3.49534206e-06	2.068881e-09
3.49883229e-06	2.211424e-09
3.50232600e-06	2.257223e-09
3.50582321e-06	2.338530e-09
3.50932390e-06	2.134310e-09
3.51282809e-06	2.100627e-09
3.51633578e-06	1.605644e-09
3.51984697e-06	2.074937e-09
3.52336167e-06	2.269469e-09
3.52687988e-06	1.456800e-09
3.53040160e-06	2.364122e-09
3.53392683e-06	2.253819e-09
3.53745559e-06	2.120495e-09
3.54098787e-06	2.038545e-09
3.54452368e-06	1.930201e-09
3.54806302e-06	2.399864e-09
3.55160589e-06	2.123309e-09
3.55515230e-06	2.065815e-09
3.55870225e-06	2.104227e-09
3.56225575e-06	2.226622e-09
3.56581279e-06	2.053760e-09
3.56937339e-06	2.113333e-09
3.57293754e-06	2.098034e-09
3.57650525e-06	2.057008e-09
3.58007652e-06	2.247230e-09
3.58365136e-06	2.327918e-09
3.58722977e-06	2.281126e-09
3.59081175e-06	2.234941e-09
3.59439731e-06	2.373633e-09
3.59798645e-06	1.570582e-09
3.60157917e-06	1.586531e-09
3.60517548e-06	2.208448e-09
3.60877538e-06	1.906179e-09
3.61237888e-06	1.766411e-09
3.61598597e-06	1.917079e-09
3.61959667e-06	2.280730e-09
3.62321097e-06	2.337106e-09
3.62682888e-06	1.807514e-09
3.63045040e-06	1.988087e-09
3.63407554e-06	1.894764e-09
3.63770430e-06	1.661158e-09
3.64133669e-06	2.353938e-09
3.64497270e-06	2.429205e-09
3.64861234e-06	2.157705e-09
3.65225561e-06	1.687573e-09
3.65590252e-06	2.533352e-09
3.65955308e-06	2.327637e-09
3.66320728e-06	2.166182e-09
3.66686512e-06	2.345166e-09
3.67052662e-06	2.337058e-09
3.67419178e-06	1.729531e-09
3.67786060e-06	2.120462e-09
3.68153308e-06	2.175856e-09
3.68520923e-06	2.570983e-09
3.68888904e-06	1.920385e-09
3.69257254e-06	2.400061e-09
3.69625971e-06	1.640140e-09
3.69995056e-06	1.962062e-09
3.70364510e-06	2.318574e-09
3.70734332e-06	1.952409e-09
3.71104524e-06	1.920935e-09
3.71475086e-06	2.304743e-09
3.71846018e-06	2.244693e-09
3.72217320e-06	2.015114e-09
3.72588992e-06	2.283925e-09
3.72961036e-06	2.322150e-09
3.73333452e-06	2.313882e-09
3.73706239e-06	2.310169e-09
3.74079399e-06	2.495118e-09
3.74452931e-06	2.239554e-09
3.74826836e-06	1.670165e-09
3.75201114e-06	2.359343e-09
3.75575766e-06	2.289243e-09
3.75950793e-06	2.467206e-09
3.76326194e-06	2.570362e-09
3.76701969e-06	2.508482e-09
3.77078120e-06	2.117971e-09
3.77454647e-06	2.243573e-09
3.77831549e-06	2.089228e-09
3.78208828e-06	1.916616e-09
3.78586483e-06	2.072155e-09
3.78964516e-06	2.649672e-09
3.79342926e-06	1.688842e-09
3.79721714e-06	2.647830e-09
3.80100880e-06	2.546932e-09
3.80480425e-06	2.441138e-09
3.80860349e-06	2.505439e-09
3.81240652e-06	2.604249e-09
3.81621335e-06	2.272340e-09
3.82002398e-06	2.627479e-09
3.82383842e-06	2.499943e-09
3.82765666e-06	2.580830e-09
3.83147872e-06	2.142952e-09
3.83530459e-06	2.641374e-09
3.83913428e-06	2.445593e-09
3.84296780e-06	2.621078e-09
3.84680515e-06	1.884202e-09
3.85064633e-06	2.229513e-09
3.85449134e-06	2.598361e-09
3.85834019e-06	2.463018e-09
3.86219289e-06	2.186067e-09
3.86604943e-06	2.118852e-09
3.86990982e-06	2.573818e-09
3.87377407e-06	2.352372e-09
3.87764218e-06	2.492880e-09
3.88151415e-06	2.609401e-09
3.88538998e-06	2.379841e-09
3.88926969e-06	2.480359e-09
3.89315327e-06	2.608973e-09
3.89704073e-06	2.172907e-09
3.90093207e-06	2.611784e-09
3.90482729e-06	2.592406e-09
3.90872641e-06	2.548105e-09
3.91262941e-06	2.500766e-09
3.91653632e-06	2.404509e-09
3.92044713e-06	2.042381e-09
3.92436184e-06	2.048961e-09
3.92828046e-06	2.589953e-09
3.93220299e-06	1.802219e-09
3.93612944e-06	2.380854e-09
3.94005981e-06	2.173923e-09
3.94399411e-06	2.581159e-09
3.94793233e-06	2.228894e-09
3.95187449e-06	2.155741e-09
3.95582058e-06	2.697760e-09
3.95977062e-06	2.368172e-09
3.96372460e-06	1.833711e-09
3.96768252e-06	2.307586e-09
3.97164440e-06	2.299460e-09
3.97561023e-06	1.940423e-09
3.97958003e-06	2.432451e-09
3.98355379e-06	2.343890e-09
3.98753151e-06	2.382793e-09
3.99151321e-06	1.927730e-09
3.99549888e-06	2.509236e-09
3.99948854e-06	1.769861e-09
4.00348217e-06	2.628713e-09
