2.99769222e-07	5.227710e-17
3.00068553e-07	2.128613e-16
3.00368182e-07	2.184560e-16
3.00668111e-07	2.241895e-16
3.00968339e-07	2.300648e-16
3.01268867e-07	2.360853e-16
3.01569695e-07	2.422542e-16
3.01870824e-07	2.485751e-16
3.02172253e-07	2.550514e-16
3.02473983e-07	2.616868e-16
3.02776015e-07	2.684847e-16
3.03078348e-07	2.754490e-16
3.03380983e-07	2.825835e-16
3.03683920e-07	2.898920e-16
3.03987160e-07	2.973785e-16
3.04290702e-07	3.050471e-16
3.04594547e-07	3.129019e-16
3.04898696e-07	3.209470e-16
3.05203149e-07	3.291869e-16
3.05507906e-07	3.376259e-16
3.05812967e-07	3.462685e-16
3.06118332e-07	3.551193e-16
3.06424003e-07	3.641829e-16
3.06729978e-07	3.734641e-16
3.07036260e-07	3.829679e-16
3.07342847e-07	3.926991e-16
3.07649740e-07	4.026628e-16
3.07956940e-07	4.128643e-16
3.08264446e-07	4.233088e-16
3.08572260e-07	4.340017e-16
3.08880380e-07	4.449484e-16
3.09188809e-07	4.561547e-16
3.09497545e-07	4.676262e-16
3.09806590e-07	4.793689e-16
3.10115944e-07	4.913886e-16
3.10425606e-07	5.036914e-16
3.10735577e-07	5.162836e-16
3.11045858e-07	5.291715e-16
3.11356449e-07	5.423615e-16
3.11667350e-07	5.558603e-16
3.11978561e-07	5.696745e-16
3.12290084e-07	5.838111e-16
3.12601917e-07	5.982769e-16
3.12914061e-07	6.130792e-16
3.13226518e-07	6.282252e-16
3.13539286e-07	6.437223e-16
3.13852367e-07	6.595782e-16
3.14165760e-07	6.758005e-16
3.14479466e-07	6.923971e-16
3.14793485e-07	7.093760e-16
3.15107818e-07	7.267454e-16
3.15422465e-07	7.445137e-16
3.15737426e-07	7.626893e-16
3.16052702e-07	7.812809e-16
3.16368292e-07	8.002974e-16
3.16684197e-07	8.197478e-16
3.17000418e-07	8.396413e-16
3.17316955e-07	8.599872e-16
3.17633808e-07	8.807951e-16
3.17950977e-07	9.020747e-16
3.18268463e-07	9.238360e-16
3.18586266e-07	9.460891e-16
3.18904386e-07	9.688442e-16
3.19222824e-07	9.921120e-16
3.19541579e-07	1.015903e-15
3.19860654e-07	1.040228e-15
3.20180046e-07	1.065099e-15
3.20499758e-07	1.090526e-15
3.20819789e-07	1.116521e-15
3.21140139e-07	1.143097e-15
3.21460810e-07	1.170264e-15
3.21781800e-07	1.198036e-15
3.22103111e-07	1.226424e-15
3.22424743e-07	1.255441e-15
3.22746696e-07	1.285101e-15
3.23068971e-07	1.315416e-15
3.23391567e-07	1.346400e-15
3.23714485e-07	1.378067e-15
3.24037726e-07	1.410430e-15
3.24361290e-07	1.443503e-15
3.24685177e-07	1.477302e-15
3.25009387e-07	1.511840e-15
3.25333921e-07	1.547133e-15
3.25658779e-07	1.583196e-15
3.25983961e-07	1.620044e-15
3.26309468e-07	1.657694e-15
3.26635300e-07	1.696161e-15
3.26961458e-07	1.735462e-15
3.27287941e-07	1.775614e-15
3.27614750e-07	1.816633e-15
3.27941886e-07	1.858537e-15
3.28269348e-07	1.901344e-15
3.28597137e-07	1.945071e-15
3.28925253e-07	1.989737e-15
3.29253697e-07	2.035361e-15
3.29582469e-07	2.081961e-15
3.29911570e-07	2.129557e-15
3.30240998e-07	2.178168e-15
3.30570756e-07	2.227814e-15
3.30900844e-07	2.278517e-15
3.31231260e-07	2.330295e-15
3.31562007e-07	2.383172e-15
3.31893084e-07	2.437167e-15
3.32224491e-07	2.492304e-15
3.32556230e-07	2.548603e-15
3.32888300e-07	2.606089e-15
3.33220701e-07	2.664783e-15
3.33553434e-07	2.724709e-15
3.33886500e-07	2.785892e-15
3.34219898e-07	2.848355e-15
3.34553629e-07	2.912124e-15
3.34887693e-07	2.977223e-15
3.35222091e-07	3.043677e-15
3.35556822e-07	3.111514e-15
3.35891888e-07	3.180759e-15
3.36227289e-07	3.251440e-15
3.36563024e-07	3.323583e-15
3.36899095e-07	3.397217e-15
3.37235501e-07	3.472370e-15
3.37572243e-07	3.549071e-15
3.37909321e-07	3.627350e-15
3.38246736e-07	3.707236e-15
3.38584488e-07	3.788759e-15
3.38922578e-07	3.871952e-15
3.39261004e-07	3.956844e-15
3.39599769e-07	4.043468e-15
3.39938872e-07	4.131857e-15
3.40278313e-07	4.222043e-15
3.40618094e-07	4.314060e-15
3.40958214e-07	4.407943e-15
3.41298673e-07	4.503727e-15
3.41639473e-07	4.601446e-15
3.41980612e-07	4.701136e-15
3.42322093e-07	4.802836e-15
3.42663914e-07	4.906580e-15
3.43006076e-07	5.012407e-15
3.43348581e-07	5.120357e-15
3.43691427e-07	5.230468e-15
3.44034616e-07	5.342779e-15
3.44378147e-07	5.457331e-15
3.44722021e-07	5.574165e-15
3.45066239e-07	5.693324e-15
3.45410800e-07	5.814849e-15
3.45755706e-07	5.938784e-15
3.46100956e-07	6.065172e-15
3.46446550e-07	6.194058e-15
3.46792490e-07	6.325489e-15
3.47138775e-07	6.459508e-15
3.47485406e-07	6.596165e-15
3.47832383e-07	6.735505e-15
3.48179707e-07	6.877579e-15
3.48527377e-07	7.022434e-15
3.48875395e-07	7.170121e-15
3.49223760e-07	7.320690e-15
3.49572472e-07	7.474194e-15
3.49921534e-07	7.630685e-15
3.50270943e-07	7.790215e-15
3.50620702e-07	7.952841e-15
3.50970809e-07	8.118615e-15
3.51321267e-07	8.287595e-15
3.51672074e-07	8.459837e-15
3.52023232e-07	8.635399e-15
3.52374740e-07	8.814339e-15
3.52726599e-07	8.996718e-15
3.53078810e-07	9.182596e-15
3.53431372e-07	9.372034e-15
3.53784286e-07	9.565095e-15
3.54137553e-07	9.761843e-15
3.54491173e-07	9.962341e-15
3.54845145e-07	1.016666e-14
3.55199471e-07	1.037485e-14
3.55554151e-07	1.058699e-14
3.55909185e-07	1.080316e-14
3.56264573e-07	1.102343e-14
3.56620317e-07	1.124785e-14
3.56976415e-07	1.147650e-14
3.57332870e-07	1.170945e-14
3.57689680e-07	1.194678e-14
3.58046846e-07	1.218858e-14
3.58404369e-07	1.243490e-14
3.58762249e-07	1.268583e-14
3.59120487e-07	1.294144e-14
3.59479082e-07	1.320183e-14
3.59838035e-07	1.346706e-14
3.60197347e-07	1.373722e-14
3.60557017e-07	1.401228e-14
3.60917046e-07	1.429268e-14
3.61277436e-07	1.457818e-14
3.61638184e-07	1.486893e-14
3.61999294e-07	1.516505e-14
3.62360763e-07	1.546658e-14
3.62722594e-07	1.577373e-14
3.63084786e-07	1.608650e-14
3.63447339e-07	1.640498e-14
3.63810255e-07	1.672933e-14
3.64173533e-07	1.705958e-14
3.64537174e-07	1.739588e-14
3.64901178e-07	1.773829e-14
3.65265545e-07	1.808694e-14
3.65630276e-07	1.844192e-14
3.65995372e-07	1.880335e-14
3.66360832e-07	1.917132e-14
3.66726656e-07	1.954595e-14
3.67092847e-07	1.992733e-14
3.67459402e-07	2.031562e-14
3.67826324e-07	2.071084e-14
3.68193613e-07	2.111323e-14
3.68561267e-07	2.152282e-14
3.68929290e-07	2.193976e-14
3.69297679e-07	2.236410e-14
3.69666437e-07	2.279612e-14
3.70035562e-07	2.323575e-14
3.70405056e-07	2.368333e-14
3.70774920e-07	2.413877e-14
3.71145152e-07	2.460230e-14
3.71515754e-07	2.507408e-14
3.71886726e-07	2.555414e-14
3.72258069e-07	2.604281e-14
3.72629783e-07	2.654017e-14
3.73001867e-07	2.704613e-14
3.73374323e-07	2.756109e-14
3.73747152e-07	2.808506e-14
3.74120352e-07	2.861815e-14
3.74493925e-07	2.916062e-14
3.74867871e-07	2.971255e-14
3.75242191e-07	3.027436e-14
3.75616884e-07	3.084559e-14
3.75991951e-07	3.142717e-14
3.76367393e-07	3.201866e-14
3.76743210e-07	3.262022e-14
3.77119402e-07	3.323173e-14
3.77495970e-07	3.385535e-14
3.77872913e-07	3.448896e-14
3.78250233e-07	3.513333e-14
3.78627930e-07	3.578900e-14
3.79006004e-07	3.645589e-14
3.79384456e-07	3.713419e-14
3.79763285e-07	3.782391e-14
3.80142493e-07	3.852597e-14
3.80522079e-07	3.923961e-14
3.80902045e-07	3.996555e-14
3.81282390e-07	4.070404e-14
3.81663114e-07	4.145429e-14
3.82044219e-07	4.221785e-14
3.82425704e-07	4.299533e-14
3.82807570e-07	4.378515e-14
3.83189818e-07	4.458847e-14
3.83572447e-07	4.540476e-14
3.83955458e-07	4.623581e-14
3.84338852e-07	4.708003e-14
3.84722629e-07	4.793855e-14
3.85106789e-07	4.881236e-14
3.85491332e-07	4.970026e-14
3.85876259e-07	5.060302e-14
3.86261571e-07	5.152090e-14
3.86647268e-07	5.245363e-14
3.87033349e-07	5.340276e-14
3.87419816e-07	5.436722e-14
3.87806669e-07	5.534750e-14
3.88193909e-07	5.634478e-14
3.88581535e-07	5.735703e-14
3.88969548e-07	5.838780e-14
3.89357948e-07	5.943540e-14
3.89746737e-07	6.049904e-14
3.90135913e-07	6.158191e-14
3.90525478e-07	6.268096e-14
3.90915433e-07	6.379847e-14
3.91305776e-07	6.493503e-14
3.91696509e-07	6.609086e-14
3.92087633e-07	6.726432e-14
3.92479147e-07	6.845719e-14
3.92871052e-07	6.966941e-14
3.93263348e-07	7.090195e-14
3.93656036e-07	7.215403e-14
3.94049116e-07	7.342596e-14
3.94442589e-07	7.471822e-14
3.94836455e-07	7.603403e-14
3.95230713e-07	7.736615e-14
3.95625366e-07	7.872316e-14
3.96020412e-07	8.010262e-14
3.96415854e-07	8.150717e-14
3.96811689e-07	8.293021e-14
3.97207921e-07	8.437691e-14
3.97604547e-07	8.584670e-14
3.98001570e-07	8.733963e-14
3.98398990e-07	8.885467e-14
3.98796806e-07	9.039837e-14
3.99195019e-07	9.196175e-14
3.99593630e-07	9.355635e-14
3.99992639e-07	9.517110e-14
4.00392047e-07	9.681248e-14
4.00791853e-07	9.848249e-14
4.01192059e-07	1.001763e-13
4.01592664e-07	1.018984e-13
4.01993669e-07	1.036461e-13
4.02395074e-07	1.054207e-13
4.02796881e-07	1.072261e-13
4.03199088e-07	1.090587e-13
4.03601698e-07	1.109175e-13
4.04004709e-07	1.128099e-13
4.04408123e-07	1.147291e-13
4.04811939e-07	1.166745e-13
4.05216159e-07	1.186585e-13
4.05620782e-07	1.206717e-13
4.06025810e-07	1.227130e-13
4.06431241e-07	1.247787e-13
4.06837078e-07	1.268922e-13
4.07243320e-07	1.290295e-13
4.07649967e-07	1.312066e-13
4.08057021e-07	1.334120e-13
4.08464481e-07	1.356527e-13
4.08872348e-07	1.379229e-13
4.09280622e-07	1.402368e-13
4.09689304e-07	1.425809e-13
4.10098394e-07	1.449616e-13
4.10507892e-07	1.473677e-13
4.10917800e-07	1.498326e-13
4.11328116e-07	1.522211e-13
4.11738843e-07	1.548505e-13
4.12149979e-07	1.573814e-13
4.12561526e-07	1.600227e-13
4.12973484e-07	1.626779e-13
4.13385854e-07	1.653683e-13
4.13798635e-07	1.680926e-13
4.14211828e-07	1.708555e-13
4.14625434e-07	1.736538e-13
4.15039453e-07	1.765285e-13
4.15453885e-07	1.794185e-13
4.15868731e-07	1.823571e-13
4.16283991e-07	1.853571e-13
4.16699666e-07	1.883803e-13
4.17115756e-07	1.914606e-13
4.17532262e-07	1.945758e-13
4.17949183e-07	1.977480e-13
4.18366521e-07	2.009630e-13
4.18784276e-07	2.042109e-13
4.19202447e-07	2.075316e-13
4.19621036e-07	2.108650e-13
4.20040044e-07	2.143135e-13
4.20459469e-07	2.177721e-13
4.20879314e-07	2.212644e-13
4.21299577e-07	2.248531e-13
4.21720260e-07	2.283918e-13
4.22141364e-07	2.320822e-13
4.22562887e-07	2.358603e-13
4.22984832e-07	2.394921e-13
4.23407198e-07	2.434426e-13
4.23829986e-07	2.473170e-13
4.24253196e-07	2.512881e-13
4.24676828e-07	2.553338e-13
4.25100884e-07	2.593945e-13
4.25525363e-07	2.635032e-13
4.25950266e-07	2.677130e-13
4.26375593e-07	2.719512e-13
4.26801345e-07	2.762780e-13
4.27227522e-07	2.806263e-13
4.27654124e-07	2.850743e-13
4.28081153e-07	2.895634e-13
4.28508608e-07	2.941422e-13
4.28936489e-07	2.987204e-13
4.29364798e-07	3.033956e-13
4.29793535e-07	3.082317e-13
4.30222700e-07	3.130692e-13
4.30652293e-07	3.179570e-13
4.31082315e-07	3.229302e-13
4.31512767e-07	3.280046e-13
4.31943648e-07	3.331157e-13
4.32374960e-07	3.383051e-13
4.32806703e-07	3.435532e-13
4.33238876e-07	3.488444e-13
4.33671481e-07	3.543114e-13
4.34104518e-07	3.598140e-13
4.34537988e-07	3.653374e-13
4.34971890e-07	3.709978e-13
4.35406226e-07	3.767607e-13
4.35840995e-07	3.824958e-13
4.36276198e-07	3.884533e-13
4.36711836e-07	3.943750e-13
4.37147909e-07	4.004527e-13
4.37584417e-07	4.066726e-13
4.38021362e-07	4.128978e-13
4.38458742e-07	4.191830e-13
4.38896560e-07	4.256295e-13
4.39334814e-07	4.320605e-13
4.39773506e-07	4.386655e-13
4.40212636e-07	4.454126e-13
4.40652205e-07	4.521893e-13
4.41092212e-07	4.590307e-13
4.41532659e-07	4.659870e-13
4.41973546e-07	4.730262e-13
4.42414873e-07	4.802158e-13
4.42856641e-07	4.873445e-13
4.43298849e-07	4.946685e-13
4.43741500e-07	5.022848e-13
4.44184592e-07	5.098435e-13
4.44628127e-07	5.175327e-13
4.45072105e-07	5.253020e-13
4.45516526e-07	5.331558e-13
4.45961390e-07	5.391976e-13
4.46406699e-07	5.492985e-13
4.46852453e-07	5.575171e-13
4.47298652e-07	5.658036e-13
4.47745296e-07	5.743199e-13
4.48192386e-07	5.828754e-13
4.48639923e-07	5.910108e-13
4.49087906e-07	6.002474e-13
4.49536337e-07	6.092828e-13
4.49985216e-07	6.182717e-13
4.50434543e-07	6.274259e-13
4.50884319e-07	6.366636e-13
4.51334543e-07	6.460822e-13
4.51785218e-07	6.555599e-13
4.52236342e-07	6.651823e-13
4.52687917e-07	6.750736e-13
4.53139942e-07	6.849856e-13
4.53592419e-07	6.950971e-13
4.54045348e-07	7.052210e-13
4.54498729e-07	7.151730e-13
4.54952563e-07	7.261204e-13
4.55406850e-07	7.367673e-13
4.55861591e-07	7.474458e-13
4.56316785e-07	7.584322e-13
4.56772435e-07	7.695360e-13
4.57228539e-07	7.806649e-13
4.57685098e-07	7.919586e-13
4.58142114e-07	8.034274e-13
4.58599586e-07	8.150833e-13
4.59057514e-07	8.268033e-13
4.59515900e-07	8.389121e-13
4.59974744e-07	8.510476e-13
4.60434046e-07	8.632050e-13
4.60893806e-07	8.755917e-13
4.61354026e-07	8.884225e-13
4.61814705e-07	9.011655e-13
4.62275844e-07	9.140895e-13
4.62737444e-07	9.271305e-13
4.63199504e-07	9.404686e-13
4.63662026e-07	9.539160e-13
4.64125010e-07	9.674721e-13
4.64588456e-07	9.810807e-13
4.65052364e-07	9.951333e-13
4.65516737e-07	1.008951e-12
4.65981572e-07	1.023970e-12
4.66446872e-07	1.038208e-12
4.66912637e-07	1.052371e-12
4.67378866e-07	1.068019e-12
4.67845561e-07	1.082542e-12
4.68312722e-07	1.098553e-12
4.68780350e-07	1.112163e-12
4.69248445e-07	1.129802e-12
4.69717007e-07	1.145078e-12
4.70186036e-07	1.161941e-12
4.70655535e-07	1.177875e-12
4.71125502e-07	1.191634e-12
4.71595938e-07	1.211525e-12
4.72066844e-07	1.228503e-12
4.72538220e-07	1.245480e-12
4.73010067e-07	1.263035e-12
4.73482385e-07	1.280783e-12
4.73955175e-07	1.296825e-12
4.74428437e-07	1.316607e-12
4.74902171e-07	1.334414e-12
4.75376378e-07	1.352694e-12
4.75851059e-07	1.371207e-12
4.76326214e-07	1.391362e-12
4.76801844e-07	1.411086e-12
4.77277948e-07	1.429440e-12
4.77754528e-07	1.448914e-12
4.78231583e-07	1.469726e-12
4.78709115e-07	1.490246e-12
4.79187124e-07	1.510538e-12
4.79665610e-07	1.530940e-12
4.80144574e-07	1.549787e-12
4.80624016e-07	1.573902e-12
4.81103937e-07	1.595015e-12
4.81584337e-07	1.617136e-12
4.82065217e-07	1.638637e-12
4.82546577e-07	1.662538e-12
4.83028417e-07	1.682979e-12
4.83510739e-07	1.700540e-12
4.83993543e-07	1.727151e-12
4.84476828e-07	1.749076e-12
4.84960596e-07	1.775790e-12
4.85444847e-07	1.800398e-12
4.85929582e-07	1.826643e-12
4.86414801e-07	1.850875e-12
4.86900504e-07	1.876101e-12
4.87386692e-07	1.901197e-12
4.87873366e-07	1.915045e-12
4.88360525e-07	1.953944e-12
4.88848171e-07	1.978936e-12
4.89336304e-07	2.005036e-12
4.89824925e-07	2.018134e-12
4.90314033e-07	2.060443e-12
4.90803630e-07	2.086195e-12
4.91293716e-07	2.116403e-12
4.91784291e-07	2.145103e-12
4.92275355e-07	2.173281e-12
4.92766911e-07	2.201528e-12
4.93258957e-07	2.233253e-12
4.93751494e-07	2.262328e-12
4.94244523e-07	2.287852e-12
4.94738045e-07	2.321816e-12
4.95232059e-07	2.353018e-12
4.95726566e-07	2.384898e-12
4.96221568e-07	2.415564e-12
4.96717063e-07	2.447234e-12
4.97213054e-07	2.477610e-12
4.97709539e-07	2.512085e-12
4.98206521e-07	2.546775e-12
4.98703999e-07	2.579208e-12
4.99201973e-07	2.611108e-12
4.99700445e-07	2.647105e-12
5.00199414e-07	2.684415e-12
5.00698882e-07	2.721042e-12
5.01198848e-07	2.753622e-12
5.01699314e-07	2.790091e-12
5.02200279e-07	2.824273e-12
5.02701745e-07	2.865271e-12
5.03203711e-07	2.897069e-12
5.03706178e-07	2.937013e-12
5.04209148e-07	2.979479e-12
5.04712619e-07	3.014684e-12
5.05216594e-07	3.057469e-12
5.05721071e-07	3.091797e-12
5.06226052e-07	3.137186e-12
5.06731538e-07	3.171806e-12
5.07237528e-07	3.214581e-12
5.07744023e-07	3.260534e-12
5.08251025e-07	3.296450e-12
5.08758532e-07	3.334816e-12
5.09266546e-07	3.387721e-12
5.09775068e-07	3.432347e-12
5.10284097e-07	3.472645e-12
5.10793635e-07	3.493234e-12
5.11303681e-07	3.559986e-12
5.11814237e-07	3.603002e-12
5.12325302e-07	3.633674e-12
5.12836878e-07	3.693362e-12
5.13348965e-07	3.737146e-12
5.13861563e-07	3.793850e-12
5.14374672e-07	3.836506e-12
5.14888295e-07	3.900116e-12
5.15402430e-07	3.947343e-12
5.15917078e-07	3.999337e-12
5.16432240e-07	4.046767e-12
5.16947917e-07	4.095773e-12
5.17464109e-07	4.149388e-12
5.17980816e-07	4.203573e-12
5.18498039e-07	4.263210e-12
5.19015778e-07	4.314108e-12
5.19534035e-07	4.373359e-12
5.20052809e-07	4.428471e-12
5.20572101e-07	4.477241e-12
5.21091911e-07	4.539382e-12
5.21612241e-07	4.593607e-12
5.22133090e-07	4.658875e-12
5.22654459e-07	4.712630e-12
5.23176349e-07	4.768430e-12
5.23698760e-07	4.832998e-12
5.24221693e-07	4.864099e-12
5.24745148e-07	4.948930e-12
5.25269125e-07	5.017035e-12
5.25793626e-07	5.081620e-12
5.26318650e-07	5.146752e-12
5.26844199e-07	5.199942e-12
5.27370272e-07	5.269788e-12
5.27896871e-07	5.305174e-12
5.28423996e-07	5.409205e-12
5.28951647e-07	5.473095e-12
5.29479824e-07	5.532426e-12
5.30008530e-07	5.612076e-12
5.30537763e-07	5.680451e-12
5.31067524e-07	5.745405e-12
5.31597815e-07	5.821700e-12
5.32128635e-07	5.895945e-12
5.32659985e-07	5.957997e-12
5.33191866e-07	6.033531e-12
5.33724278e-07	6.112529e-12
5.34257221e-07	6.182768e-12
5.34790697e-07	6.262478e-12
5.35324705e-07	6.342899e-12
5.35859247e-07	6.412819e-12
5.36394322e-07	6.472186e-12
5.36929932e-07	6.581696e-12
5.37466076e-07	6.657040e-12
5.38002756e-07	6.746077e-12
5.38539972e-07	6.817360e-12
5.39077724e-07	6.876404e-12
5.39616013e-07	6.912170e-12
5.40154839e-07	7.035079e-12
5.40694204e-07	7.136468e-12
5.41234107e-07	7.238996e-12
5.41774550e-07	7.299689e-12
5.42315532e-07	7.353684e-12
5.42857054e-07	7.464020e-12
5.43399117e-07	7.499193e-12
5.43941721e-07	7.567968e-12
5.44484867e-07	7.767089e-12
5.45028555e-07	7.858326e-12
5.45572786e-07	7.974736e-12
5.46117561e-07	8.034895e-12
5.46662879e-07	8.091045e-12
5.47208743e-07	8.239022e-12
5.47755151e-07	8.351892e-12
5.48302105e-07	8.421164e-12
5.48849605e-07	8.558487e-12
5.49397651e-07	8.660101e-12
5.49946245e-07	8.777730e-12
5.50495387e-07	8.845187e-12
5.51045077e-07	8.993706e-12
5.51595316e-07	9.028078e-12
5.52146104e-07	9.214475e-12
5.52697443e-07	9.242591e-12
5.53249331e-07	9.406407e-12
5.53801771e-07	9.398802e-12
5.54354763e-07	9.613369e-12
5.54908307e-07	9.771252e-12
5.55462403e-07	9.859172e-12
5.56017053e-07	9.976765e-12
5.56572257e-07	1.001261e-11
5.57128015e-07	1.017752e-11
5.57684328e-07	1.029372e-11
5.58241196e-07	1.048062e-11
5.58798621e-07	1.061420e-11
5.59356602e-07	1.072526e-11
5.59915140e-07	1.084942e-11
5.60474236e-07	1.094762e-11
5.61033890e-07	1.109736e-11
5.61594104e-07	1.120063e-11
5.62154876e-07	1.138800e-11
5.62716209e-07	1.148616e-11
5.63278102e-07	1.163894e-11
5.63840556e-07	1.173684e-11
5.64403571e-07	1.189785e-11
5.64967149e-07	1.206284e-11
5.65531290e-07	1.216573e-11
5.66095994e-07	1.225529e-11
5.66661262e-07	1.245890e-11
5.67227094e-07	1.256788e-11
5.67793491e-07	1.262589e-11
5.68360454e-07	1.236091e-11
5.68927983e-07	1.290456e-11
5.69496079e-07	1.309761e-11
5.70064741e-07	1.324267e-11
5.70633972e-07	1.335180e-11
5.71203771e-07	1.346854e-11
5.71774140e-07	1.352376e-11
5.72345077e-07	1.376165e-11
5.72916585e-07	1.410225e-11
5.73488663e-07	1.427209e-11
5.74061313e-07	1.437420e-11
5.74634535e-07	1.445540e-11
5.75208328e-07	1.461367e-11
5.75782695e-07	1.488763e-11
5.76357636e-07	1.499055e-11
5.76933150e-07	1.524586e-11
5.77509239e-07	1.537767e-11
5.78085904e-07	1.530481e-11
5.78663144e-07	1.565004e-11
5.79240960e-07	1.567000e-11
5.79819354e-07	1.607281e-11
5.80398325e-07	1.597430e-11
5.80977874e-07	1.638186e-11
5.81558002e-07	1.622810e-11
5.82138709e-07	1.689229e-11
5.82719997e-07	1.694056e-11
5.83301864e-07	1.719591e-11
5.83884313e-07	1.711466e-11
5.84467343e-07	1.734575e-11
5.85050955e-07	1.760709e-11
5.85635150e-07	1.793560e-11
5.86219928e-07	1.783577e-11
5.86805291e-07	1.756300e-11
5.87391238e-07	1.842263e-11
5.87977770e-07	1.853720e-11
5.88564887e-07	1.869527e-11
5.89152591e-07	1.733278e-11
5.89740882e-07	1.868144e-11
5.90329760e-07	1.842251e-11
5.90919226e-07	1.941988e-11
5.91509281e-07	1.976978e-11
5.92099925e-07	1.937962e-11
5.92691158e-07	2.004831e-11
5.93282982e-07	2.023977e-11
5.93875397e-07	2.040329e-11
5.94468404e-07	2.059666e-11
5.95062003e-07	2.071614e-11
5.95656194e-07	2.129946e-11
5.96250979e-07	2.138733e-11
5.96846358e-07	2.063166e-11
5.97442331e-07	2.175689e-11
5.98038899e-07	2.192794e-11
5.98636063e-07	2.250701e-11
5.99233823e-07	2.218579e-11
5.99832181e-07	2.288945e-11
6.00431135e-07	2.112142e-11
6.01030688e-07	2.325839e-11
6.01630839e-07	2.335129e-11
6.02231590e-07	2.341536e-11
6.02832941e-07	2.419820e-11
6.03434892e-07	2.456143e-11
6.04037444e-07	2.409185e-11
6.04640598e-07	2.405574e-11
6.05244354e-07	2.481866e-11
6.05848713e-07	2.504263e-11
6.06453675e-07	2.537251e-11
6.07059241e-07	2.605083e-11
6.07665413e-07	2.619466e-11
6.08272189e-07	2.680218e-11
6.08879571e-07	2.732043e-11
6.09487560e-07	2.747460e-11
6.10096156e-07	2.789456e-11
6.10705360e-07	2.754579e-11
6.11315172e-07	2.848370e-11
6.11925592e-07	2.874890e-11
6.12536623e-07	2.867942e-11
6.13148263e-07	2.953882e-11
6.13760515e-07	2.952947e-11
6.14373377e-07	2.916692e-11
6.14986852e-07	3.024274e-11
6.15600939e-07	3.071888e-11
6.16215639e-07	3.077893e-11
6.16830953e-07	3.038810e-11
6.17446882e-07	3.152046e-11
6.18063426e-07	3.185517e-11
6.18680585e-07	3.240322e-11
6.19298360e-07	3.228643e-11
6.19916753e-07	3.240085e-11
6.20535763e-07	3.322983e-11
6.21155390e-07	3.315527e-11
6.21775637e-07	3.434727e-11
6.22396503e-07	3.438207e-11
6.23017989e-07	3.497899e-11
6.23640096e-07	3.468154e-11
6.24262823e-07	3.532543e-11
6.24886173e-07	3.570999e-11
6.25510145e-07	3.629133e-11
6.26134740e-07	3.566059e-11
6.26759959e-07	3.603329e-11
6.27385802e-07	3.678353e-11
6.28012270e-07	3.663513e-11
6.28639363e-07	3.721389e-11
6.29267083e-07	3.883605e-11
6.29895429e-07	3.857121e-11
6.30524403e-07	3.845583e-11
6.31154005e-07	3.901764e-11
6.31784236e-07	3.930749e-11
6.32415096e-07	3.896847e-11
6.33046586e-07	3.852661e-11
6.33678706e-07	4.143620e-11
6.34311458e-07	4.176459e-11
6.34944842e-07	4.182460e-11
6.35578858e-07	4.262109e-11
6.36213507e-07	4.326183e-11
6.36848789e-07	4.343911e-11
6.37484706e-07	4.257082e-11
6.38121259e-07	4.347575e-11
6.38758446e-07	4.359813e-11
6.39396270e-07	4.507429e-11
6.40034731e-07	4.539940e-11
6.40673830e-07	4.546428e-11
6.41313566e-07	4.552737e-11
6.41953941e-07	4.631961e-11
6.42594956e-07	4.711892e-11
6.43236611e-07	4.612203e-11
6.43878907e-07	4.679979e-11
6.44521844e-07	4.522624e-11
6.45165423e-07	4.778675e-11
6.45809644e-07	4.846054e-11
6.46454509e-07	4.816964e-11
6.47100018e-07	4.665748e-11
6.47746171e-07	4.670869e-11
6.48392970e-07	4.882997e-11
6.49040414e-07	5.121554e-11
6.49688505e-07	5.048472e-11
6.50337243e-07	5.217307e-11
6.50986629e-07	5.207756e-11
6.51636663e-07	4.876085e-11
6.52287347e-07	5.070397e-11
6.52938680e-07	5.095618e-11
6.53590663e-07	5.291691e-11
6.54243298e-07	5.353929e-11
6.54896584e-07	5.501809e-11
6.55550522e-07	5.462930e-11
6.56205114e-07	5.267067e-11
6.56860359e-07	5.397442e-11
6.57516258e-07	5.217355e-11
6.58172813e-07	5.674381e-11
6.58830023e-07	4.048152e-11
6.59487889e-07	5.262477e-11
6.60146412e-07	5.739428e-11
6.60805592e-07	6.060997e-11
6.61465431e-07	5.897984e-11
6.62125929e-07	6.093968e-11
6.62787086e-07	4.091262e-11
6.63448904e-07	5.199807e-11
6.64111382e-07	6.231843e-11
6.64774522e-07	5.791573e-11
6.65438324e-07	6.240376e-11
6.66102789e-07	6.363896e-11
6.66767917e-07	6.157715e-11
6.67433710e-07	6.132381e-11
6.68100167e-07	6.441253e-11
6.68767290e-07	6.596070e-11
6.69435079e-07	6.693052e-11
6.70103534e-07	6.791623e-11
6.70772657e-07	6.549775e-11
6.71442449e-07	6.983919e-11
6.72112909e-07	6.789086e-11
6.72784039e-07	7.103248e-11
6.73455838e-07	7.161494e-11
6.74128309e-07	6.652859e-11
6.74801451e-07	6.644112e-11
6.75475265e-07	7.108572e-11
6.76149752e-07	7.451490e-11
6.76824913e-07	6.961747e-11
6.77500748e-07	7.403742e-11
6.78177257e-07	7.522096e-11
6.78854443e-07	7.496917e-11
6.79532304e-07	7.529075e-11
6.80210842e-07	7.717293e-11
6.80890058e-07	7.803200e-11
6.81569952e-07	7.616504e-11
6.82250525e-07	7.720242e-11
6.82931777e-07	8.139475e-11
6.83613710e-07	8.064571e-11
6.84296323e-07	8.156378e-11
6.84979619e-07	8.313010e-11
6.85663596e-07	8.164054e-11
6.86348257e-07	8.393686e-11
6.87033601e-07	8.465174e-11
6.87719629e-07	6.238861e-11
6.88406343e-07	8.033237e-11
6.89093742e-07	8.452103e-11
6.89781828e-07	8.399782e-11
6.90470600e-07	8.222849e-11
6.91160061e-07	7.820316e-11
6.91850210e-07	7.601762e-11
6.92541048e-07	6.313632e-11
6.93232576e-07	7.647425e-11
6.93924794e-07	8.140444e-11
6.94617704e-07	7.969993e-11
6.95311305e-07	8.227055e-11
6.96005599e-07	8.377563e-11
6.96700587e-07	8.329244e-11
6.97396268e-07	8.541949e-11
6.98092644e-07	8.757614e-11
6.98789716e-07	9.034380e-11
6.99487483e-07	9.192232e-11
7.00185947e-07	8.643542e-11
7.00885109e-07	8.764488e-11
7.01584968e-07	9.317452e-11
7.02285527e-07	9.069271e-11
7.02986785e-07	8.425656e-11
7.03688744e-07	9.132634e-11
7.04391403e-07	8.899206e-11
7.05094764e-07	8.751145e-11
7.05798827e-07	9.850085e-11
7.06503593e-07	9.707284e-11
7.07209063e-07	8.436719e-11
7.07915238e-07	9.656161e-11
7.08622117e-07	9.543784e-11
7.09329703e-07	8.367782e-11
7.10037995e-07	9.543324e-11
7.10746994e-07	8.933272e-11
7.11456701e-07	9.966421e-11
7.12167117e-07	8.535898e-11
7.12878242e-07	9.525311e-11
7.13590078e-07	9.513742e-11
7.14302624e-07	8.633689e-11
7.15015881e-07	9.424558e-11
7.15729851e-07	8.726362e-11
7.16444534e-07	8.511213e-11
7.17159931e-07	9.101076e-11
7.17876041e-07	8.802125e-11
7.18592867e-07	9.010089e-11
7.19310409e-07	8.912530e-11
7.20028667e-07	9.085807e-11
7.20747642e-07	8.705687e-11
7.21467335e-07	8.031808e-11
7.22187747e-07	9.288327e-11
7.22908878e-07	9.401620e-11
7.23630730e-07	7.723015e-11
7.24353302e-07	8.778020e-11
7.25076595e-07	9.403541e-11
7.25800611e-07	8.963523e-11
7.26525350e-07	9.133466e-11
7.27250813e-07	9.516928e-11
7.27976999e-07	1.008143e-10
7.28703911e-07	9.886437e-11
7.29431549e-07	9.329728e-11
7.30159914e-07	8.866348e-11
7.30889005e-07	8.895187e-11
7.31618825e-07	1.045125e-10
7.32349374e-07	9.134533e-11
7.33080652e-07	1.027599e-10
7.33812660e-07	1.039834e-10
7.34545399e-07	1.053868e-10
7.35278870e-07	1.046533e-10
7.36013073e-07	1.031070e-10
7.36748009e-07	8.423097e-11
7.37483680e-07	1.051626e-10
7.38220084e-07	1.024894e-10
7.38957224e-07	1.089871e-10
7.39695101e-07	1.186123e-10
7.40433714e-07	1.028068e-10
7.41173064e-07	1.066526e-10
7.41913153e-07	8.934510e-11
7.42653981e-07	1.121577e-10
7.43395548e-07	1.177131e-10
7.44137856e-07	4.918045e-11
7.44880905e-07	1.169412e-10
7.45624697e-07	8.026499e-11
7.46369230e-07	1.104569e-10
7.47114508e-07	1.048214e-10
7.47860529e-07	1.212359e-10
7.48607296e-07	1.141614e-10
7.49354808e-07	1.243859e-10
7.50103066e-07	1.231404e-10
7.50852072e-07	1.063168e-10
7.51601826e-07	1.138465e-10
7.52352328e-07	1.179839e-10
7.53103580e-07	1.144845e-10
7.53855582e-07	1.221558e-10
7.54608334e-07	1.272899e-10
7.55361839e-07	1.271031e-10
7.56116095e-07	1.263664e-10
7.56871105e-07	1.236043e-10
7.57626869e-07	1.290484e-10
7.58383388e-07	1.321201e-10
7.59140662e-07	1.227152e-10
7.59898692e-07	1.318969e-10
7.60657479e-07	1.289155e-10
7.61417023e-07	1.380385e-10
7.62177326e-07	1.425519e-10
7.62938389e-07	1.467604e-10
7.63700211e-07	1.484034e-10
7.64462794e-07	1.468763e-10
7.65226138e-07	1.358908e-10
7.65990245e-07	1.480195e-10
7.66755115e-07	1.494370e-10
7.67520748e-07	1.457633e-10
7.68287146e-07	1.544370e-10
7.69054309e-07	1.480072e-10
7.69822238e-07	1.425551e-10
7.70590934e-07	1.381617e-10
7.71360398e-07	1.503755e-10
7.72130630e-07	1.427439e-10
7.72901631e-07	1.631284e-10
7.73673402e-07	1.545472e-10
7.74445944e-07	1.609492e-10
7.75219257e-07	1.601128e-10
7.75993342e-07	1.642283e-10
7.76768200e-07	1.626230e-10
7.77543832e-07	1.571381e-10
7.78320238e-07	1.653349e-10
7.79097420e-07	1.514589e-10
7.79875377e-07	1.665806e-10
7.80654112e-07	1.725730e-10
7.81433624e-07	1.704244e-10
7.82213914e-07	1.733024e-10
7.82994984e-07	1.748879e-10
7.83776833e-07	1.613956e-10
7.84559463e-07	1.690894e-10
7.85342875e-07	1.741930e-10
7.86127069e-07	1.777976e-10
7.86912046e-07	1.628894e-10
7.87697807e-07	1.799440e-10
7.88484352e-07	1.751278e-10
7.89271683e-07	1.754165e-10
7.90059800e-07	1.769635e-10
7.90848704e-07	1.855530e-10
7.91638396e-07	1.867748e-10
7.92428876e-07	1.893711e-10
7.93220146e-07	1.896775e-10
7.94012205e-07	1.915117e-10
7.94805056e-07	1.902088e-10
7.95598698e-07	1.927377e-10
7.96393133e-07	1.871130e-10
7.97188361e-07	2.000548e-10
7.97984383e-07	1.928868e-10
7.98781200e-07	1.958463e-10
7.99578813e-07	1.976384e-10
8.00377222e-07	1.907933e-10
8.01176428e-07	2.001055e-10
8.01976433e-07	2.005578e-10
8.02777236e-07	2.020856e-10
8.03578839e-07	1.759755e-10
8.04381242e-07	1.905898e-10
8.05184446e-07	2.010475e-10
8.05988453e-07	1.881726e-10
8.06793262e-07	1.558214e-10
8.07598875e-07	1.425942e-10
8.08405293e-07	1.840210e-10
8.09212515e-07	1.685584e-10
8.10020544e-07	1.740321e-10
8.10829379e-07	1.653961e-10
8.11639023e-07	1.607454e-10
8.12449474e-07	1.466884e-10
8.13260735e-07	1.515433e-10
8.14072806e-07	1.868406e-10
8.14885688e-07	1.388247e-10
8.15699382e-07	1.446970e-10
8.16513888e-07	1.938426e-10
8.17329207e-07	1.951268e-10
8.18145341e-07	1.946821e-10
8.18962289e-07	1.890453e-10
8.19780053e-07	1.847790e-10
8.20598634e-07	1.841648e-10
8.21418032e-07	2.032270e-10
8.22238248e-07	2.088835e-10
8.23059284e-07	4.569883e-11
8.23881139e-07	1.938223e-10
8.24703815e-07	1.733238e-10
8.25527312e-07	2.054271e-10
8.26351632e-07	1.929841e-10
8.27176774e-07	2.090596e-10
8.28002741e-07	2.325391e-10
8.28829533e-07	1.775295e-10
8.29657150e-07	1.605673e-10
8.30485593e-07	2.229298e-10
8.31314864e-07	1.984485e-10
8.32144962e-07	2.379703e-10
8.32975890e-07	2.393354e-10
8.33807647e-07	2.211105e-10
8.34640235e-07	1.670803e-10
8.35473654e-07	1.279655e-10
8.36307906e-07	1.989738e-10
8.37142990e-07	2.091725e-10
8.37978908e-07	2.196697e-10
8.38815661e-07	1.813428e-10
8.39653250e-07	2.232379e-10
8.40491675e-07	1.962865e-10
8.41330937e-07	2.128967e-10
8.42171037e-07	2.190782e-10
8.43011976e-07	2.161651e-10
8.43853755e-07	2.242867e-10
8.44696374e-07	2.429225e-10
8.45539834e-07	2.276051e-10
8.46384137e-07	1.545628e-10
8.47229283e-07	2.316548e-10
8.48075273e-07	2.322225e-10
8.48922108e-07	2.472425e-10
8.49769788e-07	2.499388e-10
8.50618314e-07	2.396282e-10
8.51467688e-07	2.473964e-10
8.52317910e-07	2.459370e-10
8.53168981e-07	2.583812e-10
8.54020902e-07	2.617892e-10
8.54873674e-07	2.404952e-10
8.55727297e-07	2.097189e-10
8.56581772e-07	2.257611e-10
8.57437101e-07	2.475815e-10
8.58293284e-07	2.479019e-10
8.59150321e-07	2.700444e-10
8.60008215e-07	2.370266e-10
8.60866965e-07	2.742031e-10
8.61726572e-07	2.729496e-10
8.62587038e-07	2.722451e-10
8.63448363e-07	2.752867e-10
8.64310548e-07	2.817447e-10
8.65173595e-07	2.791699e-10
8.66037502e-07	2.761756e-10
8.66902273e-07	3.015458e-10
8.67767907e-07	2.757094e-10
8.68634405e-07	3.162969e-10
8.69501769e-07	2.796449e-10
8.70369999e-07	2.795225e-10
8.71239096e-07	2.310741e-10
8.72109060e-07	3.158584e-10
8.72979893e-07	3.127000e-10
8.73851596e-07	3.262679e-10
8.74724169e-07	3.181548e-10
8.75597614e-07	3.029823e-10
8.76471930e-07	3.210178e-10
8.77347120e-07	3.449361e-10
8.78223184e-07	3.023366e-10
8.79100122e-07	3.348779e-10
8.79977936e-07	3.398064e-10
8.80856627e-07	3.195104e-10
8.81736195e-07	3.224819e-10
8.82616641e-07	3.271183e-10
8.83497966e-07	3.071834e-10
8.84380172e-07	3.220528e-10
8.85263258e-07	3.431832e-10
8.86147226e-07	3.154876e-10
8.87032077e-07	3.038173e-10
8.87917812e-07	3.262227e-10
8.88804430e-07	3.161538e-10
8.89691935e-07	3.242215e-10
8.90580325e-07	3.368348e-10
8.91469602e-07	2.857486e-10
8.92359768e-07	2.910325e-10
8.93250822e-07	2.945957e-10
8.94142766e-07	3.307074e-10
8.95035601e-07	3.110967e-10
8.95929327e-07	3.039926e-10
8.96823946e-07	2.963461e-10
8.97719458e-07	1.697923e-10
8.98615864e-07	3.279646e-10
8.99513165e-07	3.371575e-10
9.00411362e-07	3.514084e-10
9.01310456e-07	3.422846e-10
9.02210448e-07	3.542800e-10
9.03111339e-07	3.171108e-10
9.04013129e-07	3.173026e-10
9.04915820e-07	3.421923e-10
9.05819412e-07	3.265080e-10
9.06723906e-07	3.700066e-10
9.07629303e-07	3.018683e-10
9.08535605e-07	3.851923e-10
9.09442811e-07	3.154881e-10
9.10350924e-07	3.632378e-10
9.11259943e-07	3.807724e-10
9.12169869e-07	3.539402e-10
9.13080705e-07	2.473144e-10
9.13992450e-07	3.756375e-10
9.14905105e-07	3.850759e-10
9.15818672e-07	9.027881e-11
9.16733151e-07	2.770386e-10
9.17648543e-07	2.040256e-10
9.18564849e-07	3.458392e-10
9.19482070e-07	2.855116e-10
9.20400207e-07	2.899939e-10
9.21319260e-07	2.951439e-10
9.22239232e-07	3.010473e-10
9.23160122e-07	1.897430e-10
9.24081931e-07	2.394541e-10
9.25004661e-07	3.801647e-10
9.25928313e-07	8.637462e-11
9.26852887e-07	3.111237e-10
9.27778384e-07	2.165790e-10
9.28704805e-07	7.778919e-11
9.29632151e-07	2.065790e-10
9.30560423e-07	3.323684e-10
9.31489622e-07	3.500005e-10
9.32419749e-07	9.490108e-11
9.33350805e-07	1.109198e-10
9.34282790e-07	2.086358e-10
9.35215706e-07	2.787359e-10
9.36149554e-07	2.702880e-10
9.37084334e-07	3.322161e-10
9.38020047e-07	5.242275e-11
9.38956695e-07	1.309186e-10
9.39894278e-07	2.447479e-10
9.40832797e-07	3.540900e-10
9.41772253e-07	8.276954e-11
9.42712648e-07	1.971264e-10
9.43653981e-07	1.282515e-10
9.44596255e-07	1.546658e-10
9.45539469e-07	2.940948e-10
9.46483625e-07	3.243725e-10
9.47428724e-07	1.788018e-10
9.48374767e-07	2.610747e-10
9.49321755e-07	2.597926e-10
9.50269687e-07	2.647805e-10
9.51218567e-07	3.320529e-10
9.52168394e-07	2.409442e-10
9.53119169e-07	2.286180e-10
9.54070894e-07	3.648975e-10
9.55023569e-07	3.386422e-10
9.55977196e-07	2.112096e-10
9.56931774e-07	1.149987e-10
9.57887306e-07	3.334315e-10
9.58843792e-07	3.225376e-10
9.59801233e-07	2.171904e-10
9.60759630e-07	1.510107e-10
9.61718984e-07	3.024339e-10
9.62679296e-07	1.444520e-10
9.63640567e-07	1.166115e-10
9.64602798e-07	3.360786e-10
9.65565990e-07	2.710152e-10
9.66530143e-07	3.543034e-10
9.67495259e-07	2.916425e-10
9.68461339e-07	1.799182e-10
9.69428384e-07	2.087950e-10
9.70396394e-07	3.978094e-10
9.71365371e-07	3.684395e-10
9.72335315e-07	3.321893e-10
9.73306228e-07	2.787293e-10
9.74278110e-07	1.341752e-10
9.75250963e-07	1.918933e-10
9.76224787e-07	3.657011e-10
9.77199584e-07	3.103045e-10
9.78175354e-07	3.007716e-10
9.79152098e-07	2.828475e-10
9.80129818e-07	3.926523e-10
9.81108514e-07	3.438393e-10
9.82088187e-07	3.357109e-10
9.83068838e-07	3.429087e-10
9.84050469e-07	3.132692e-10
9.85033080e-07	2.655976e-10
9.86016672e-07	2.905451e-10
9.87001246e-07	3.739688e-10
9.87986804e-07	2.844120e-10
9.88973345e-07	3.532160e-10
9.89960871e-07	3.338738e-10
9.90949384e-07	3.616354e-10
9.91938884e-07	3.418552e-10
9.92929371e-07	3.683516e-10
9.93920848e-07	4.328268e-10
9.94913315e-07	3.792275e-10
9.95906773e-07	3.520211e-10
9.96901223e-07	3.478543e-10
9.97896665e-07	4.287172e-10
9.98893102e-07	4.431152e-10
9.99890534e-07	4.303698e-10
1.00088896e-06	3.084861e-10
1.00188839e-06	3.141420e-10
1.00288881e-06	4.029020e-10
1.00389023e-06	4.538917e-10
1.00489265e-06	4.008997e-10
1.00589607e-06	3.947085e-10
1.00690050e-06	4.600209e-10
1.00790593e-06	4.347340e-10
1.00891236e-06	4.753203e-10
1.00991979e-06	4.724582e-10
1.01092824e-06	3.679566e-10
1.01193769e-06	4.696579e-10
1.01294814e-06	4.255166e-10
1.01395961e-06	4.641588e-10
1.01497209e-06	4.836677e-10
1.01598557e-06	4.890543e-10
1.01700007e-06	4.662972e-10
1.01801558e-06	4.706310e-10
1.01903211e-06	5.151409e-10
1.02004965e-06	3.876758e-10
1.02106821e-06	5.152079e-10
1.02208778e-06	5.160084e-10
1.02310838e-06	4.612944e-10
1.02412999e-06	4.919698e-10
1.02515262e-06	5.142362e-10
1.02617627e-06	4.737786e-10
1.02720095e-06	5.257267e-10
1.02822665e-06	5.021822e-10
1.02925337e-06	5.074562e-10
1.03028112e-06	5.078214e-10
1.03130989e-06	5.393670e-10
1.03233969e-06	5.217179e-10
1.03337052e-06	5.443529e-10
1.03440238e-06	5.717662e-10
1.03543527e-06	5.580498e-10
1.03646919e-06	5.752132e-10
1.03750414e-06	5.284708e-10
1.03854013e-06	5.535795e-10
1.03957715e-06	5.736454e-10
1.04061521e-06	5.807713e-10
1.04165430e-06	5.438745e-10
1.04269443e-06	5.454360e-10
1.04373560e-06	5.670470e-10
1.04477781e-06	5.616035e-10
1.04582106e-06	5.895917e-10
1.04686535e-06	5.169641e-10
1.04791068e-06	5.453567e-10
1.04895706e-06	5.769481e-10
1.05000448e-06	5.641780e-10
1.05105295e-06	5.590403e-10
1.05210246e-06	5.663620e-10
1.05315303e-06	6.255130e-10
1.05420464e-06	6.264711e-10
1.05525730e-06	6.409129e-10
1.05631102e-06	6.185418e-10
1.05736578e-06	6.377442e-10
1.05842160e-06	6.461870e-10
1.05947847e-06	5.998925e-10
1.06053640e-06	5.964759e-10
1.06159539e-06	6.357582e-10
1.06265543e-06	6.419064e-10
1.06371653e-06	6.333631e-10
1.06477869e-06	6.623003e-10
1.06584191e-06	6.344053e-10
1.06690619e-06	6.282379e-10
1.06797154e-06	6.516770e-10
1.06903795e-06	5.968806e-10
1.07010542e-06	6.665347e-10
1.07117396e-06	6.126070e-10
1.07224357e-06	6.836595e-10
1.07331424e-06	6.783905e-10
1.07438599e-06	7.064940e-10
1.07545880e-06	6.906930e-10
1.07653269e-06	6.349660e-10
1.07760765e-06	6.509265e-10
1.07868368e-06	4.836280e-10
1.07976078e-06	6.521926e-10
1.08083896e-06	6.890733e-10
1.08191822e-06	6.811705e-10
1.08299856e-06	7.045996e-10
1.08407997e-06	6.987423e-10
1.08516247e-06	6.724683e-10
1.08624604e-06	6.226343e-10
1.08733070e-06	6.222636e-10
1.08841644e-06	6.622684e-10
1.08950326e-06	5.913528e-10
1.09059117e-06	6.496051e-10
1.09168017e-06	3.543805e-10
1.09277025e-06	3.623631e-10
1.09386142e-06	3.946273e-10
1.09495368e-06	3.815038e-10
1.09604703e-06	2.480092e-10
1.09714148e-06	4.215788e-10
1.09823701e-06	5.782975e-10
1.09933364e-06	5.674973e-10
1.10043137e-06	3.833434e-10
1.10153019e-06	4.355783e-10
1.10263011e-06	4.566731e-10
1.10373113e-06	6.603404e-10
1.10483324e-06	4.910148e-10
1.10593646e-06	3.845724e-10
1.10704078e-06	5.413579e-10
1.10814620e-06	4.633477e-10
1.10925273e-06	4.308831e-10
1.11036036e-06	1.788629e-10
1.11146909e-06	4.844208e-10
1.11257893e-06	5.053119e-10
1.11368989e-06	4.831042e-10
1.11480195e-06	1.980550e-10
1.11591512e-06	5.691611e-10
1.11702940e-06	3.068918e-10
1.11814480e-06	5.504475e-10
1.11926130e-06	2.461945e-10
1.12037893e-06	1.294044e-10
1.12149767e-06	5.690318e-10
1.12261752e-06	5.669341e-10
1.12373850e-06	5.258229e-10
1.12486059e-06	5.246821e-10
1.12598381e-06	5.449775e-10
1.12710815e-06	5.740422e-10
1.12823361e-06	2.461875e-10
1.12936019e-06	1.856887e-10
1.13048790e-06	5.383999e-10
1.13161673e-06	3.981969e-10
1.13274669e-06	6.424680e-10
1.13387778e-06	5.954291e-10
1.13501000e-06	4.248650e-10
1.13614335e-06	4.550342e-10
1.13727783e-06	5.141542e-10
1.13841345e-06	6.497008e-10
1.13955019e-06	6.322322e-10
1.14068808e-06	5.881307e-10
1.14182710e-06	4.422600e-10
1.14296725e-06	4.688106e-10
1.14410855e-06	2.275747e-10
1.14525098e-06	5.504401e-10
1.14639456e-06	3.297078e-10
1.14753928e-06	4.818339e-10
1.14868514e-06	3.645893e-10
1.14983214e-06	2.377234e-10
1.15098029e-06	4.136710e-10
1.15212959e-06	6.491591e-10
1.15328003e-06	2.838618e-10
1.15443162e-06	3.514882e-10
1.15558437e-06	4.219114e-10
1.15673826e-06	5.913557e-10
1.15789331e-06	4.208872e-10
1.15904951e-06	5.800457e-10
1.16020686e-06	5.213347e-10
1.16136537e-06	5.178674e-10
1.16252504e-06	1.545555e-10
1.16368586e-06	1.626415e-10
1.16484784e-06	4.000387e-10
1.16601099e-06	5.734801e-10
1.16717529e-06	4.264439e-10
1.16834076e-06	1.750434e-10
1.16950739e-06	1.958491e-10
1.17067519e-06	3.721938e-10
1.17184415e-06	6.294927e-10
1.17301428e-06	5.048663e-10
1.17418558e-06	5.043321e-10
1.17535805e-06	5.815842e-10
1.17653168e-06	4.677004e-10
1.17770650e-06	4.403043e-10
1.17888248e-06	3.733528e-10
1.18005964e-06	3.459034e-10
1.18123797e-06	5.354838e-10
1.18241748e-06	1.799572e-10
1.18359817e-06	3.965433e-10
1.18478003e-06	5.017309e-10
1.18596308e-06	2.573448e-10
1.18714731e-06	7.404148e-10
1.18833272e-06	6.369437e-10
1.18951931e-06	3.936560e-10
1.19070709e-06	4.494188e-10
1.19189606e-06	5.791927e-10
1.19308621e-06	7.300059e-10
1.19427755e-06	6.412424e-10
1.19547008e-06	7.549600e-10
1.19666380e-06	6.951551e-10
1.19785872e-06	6.836996e-10
1.19905482e-06	4.762663e-10
1.20025212e-06	7.831385e-10
1.20145062e-06	7.232975e-10
1.20265031e-06	6.858835e-10
1.20385120e-06	8.528871e-10
1.20505329e-06	6.386474e-10
1.20625658e-06	6.351312e-10
1.20746108e-06	7.667840e-10
1.20866677e-06	7.838977e-10
1.20987367e-06	4.421376e-10
1.21108177e-06	7.471867e-10
1.21229108e-06	6.265391e-10
1.21350160e-06	7.521405e-10
1.21471333e-06	8.084572e-10
1.21592626e-06	6.136338e-10
1.21714041e-06	7.711015e-10
1.21835577e-06	8.410898e-10
1.21957234e-06	9.255728e-10
1.22079013e-06	6.706587e-10
1.22200914e-06	8.368707e-10
1.22322936e-06	7.494796e-10
1.22445080e-06	8.707079e-10
1.22567346e-06	7.725478e-10
1.22689734e-06	7.833589e-10
1.22812244e-06	8.540256e-10
1.22934876e-06	7.516715e-10
1.23057631e-06	7.265253e-10
1.23180509e-06	6.427570e-10
1.23303509e-06	8.639780e-10
1.23426633e-06	7.814852e-10
1.23549879e-06	7.936365e-10
1.23673248e-06	7.039062e-10
1.23796740e-06	8.554511e-10
1.23920356e-06	9.164314e-10
1.24044095e-06	8.337551e-10
1.24167957e-06	9.550367e-10
1.24291944e-06	8.158950e-10
1.24416054e-06	8.541943e-10
1.24540288e-06	1.006496e-09
1.24664646e-06	9.974286e-10
1.24789128e-06	9.890391e-10
1.24913735e-06	1.008433e-09
1.25038466e-06	1.034192e-09
1.25163321e-06	9.924387e-10
1.25288301e-06	1.041087e-09
1.25413407e-06	1.031510e-09
1.25538636e-06	7.946998e-10
1.25663991e-06	9.953865e-10
1.25789472e-06	9.219372e-10
1.25915077e-06	1.075240e-09
1.26040808e-06	8.492760e-10
1.26166664e-06	1.019817e-09
1.26292646e-06	1.088406e-09
1.26418754e-06	1.049197e-09
1.26544988e-06	1.052960e-09
1.26671348e-06	1.108629e-09
1.26797834e-06	1.134053e-09
1.26924446e-06	1.042341e-09
1.27051185e-06	5.936022e-10
1.27178050e-06	1.129732e-09
1.27305042e-06	9.856035e-10
1.27432161e-06	1.196140e-09
1.27559407e-06	1.095787e-09
1.27686780e-06	1.011862e-09
1.27814280e-06	1.139726e-09
1.27941907e-06	9.944175e-10
1.28069662e-06	1.021333e-09
1.28197544e-06	9.962088e-10
1.28325554e-06	6.216680e-10
1.28453692e-06	1.011033e-09
1.28581958e-06	1.115393e-09
1.28710351e-06	1.176866e-09
1.28838874e-06	1.095931e-09
1.28967524e-06	8.061640e-10
1.29096303e-06	1.105753e-09
1.29225210e-06	1.085782e-09
1.29354246e-06	1.230556e-09
1.29483411e-06	9.044410e-10
1.29612705e-06	1.097467e-09
1.29742128e-06	1.023544e-09
1.29871681e-06	1.181064e-09
1.30001362e-06	1.270453e-09
1.30131174e-06	1.051359e-09
1.30261114e-06	1.039608e-09
1.30391185e-06	1.069132e-09
1.30521385e-06	1.126701e-09
1.30651716e-06	1.039560e-09
1.30782176e-06	1.036128e-09
1.30912767e-06	4.223026e-10
1.31043489e-06	7.965929e-10
1.31174340e-06	6.460010e-10
1.31305323e-06	1.118840e-09
1.31436436e-06	9.850631e-10
1.31567680e-06	1.113488e-09
1.31699055e-06	7.559453e-10
1.31830562e-06	9.746673e-10
1.31962199e-06	9.164506e-10
1.32093969e-06	8.929257e-10
1.32225869e-06	1.034900e-09
1.32357902e-06	9.915324e-10
1.32490066e-06	9.591879e-10
1.32622362e-06	6.372126e-10
1.32754791e-06	1.240468e-09
1.32887351e-06	6.427058e-10
1.33020044e-06	5.295028e-10
1.33152870e-06	9.894838e-10
1.33285828e-06	4.427692e-10
1.33418918e-06	6.943102e-10
1.33552142e-06	7.047171e-10
1.33685499e-06	5.188225e-10
1.33818989e-06	4.604836e-10
1.33952612e-06	6.338934e-10
1.34086369e-06	6.878450e-10
1.34220259e-06	8.849472e-10
1.34354283e-06	3.212291e-10
1.34488441e-06	2.536196e-10
1.34622732e-06	6.922880e-10
1.34757158e-06	4.147471e-10
1.34891718e-06	5.193464e-10
1.35026412e-06	3.186497e-10
1.35161241e-06	2.893339e-10
1.35296205e-06	4.182715e-10
1.35431303e-06	3.442670e-10
1.35566536e-06	2.956620e-10
1.35701905e-06	4.239381e-10
1.35837408e-06	2.724834e-10
1.35973047e-06	4.326201e-10
1.36108821e-06	2.660444e-10
1.36244730e-06	3.344676e-10
1.36380776e-06	5.963726e-10
1.36516957e-06	5.387533e-10
1.36653274e-06	4.018483e-10
1.36789728e-06	3.824423e-10
1.36926317e-06	3.380341e-10
1.37063043e-06	3.519272e-10
1.37199906e-06	5.264856e-10
1.37336905e-06	6.125231e-10
1.37474041e-06	5.059764e-10
1.37611314e-06	3.806412e-10
1.37748724e-06	7.335506e-10
1.37886271e-06	4.337693e-10
1.38023956e-06	3.652785e-10
1.38161778e-06	6.819049e-10
1.38299737e-06	4.342487e-10
1.38437835e-06	3.527529e-10
1.38576070e-06	3.344080e-10
1.38714443e-06	4.897632e-10
1.38852955e-06	6.238865e-10
1.38991605e-06	2.920320e-10
1.39130393e-06	5.983419e-10
1.39269320e-06	3.068360e-10
1.39408385e-06	6.799338e-10
1.39547590e-06	4.396750e-10
1.39686933e-06	4.419490e-10
1.39826416e-06	5.697609e-10
1.39966038e-06	3.041355e-10
1.40105799e-06	3.108715e-10
1.40245700e-06	6.193083e-10
1.40385740e-06	5.907097e-10
1.40525921e-06	3.349629e-10
1.40666241e-06	3.155236e-10
1.40806702e-06	5.689111e-10
1.40947302e-06	4.521385e-10
1.41088043e-06	3.612275e-10
1.41228925e-06	4.751158e-10
1.41369947e-06	4.146966e-10
1.41511110e-06	5.634573e-10
1.41652415e-06	7.585508e-10
1.41793860e-06	4.614781e-10
1.41935446e-06	3.800177e-10
1.42077174e-06	3.140995e-10
1.42219043e-06	3.601030e-10
1.42361054e-06	3.314215e-10
1.42503207e-06	4.217442e-10
1.42645502e-06	5.641657e-10
1.42787939e-06	4.458173e-10
1.42930518e-06	3.566202e-10
1.43073239e-06	5.880718e-10
1.43216103e-06	3.691265e-10
1.43359110e-06	5.470011e-10
1.43502259e-06	5.566221e-10
1.43645551e-06	4.610526e-10
1.43788987e-06	4.854613e-10
1.43932565e-06	5.679172e-10
1.44076287e-06	4.852192e-10
1.44220153e-06	5.422724e-10
1.44364162e-06	7.048233e-10
1.44508315e-06	4.286376e-10
1.44652612e-06	5.811052e-10
1.44797053e-06	4.590276e-10
1.44941638e-06	6.495843e-10
1.45086368e-06	3.910780e-10
1.45231242e-06	6.020728e-10
1.45376261e-06	4.160504e-10
1.45521424e-06	6.324991e-10
1.45666733e-06	3.438529e-10
1.45812186e-06	3.664741e-10
1.45957785e-06	3.869604e-10
1.46103529e-06	6.621612e-10
1.46249419e-06	4.254047e-10
1.46395455e-06	4.182958e-10
1.46541636e-06	7.230941e-10
1.46687963e-06	4.468263e-10
1.46834437e-06	5.401262e-10
1.46981056e-06	6.021952e-10
1.47127822e-06	6.731818e-10
1.47274735e-06	8.190357e-10
1.47421794e-06	4.233545e-10
1.47569000e-06	4.107562e-10
1.47716353e-06	5.471948e-10
1.47863854e-06	4.007267e-10
1.48011501e-06	5.045885e-10
1.48159296e-06	6.261951e-10
1.48307239e-06	8.877365e-10
1.48455329e-06	4.470137e-10
1.48603567e-06	5.439647e-10
1.48751953e-06	7.104533e-10
1.48900488e-06	7.842963e-10
1.49049170e-06	5.291734e-10
1.49198001e-06	7.111652e-10
1.49346981e-06	4.252359e-10
1.49496110e-06	9.570741e-10
1.49645387e-06	4.453028e-10
1.49794813e-06	8.637906e-10
1.49944389e-06	8.167991e-10
1.50094114e-06	6.434475e-10
1.50243989e-06	6.356651e-10
1.50394013e-06	6.271143e-10
1.50544187e-06	6.814294e-10
1.50694511e-06	6.107693e-10
1.50844985e-06	7.628001e-10
1.50995609e-06	6.861190e-10
1.51146384e-06	6.701945e-10
1.51297309e-06	9.358919e-10
1.51448385e-06	7.014514e-10
1.51599612e-06	9.340071e-10
1.51750990e-06	5.641260e-10
1.51902519e-06	4.732442e-10
1.52054199e-06	7.768123e-10
1.52206031e-06	5.536510e-10
1.52358014e-06	7.154267e-10
1.52510149e-06	7.019286e-10
1.52662436e-06	1.048905e-09
1.52814875e-06	6.677821e-10
1.52967467e-06	1.224023e-09
1.53120210e-06	4.632218e-10
1.53273107e-06	8.741289e-10
1.53426156e-06	6.063531e-10
1.53579357e-06	7.595106e-10
1.53732712e-06	4.738429e-10
1.53886220e-06	8.282541e-10
1.54039881e-06	9.739435e-10
1.54193695e-06	8.775232e-10
1.54347663e-06	9.417302e-10
1.54501785e-06	1.201662e-09
1.54656061e-06	6.320750e-10
1.54810491e-06	1.043745e-09
1.54965075e-06	7.889060e-10
1.55119813e-06	9.951530e-10
1.55274706e-06	1.017901e-09
1.55429754e-06	1.132785e-09
1.55584956e-06	1.055995e-09
1.55740313e-06	8.220150e-10
1.55895826e-06	1.055327e-09
1.56051494e-06	1.131074e-09
1.56207317e-06	1.129425e-09
1.56363296e-06	1.159607e-09
1.56519430e-06	8.075892e-10
1.56675721e-06	1.136543e-09
1.56832167e-06	1.120418e-09
1.56988770e-06	1.161584e-09
1.57145529e-06	1.042125e-09
1.57302445e-06	7.236395e-10
1.57459517e-06	1.188902e-09
1.57616746e-06	1.089154e-09
1.57774132e-06	1.288169e-09
1.57931676e-06	1.247867e-09
1.58089376e-06	1.323356e-09
1.58247234e-06	7.450784e-10
1.58405250e-06	1.120781e-09
1.58563424e-06	1.239250e-09
1.58721755e-06	1.075089e-09
1.58880245e-06	1.420811e-09
1.59038892e-06	8.123930e-10
1.59197699e-06	1.127899e-09
1.59356663e-06	1.406986e-09
1.59515787e-06	1.506116e-09
1.59675069e-06	1.325181e-09
1.59834511e-06	1.088205e-09
1.59994111e-06	1.288771e-09
1.60153872e-06	1.273367e-09
1.60313791e-06	1.138895e-09
1.60473870e-06	1.525611e-09
1.60634109e-06	1.355072e-09
1.60794509e-06	1.444376e-09
1.60955068e-06	1.417640e-09
1.61115787e-06	1.414066e-09
1.61276668e-06	1.382388e-09
1.61437708e-06	1.496360e-09
1.61598910e-06	1.391621e-09
1.61760272e-06	1.494239e-09
1.61921796e-06	1.326576e-09
1.62083481e-06	1.491654e-09
1.62245327e-06	1.413519e-09
1.62407335e-06	1.328459e-09
1.62569505e-06	1.442954e-09
1.62731837e-06	1.429847e-09
1.62894330e-06	1.578204e-09
1.63056986e-06	1.522226e-09
1.63219805e-06	6.726178e-10
1.63382786e-06	1.566524e-09
1.63545930e-06	1.424365e-09
1.63709236e-06	1.434843e-09
1.63872706e-06	1.470550e-09
1.64036339e-06	1.387430e-09
1.64200135e-06	1.735772e-09
1.64364095e-06	1.584528e-09
1.64528219e-06	1.519345e-09
1.64692506e-06	1.533863e-09
1.64856958e-06	1.567902e-09
1.65021574e-06	1.618178e-09
1.65186354e-06	1.489518e-09
1.65351299e-06	1.663488e-09
1.65516408e-06	1.643666e-09
1.65681682e-06	1.671288e-09
1.65847122e-06	1.604764e-09
1.66012726e-06	1.557293e-09
1.66178496e-06	1.576654e-09
1.66344431e-06	1.635623e-09
1.66510532e-06	1.678279e-09
1.66676799e-06	1.552274e-09
1.66843232e-06	1.646443e-09
1.67009831e-06	1.289598e-09
1.67176597e-06	1.204614e-09
1.67343529e-06	1.614374e-09
1.67510628e-06	1.596176e-09
1.67677893e-06	1.658795e-09
1.67845326e-06	1.241779e-09
1.68012926e-06	1.665598e-09
1.68180693e-06	1.834502e-09
1.68348627e-06	1.444023e-09
1.68516730e-06	1.530337e-09
1.68685000e-06	1.069633e-09
1.68853438e-06	1.618825e-09
1.69022045e-06	1.715222e-09
1.69190819e-06	1.292230e-09
1.69359763e-06	1.755998e-09
1.69528875e-06	1.265644e-09
1.69698156e-06	1.540743e-09
1.69867605e-06	1.728176e-09
1.70037225e-06	1.507845e-09
1.70207013e-06	1.642923e-09
1.70376971e-06	1.216573e-09
1.70547099e-06	1.475491e-09
1.70717396e-06	1.616842e-09
1.70887864e-06	1.537049e-09
1.71058502e-06	1.764605e-09
1.71229310e-06	1.574761e-09
1.71400289e-06	1.356577e-09
1.71571438e-06	1.187003e-09
1.71742759e-06	1.175714e-09
1.71914250e-06	1.182214e-09
1.72085913e-06	1.077634e-09
1.72257747e-06	1.200625e-09
1.72429753e-06	1.602548e-09
1.72601931e-06	1.510013e-09
1.72774280e-06	1.197151e-09
1.72946801e-06	1.100420e-09
1.73119495e-06	1.324641e-09
1.73292362e-06	1.279044e-09
1.73465400e-06	1.232635e-09
1.73638612e-06	1.464779e-09
1.73811997e-06	1.339390e-09
1.73985554e-06	8.762570e-10
1.74159285e-06	1.394544e-09
1.74333190e-06	1.405084e-09
1.74507268e-06	1.017245e-09
1.74681520e-06	6.078759e-10
1.74855946e-06	1.595367e-09
1.75030546e-06	6.941691e-10
1.75205321e-06	7.415641e-10
1.75380270e-06	1.170226e-09
1.75555393e-06	6.512008e-10
1.75730692e-06	7.771140e-10
1.75906165e-06	1.489417e-09
1.76081814e-06	1.326473e-09
1.76257638e-06	1.326991e-09
1.76433638e-06	1.298548e-09
1.76609814e-06	1.336292e-09
1.76786165e-06	6.201914e-10
1.76962693e-06	1.529766e-09
1.77139397e-06	1.162490e-09
1.77316277e-06	9.682784e-10
1.77493334e-06	9.680796e-10
1.77670567e-06	1.090184e-09
1.77847978e-06	7.877684e-10
1.78025566e-06	1.047023e-09
1.78203331e-06	8.346231e-10
1.78381274e-06	1.006482e-09
1.78559394e-06	1.247480e-09
1.78737692e-06	1.216997e-09
1.78916168e-06	1.106332e-09
1.79094823e-06	9.137654e-10
1.79273655e-06	7.975567e-10
1.79452667e-06	1.408889e-09
1.79631857e-06	6.469894e-10
1.79811226e-06	1.003833e-09
1.79990774e-06	1.195641e-09
1.80170502e-06	8.209506e-10
1.80350409e-06	7.893070e-10
1.80530495e-06	1.160425e-09
1.80710762e-06	7.753100e-10
1.80891208e-06	7.619077e-10
1.81071835e-06	6.799187e-10
1.81252641e-06	6.811816e-10
1.81433629e-06	9.624571e-10
1.81614797e-06	1.365532e-09
1.81796146e-06	8.966798e-10
1.81977676e-06	9.305733e-10
1.82159388e-06	8.039881e-10
1.82341281e-06	7.130681e-10
1.82523355e-06	9.816213e-10
1.82705612e-06	9.391835e-10
1.82888050e-06	6.776313e-10
1.83070670e-06	9.945806e-10
1.83253473e-06	7.029692e-10
1.83436459e-06	1.365504e-09
1.83619627e-06	7.074398e-10
1.83802978e-06	1.095263e-09
1.83986512e-06	6.884759e-10
1.84170229e-06	1.279427e-09
1.84354130e-06	7.422615e-10
1.84538214e-06	1.225895e-09
1.84722483e-06	7.078492e-10
1.84906935e-06	1.405214e-09
1.85091571e-06	1.195735e-09
1.85276392e-06	1.423296e-09
1.85461397e-06	1.045678e-09
1.85646588e-06	9.783788e-10
1.85831963e-06	1.031424e-09
1.86017523e-06	9.766869e-10
1.86203268e-06	9.361659e-10
1.86389199e-06	1.106747e-09
1.86575315e-06	1.127376e-09
1.86761618e-06	9.223919e-10
1.86948106e-06	1.274266e-09
1.87134781e-06	1.026555e-09
1.87321642e-06	9.976951e-10
1.87508689e-06	1.195901e-09
1.87695924e-06	1.161659e-09
1.87883345e-06	1.086673e-09
1.88070954e-06	1.385085e-09
1.88258749e-06	1.300533e-09
1.88446733e-06	1.225854e-09
1.88634904e-06	1.572324e-09
1.88823263e-06	1.212857e-09
1.89011810e-06	8.924133e-10
1.89200545e-06	1.210563e-09
1.89389469e-06	7.332910e-10
1.89578581e-06	1.450189e-09
1.89767882e-06	1.158363e-09
1.89957373e-06	1.226247e-09
1.90147052e-06	7.585761e-10
1.90336921e-06	8.998644e-10
1.90526980e-06	1.122649e-09
1.90717228e-06	8.550320e-10
1.90907666e-06	1.374565e-09
1.91098294e-06	1.187067e-09
1.91289113e-06	9.798909e-10
1.91480122e-06	1.381042e-09
1.91671322e-06	1.068426e-09
1.91862713e-06	1.347508e-09
1.92054295e-06	1.281846e-09
1.92246069e-06	1.060503e-09
1.92438033e-06	1.323498e-09
1.92630190e-06	1.076059e-09
1.92822538e-06	1.208252e-09
1.93015079e-06	1.360500e-09
1.93207812e-06	1.407936e-09
1.93400737e-06	9.931354e-10
1.93593855e-06	1.195004e-09
1.93787165e-06	1.111133e-09
1.93980669e-06	8.005956e-10
1.94174366e-06	1.444381e-09
1.94368256e-06	1.168358e-09
1.94562340e-06	1.270260e-09
1.94756618e-06	1.016112e-09
1.94951089e-06	1.210479e-09
1.95145755e-06	1.334422e-09
1.95340615e-06	7.877477e-10
1.95535670e-06	1.092353e-09
1.95730920e-06	1.050859e-09
1.95926364e-06	1.473712e-09
1.96122004e-06	1.229726e-09
1.96317839e-06	1.315745e-09
1.96513870e-06	9.543046e-10
1.96710096e-06	1.318825e-09
1.96906519e-06	1.286443e-09
1.97103137e-06	1.104917e-09
1.97299952e-06	1.009704e-09
1.97496963e-06	1.364964e-09
1.97694171e-06	1.190395e-09
1.97891576e-06	1.614966e-09
1.98089178e-06	1.287913e-09
1.98286978e-06	9.872998e-10
1.98484975e-06	9.992723e-10
1.98683169e-06	1.025934e-09
1.98881562e-06	1.541370e-09
1.99080152e-06	8.398427e-10
1.99278941e-06	1.016553e-09
1.99477929e-06	1.375567e-09
1.99677115e-06	1.027795e-09
1.99876500e-06	1.423212e-09
2.00076084e-06	1.474814e-09
2.00275867e-06	1.388297e-09
2.00475850e-06	1.314427e-09
2.00676033e-06	1.512394e-09
2.00876415e-06	8.257956e-10
2.01076998e-06	1.035401e-09
2.01277780e-06	1.424411e-09
2.01478764e-06	1.277622e-09
2.01679948e-06	9.525844e-10
2.01881333e-06	8.463532e-10
2.02082919e-06	1.320468e-09
2.02284706e-06	1.253953e-09
2.02486695e-06	1.075103e-09
2.02688885e-06	1.317991e-09
2.02891278e-06	1.110614e-09
2.03093872e-06	1.078414e-09
2.03296669e-06	1.192243e-09
2.03499668e-06	1.212146e-09
2.03702870e-06	1.398869e-09
2.03906275e-06	1.238618e-09
2.04109883e-06	1.355291e-09
2.04313694e-06	1.355161e-09
2.04517709e-06	1.571932e-09
2.04721927e-06	1.334668e-09
2.04926350e-06	1.558208e-09
2.05130976e-06	1.556871e-09
2.05335807e-06	1.005430e-09
2.05540843e-06	1.657705e-09
2.05746083e-06	1.463770e-09
2.05951528e-06	1.574488e-09
2.06157178e-06	1.097635e-09
2.06363034e-06	1.456363e-09
2.06569095e-06	1.564306e-09
2.06775362e-06	1.074977e-09
2.06981835e-06	1.728715e-09
2.07188514e-06	1.515606e-09
2.07395399e-06	1.499643e-09
2.07602491e-06	1.432069e-09
2.07809790e-06	1.585502e-09
2.08017296e-06	1.591169e-09
2.08225009e-06	1.717272e-09
2.08432929e-06	1.327079e-09
2.08641057e-06	1.165110e-09
2.08849393e-06	1.316609e-09
2.09057937e-06	1.411076e-09
2.09266689e-06	1.722862e-09
2.09475649e-06	1.366906e-09
2.09684818e-06	1.410933e-09
2.09894197e-06	1.584640e-09
2.10103784e-06	1.492921e-09
2.10313580e-06	1.627907e-09
2.10523586e-06	1.600275e-09
2.10733802e-06	1.381828e-09
2.10944227e-06	1.735397e-09
2.11154863e-06	1.338806e-09
2.11365709e-06	1.557156e-09
2.11576765e-06	1.702494e-09
2.11788032e-06	1.657284e-09
2.11999511e-06	1.434391e-09
2.12211200e-06	1.720987e-09
2.12423101e-06	1.767851e-09
2.12635213e-06	1.657966e-09
2.12847537e-06	1.273282e-09
2.13060073e-06	1.529018e-09
2.13272822e-06	1.668058e-09
2.13485783e-06	1.631850e-09
2.13698956e-06	1.444398e-09
2.13912342e-06	1.755750e-09
2.14125942e-06	1.507995e-09
2.14339754e-06	1.254226e-09
2.14553781e-06	1.787376e-09
2.14768021e-06	1.824217e-09
2.14982474e-06	1.439061e-09
2.15197142e-06	1.725204e-09
2.15412025e-06	1.684290e-09
2.15627122e-06	1.809736e-09
2.15842433e-06	1.862981e-09
2.16057960e-06	1.520515e-09
2.16273702e-06	1.819095e-09
2.16489659e-06	1.713372e-09
2.16705832e-06	1.795982e-09
2.16922221e-06	1.757914e-09
2.17138826e-06	1.450936e-09
2.17355647e-06	1.804430e-09
2.17572684e-06	1.496585e-09
2.17789939e-06	1.804442e-09
2.18007410e-06	1.708071e-09
2.18225099e-06	1.684555e-09
2.18443005e-06	1.511324e-09
2.18661128e-06	1.463172e-09
2.18879469e-06	1.743317e-09
2.19098028e-06	1.632206e-09
2.19316806e-06	1.791905e-09
2.19535802e-06	1.709328e-09
2.19755017e-06	1.718694e-09
2.19974450e-06	1.764477e-09
2.20194103e-06	1.675393e-09
2.20413975e-06	1.676837e-09
2.20634066e-06	1.701641e-09
2.20854377e-06	1.339114e-09
2.21074909e-06	1.441500e-09
2.21295660e-06	1.714207e-09
2.21516632e-06	1.741454e-09
2.21737825e-06	1.712347e-09
2.21959238e-06	1.097464e-09
2.22180873e-06	1.601230e-09
2.22402729e-06	1.778892e-09
2.22624806e-06	1.745627e-09
2.22847105e-06	1.732807e-09
2.23069626e-06	1.821702e-09
2.23292369e-06	1.144474e-09
2.23515335e-06	1.750196e-09
2.23738523e-06	1.768341e-09
2.23961935e-06	1.834918e-09
2.24185569e-06	1.234579e-09
2.24409427e-06	1.817953e-09
2.24633508e-06	1.684519e-09
2.24857813e-06	1.798943e-09
2.25082341e-06	1.694791e-09
2.25307094e-06	1.778859e-09
2.25532072e-06	1.721125e-09
2.25757274e-06	1.793422e-09
2.25982701e-06	1.764070e-09
2.26208353e-06	1.832791e-09
2.26434231e-06	1.588401e-09
2.26660334e-06	1.713819e-09
2.26886662e-06	1.690591e-09
2.27113217e-06	1.776245e-09
2.27339998e-06	1.692397e-09
2.27567005e-06	1.758570e-09
2.27794240e-06	1.738967e-09
2.28021700e-06	1.541486e-09
2.28249389e-06	1.519619e-09
2.28477304e-06	1.792803e-09
2.28705447e-06	1.690250e-09
2.28933818e-06	1.785719e-09
2.29162417e-06	1.585516e-09
2.29391244e-06	1.096446e-09
2.29620300e-06	1.636941e-09
2.29849584e-06	1.375344e-09
2.30079097e-06	1.661918e-09
2.30308840e-06	1.412124e-09
2.30538812e-06	1.695514e-09
2.30769013e-06	1.565863e-09
2.30999445e-06	1.436373e-09
2.31230106e-06	1.667492e-09
2.31460998e-06	1.717235e-09
2.31692121e-06	1.727648e-09
2.31923474e-06	1.757156e-09
2.32155058e-06	1.743875e-09
2.32386873e-06	1.702321e-09
2.32618920e-06	1.670033e-09
2.32851199e-06	1.269228e-09
2.33083709e-06	1.707012e-09
2.33316452e-06	1.549566e-09
2.33549427e-06	1.580206e-09
2.33782635e-06	1.644992e-09
2.34016076e-06	1.663335e-09
2.34249749e-06	1.606337e-09
2.34483656e-06	1.169432e-09
2.34717797e-06	1.749283e-09
2.34952171e-06	1.412832e-09
2.35186780e-06	1.783516e-09
2.35421623e-06	1.716300e-09
2.35656700e-06	1.740976e-09
2.35892012e-06	1.562554e-09
2.36127559e-06	1.680580e-09
2.36363341e-06	1.741868e-09
2.36599358e-06	1.741622e-09
2.36835612e-06	1.777020e-09
2.37072101e-06	1.585360e-09
2.37308826e-06	1.179948e-09
2.37545788e-06	1.587249e-09
2.37782986e-06	1.805773e-09
2.38020421e-06	1.670721e-09
2.38258093e-06	1.475505e-09
2.38496003e-06	1.559552e-09
2.38734150e-06	1.538342e-09
2.38972535e-06	1.740315e-09
2.39211158e-06	1.437592e-09
2.39450019e-06	1.659111e-09
2.39689119e-06	1.639803e-09
2.39928457e-06	1.762570e-09
2.40168035e-06	1.380050e-09
2.40407851e-06	1.310163e-09
2.40647907e-06	1.811627e-09
2.40888203e-06	1.485122e-09
2.41128739e-06	1.684724e-09
2.41369515e-06	1.361032e-09
2.41610531e-06	1.128116e-09
2.41851788e-06	1.467498e-09
2.42093286e-06	1.713944e-09
2.42335026e-06	1.124489e-09
2.42577006e-06	1.300015e-09
2.42819228e-06	1.478361e-09
2.43061692e-06	1.440269e-09
2.43304398e-06	1.726995e-09
2.43547347e-06	1.533021e-09
2.43790538e-06	1.235210e-09
2.44033972e-06	1.663135e-09
2.44277649e-06	1.723313e-09
2.44521569e-06	1.603748e-09
2.44765733e-06	1.472735e-09
2.45010140e-06	1.363814e-09
2.45254792e-06	1.404538e-09
2.45499688e-06	1.500235e-09
2.45744829e-06	1.808411e-09
2.45990214e-06	1.292263e-09
2.46235844e-06	1.773569e-09
2.46481720e-06	1.738833e-09
2.46727841e-06	1.746166e-09
2.46974208e-06	1.340377e-09
2.47220821e-06	1.428171e-09
2.47467680e-06	1.482785e-09
2.47714786e-06	1.501859e-09
2.47962138e-06	1.376664e-09
2.48209737e-06	1.467824e-09
2.48457584e-06	1.275370e-09
2.48705678e-06	1.158759e-09
2.48954020e-06	1.151994e-09
2.49202610e-06	1.372198e-09
2.49451448e-06	1.459033e-09
2.49700534e-06	1.247941e-09
2.49949870e-06	1.411378e-09
2.50199454e-06	1.743753e-09
2.50449287e-06	1.296038e-09
2.50699370e-06	1.475995e-09
2.50949703e-06	1.552016e-09
2.51200285e-06	1.163558e-09
2.51451118e-06	1.363420e-09
2.51702201e-06	1.601488e-09
2.51953535e-06	1.190305e-09
2.52205120e-06	1.410613e-09
2.52456956e-06	1.256322e-09
2.52709044e-06	1.444115e-09
2.52961383e-06	1.391000e-09
2.53213975e-06	1.582975e-09
2.53466818e-06	1.174260e-09
2.53719914e-06	1.517936e-09
2.53973263e-06	1.183472e-09
2.54226865e-06	1.480727e-09
2.54480720e-06	1.594790e-09
2.54734828e-06	1.542896e-09
2.54989190e-06	1.434208e-09
2.55243806e-06	1.393731e-09
2.55498677e-06	1.402767e-09
2.55753802e-06	1.526104e-09
2.56009181e-06	1.187155e-09
2.56264816e-06	1.194983e-09
2.56520706e-06	1.424887e-09
2.56776851e-06	1.183095e-09
2.57033253e-06	1.750891e-09
2.57289910e-06	1.562895e-09
2.57546823e-06	1.420529e-09
2.57803993e-06	1.200702e-09
2.58061420e-06	1.572192e-09
2.58319104e-06	1.279747e-09
2.58577045e-06	1.473341e-09
2.58835244e-06	1.309884e-09
2.59093701e-06	1.657005e-09
2.59352415e-06	1.408386e-09
2.59611388e-06	1.234611e-09
2.59870620e-06	1.634167e-09
2.60130110e-06	1.280645e-09
2.60389860e-06	1.434000e-09
2.60649869e-06	1.228422e-09
2.60910137e-06	1.254085e-09
2.61170666e-06	1.654261e-09
2.61431454e-06	1.703443e-09
2.61692503e-06	1.348645e-09
2.61953813e-06	1.695789e-09
2.62215384e-06	1.456508e-09
2.62477215e-06	1.628013e-09
2.62739309e-06	1.327926e-09
2.63001663e-06	1.727315e-09
2.63264280e-06	1.261399e-09
2.63527160e-06	1.685999e-09
2.63790301e-06	1.740539e-09
2.64053706e-06	1.214823e-09
2.64317373e-06	1.219859e-09
2.64581304e-06	1.224305e-09
2.64845498e-06	1.285089e-09
2.65109956e-06	1.300728e-09
2.65374678e-06	1.736865e-09
2.65639665e-06	1.509538e-09
2.65904916e-06	1.633455e-09
2.66170431e-06	1.675370e-09
2.66436213e-06	1.601464e-09
2.66702259e-06	1.329272e-09
2.66968571e-06	1.253084e-09
2.67235149e-06	1.694108e-09
2.67501993e-06	1.511601e-09
2.67769104e-06	1.332194e-09
2.68036481e-06	1.411605e-09
2.68304126e-06	1.252706e-09
2.68572037e-06	1.236443e-09
2.68840216e-06	1.538346e-09
2.69108663e-06	1.237226e-09
2.69377378e-06	1.235830e-09
2.69646362e-06	1.287057e-09
2.69915613e-06	1.735270e-09
2.70185134e-06	1.264652e-09
2.70454924e-06	1.249129e-09
2.70724983e-06	1.310416e-09
2.70995312e-06	1.324484e-09
2.71265911e-06	1.615842e-09
2.71536780e-06	1.251326e-09
2.71807920e-06	1.500961e-09
2.72079330e-06	1.368823e-09
2.72351011e-06	1.437882e-09
2.72622964e-06	1.354075e-09
2.72895188e-06	1.250101e-09
2.73167684e-06	1.264920e-09
2.73440452e-06	1.479529e-09
2.73713492e-06	1.608596e-09
2.73986805e-06	1.352031e-09
2.74260391e-06	1.739362e-09
2.74534251e-06	1.320181e-09
2.74808383e-06	1.275262e-09
2.75082790e-06	1.499908e-09
2.75357470e-06	1.747358e-09
2.75632425e-06	1.682685e-09
2.75907654e-06	1.884461e-09
2.76183158e-06	1.753611e-09
2.76458937e-06	1.329812e-09
2.76734991e-06	1.453517e-09
2.77011322e-06	1.272814e-09
2.77287928e-06	1.410465e-09
2.77564810e-06	1.656856e-09
2.77841969e-06	1.337425e-09
2.78119404e-06	1.304037e-09
2.78397117e-06	1.543687e-09
2.78675106e-06	1.350441e-09
2.78953374e-06	1.272943e-09
2.79231919e-06	1.289490e-09
2.79510743e-06	1.418218e-09
2.79789844e-06	1.291967e-09
2.80069225e-06	1.275873e-09
2.80348884e-06	1.305787e-09
2.80628823e-06	1.611807e-09
2.80909041e-06	1.303170e-09
2.81189540e-06	1.614449e-09
2.81470318e-06	1.284957e-09
2.81751376e-06	1.298659e-09
2.82032715e-06	1.379469e-09
2.82314336e-06	1.283755e-09
2.82596237e-06	1.329420e-09
2.82878420e-06	1.371933e-09
2.83160884e-06	1.388677e-09
2.83443631e-06	1.424088e-09
2.83726660e-06	1.289616e-09
2.84009972e-06	1.354806e-09
2.84293566e-06	1.352163e-09
2.84577444e-06	1.465383e-09
2.84861605e-06	1.290820e-09
2.85146050e-06	1.308600e-09
2.85430779e-06	1.512162e-09
2.85715792e-06	1.386658e-09
2.86001090e-06	1.586272e-09
2.86286672e-06	1.703023e-09
2.86572540e-06	1.299842e-09
2.86858693e-06	1.325892e-09
2.87145132e-06	1.328785e-09
2.87431857e-06	1.805961e-09
2.87718869e-06	1.323816e-09
2.88006167e-06	1.668245e-09
2.88293752e-06	1.328589e-09
2.88581624e-06	1.454752e-09
2.88869783e-06	1.320030e-09
2.89158230e-06	1.405317e-09
2.89446965e-06	1.463755e-09
2.89735989e-06	1.590259e-09
2.90025301e-06	1.367305e-09
2.90314902e-06	1.857541e-09
2.90604792e-06	1.565459e-09
2.90894972e-06	1.315604e-09
2.91185441e-06	1.351381e-09
2.91476201e-06	1.462029e-09
2.91767251e-06	1.565404e-09
2.92058591e-06	1.313541e-09
2.92350222e-06	1.422772e-09
2.92642145e-06	1.349371e-09
2.92934359e-06	1.584725e-09
2.93226865e-06	1.549079e-09
2.93519663e-06	1.564104e-09
2.93812753e-06	1.347912e-09
2.94106136e-06	1.688421e-09
2.94399812e-06	1.577468e-09
2.94693781e-06	1.492704e-09
2.94988043e-06	1.774996e-09
2.95282600e-06	1.938889e-09
2.95577451e-06	1.433253e-09
2.95872596e-06	1.545996e-09
2.96168035e-06	1.640876e-09
2.96463770e-06	1.709429e-09
2.96759800e-06	1.683341e-09
2.97056126e-06	1.373446e-09
2.97352747e-06	1.439811e-09
2.97649665e-06	1.626648e-09
2.97946879e-06	1.416380e-09
2.98244390e-06	1.345599e-09
2.98542198e-06	1.427907e-09
2.98840304e-06	1.659885e-09
2.99138707e-06	1.377069e-09
2.99437408e-06	1.457405e-09
2.99736407e-06	1.833297e-09
3.00035705e-06	1.587815e-09
3.00335302e-06	1.374409e-09
3.00635198e-06	1.559057e-09
3.00935393e-06	1.651459e-09
3.01235888e-06	1.655473e-09
3.01536684e-06	1.814881e-09
3.01837779e-06	1.462105e-09
3.02139175e-06	1.616886e-09
3.02440873e-06	1.491003e-09
3.02742871e-06	1.725615e-09
3.03045171e-06	1.518311e-09
3.03347773e-06	1.419059e-09
3.03650677e-06	1.570264e-09
3.03953883e-06	1.550897e-09
3.04257392e-06	1.393700e-09
3.04561205e-06	1.846134e-09
3.04865320e-06	1.569158e-09
3.05169740e-06	1.600177e-09
3.05474463e-06	1.605253e-09
3.05779491e-06	1.702445e-09
3.06084823e-06	1.536122e-09
3.06390460e-06	1.369370e-09
3.06696402e-06	1.535339e-09
3.07002650e-06	1.551915e-09
3.07309203e-06	1.378471e-09
3.07616063e-06	1.756440e-09
3.07923229e-06	1.617636e-09
3.08230702e-06	1.609155e-09
3.08538481e-06	1.483513e-09
3.08846569e-06	1.538171e-09
3.09154963e-06	1.467055e-09
3.09463666e-06	1.444918e-09
3.09772677e-06	1.483101e-09
3.10081996e-06	1.483682e-09
3.10391625e-06	1.676104e-09
3.10701562e-06	1.383120e-09
3.11011809e-06	1.436701e-09
3.11322366e-06	1.605251e-09
3.11633233e-06	1.486564e-09
3.11944410e-06	1.648481e-09
3.12255898e-06	1.417514e-09
3.12567698e-06	1.619049e-09
3.12879808e-06	1.575343e-09
3.13192230e-06	1.560563e-09
3.13504964e-06	1.456563e-09
3.13818010e-06	1.437704e-09
3.14131369e-06	1.456580e-09
3.14445041e-06	1.669684e-09
3.14759026e-06	1.583393e-09
3.15073325e-06	1.424198e-09
3.15387937e-06	1.557620e-09
3.15702864e-06	1.556896e-09
3.16018105e-06	1.467984e-09
3.16333660e-06	1.382130e-09
3.16649531e-06	1.597446e-09
3.16965718e-06	1.741161e-09
3.17282220e-06	1.542497e-09
3.17599038e-06	1.486801e-09
3.17916172e-06	1.446045e-09
3.18233623e-06	1.806952e-09
3.18551391e-06	1.545463e-09
3.18869477e-06	1.460302e-09
3.19187880e-06	1.633418e-09
3.19506601e-06	1.537169e-09
3.19825640e-06	1.538751e-09
3.20144997e-06	1.408106e-09
3.20464674e-06	1.413198e-09
3.20784670e-06	1.677011e-09
3.21104985e-06	1.447736e-09
3.21425621e-06	1.593665e-09
3.21746576e-06	1.563278e-09
3.22067852e-06	1.500953e-09
3.22389449e-06	1.394063e-09
3.22711366e-06	1.603288e-09
3.23033606e-06	1.717720e-09
3.23356167e-06	1.533013e-09
3.23679050e-06	1.494709e-09
3.24002255e-06	1.814871e-09
3.24325783e-06	1.402562e-09
3.24649635e-06	1.674564e-09
3.24973809e-06	1.681109e-09
3.25298308e-06	1.596836e-09
3.25623130e-06	1.786096e-09
3.25948277e-06	1.417066e-09
3.26273748e-06	1.816101e-09
3.26599545e-06	1.790887e-09
3.26925667e-06	1.495028e-09
3.27252114e-06	1.940011e-09
3.27578887e-06	1.495305e-09
3.27905987e-06	1.793181e-09
3.28233413e-06	1.543131e-09
3.28561167e-06	1.531374e-09
3.28889247e-06	1.880864e-09
3.29217655e-06	1.578950e-09
3.29546391e-06	1.787141e-09
3.29875455e-06	1.584308e-09
3.30204848e-06	1.935355e-09
3.30534570e-06	1.525587e-09
3.30864621e-06	1.534701e-09
3.31195002e-06	1.385144e-09
3.31525712e-06	1.608471e-09
3.31856753e-06	1.648260e-09
3.32188124e-06	1.591606e-09
3.32519826e-06	1.668535e-09
3.32851860e-06	1.472194e-09
3.33184225e-06	1.472754e-09
3.33516921e-06	1.736250e-09
3.33849950e-06	1.534260e-09
3.34183312e-06	1.522009e-09
3.34517006e-06	1.538428e-09
3.34851034e-06	1.591708e-09
3.35185395e-06	1.784864e-09
3.35520090e-06	1.659138e-09
3.35855119e-06	1.575600e-09
3.36190483e-06	1.617498e-09
3.36526182e-06	1.616832e-09
3.36862216e-06	1.688730e-09
3.37198585e-06	1.816963e-09
3.37535290e-06	1.917948e-09
3.37872332e-06	1.746365e-09
3.38209710e-06	1.711303e-09
3.38547425e-06	1.605220e-09
3.38885477e-06	1.842533e-09
3.39223867e-06	1.528462e-09
3.39562594e-06	1.723642e-09
3.39901660e-06	1.766742e-09
3.40241065e-06	1.786969e-09
3.40580808e-06	1.823640e-09
3.40920890e-06	1.560777e-09
3.41261313e-06	1.512473e-09
3.41602075e-06	1.696689e-09
3.41943177e-06	1.739567e-09
3.42284620e-06	1.747386e-09
3.42626404e-06	1.557378e-09
3.42968529e-06	1.561990e-09
3.43310996e-06	1.671362e-09
3.43653804e-06	1.451151e-09
3.43996956e-06	1.750532e-09
3.44340449e-06	1.740296e-09
3.44684286e-06	1.537486e-09
3.45028466e-06	1.819704e-09
3.45372990e-06	1.709696e-09
3.45717857e-06	1.675442e-09
3.46063070e-06	1.901885e-09
3.46408626e-06	1.704225e-09
3.46754528e-06	1.520858e-09
3.47100775e-06	1.418525e-09
3.47447368e-06	1.739398e-09
3.47794307e-06	1.507522e-09
3.48141593e-06	1.542435e-09
3.48489225e-06	1.469066e-09
3.48837205e-06	1.744427e-09
3.49185532e-06	1.705190e-09
3.49534206e-06	1.710921e-09
3.49883229e-06	1.845806e-09
3.50232600e-06	1.899840e-09
3.50582321e-06	1.889201e-09
3.50932390e-06	1.843825e-09
3.51282809e-06	1.830372e-09
3.51633578e-06	1.517508e-09
3.51984697e-06	1.810723e-09
3.52336167e-06	1.946638e-09
3.52687988e-06	1.416123e-09
3.53040160e-06	1.937297e-09
3.53392683e-06	1.826381e-09
3.53745559e-06	1.839343e-09
3.54098787e-06	1.700047e-09
3.54452368e-06	1.692983e-09
3.54806302e-06	2.000358e-09
3.55160589e-06	1.797065e-09
3.55515230e-06	1.790696e-09
3.55870225e-06	1.808161e-09
3.56225575e-06	1.887129e-09
3.56581279e-06	1.807174e-09
3.56937339e-06	1.810543e-09
3.57293754e-06	1.839402e-09
3.57650525e-06	1.815441e-09
3.58007652e-06	1.941308e-09
3.58365136e-06	1.930916e-09
3.58722977e-06	1.902005e-09
3.59081175e-06	1.936247e-09
3.59439731e-06	2.020150e-09
3.59798645e-06	1.493540e-09
3.60157917e-06	1.496668e-09
3.60517548e-06	1.894842e-09
3.60877538e-06	1.718594e-09
3.61237888e-06	1.611974e-09
3.61598597e-06	1.724994e-09
3.61959667e-06	1.979645e-09
3.62321097e-06	1.834761e-09
3.62682888e-06	1.678114e-09
3.63045040e-06	1.772328e-09
3.63407554e-06	1.724197e-09
3.63770430e-06	1.565913e-09
3.64133669e-06	2.020863e-09
3.64497270e-06	2.074373e-09
3.64861234e-06	1.799323e-09
3.65225561e-06	1.603983e-09
3.65590252e-06	2.154208e-09
3.65955308e-06	1.986697e-09
3.66320728e-06	1.906728e-09
3.66686512e-06	2.037793e-09
3.67052662e-06	2.013080e-09
3.67419178e-06	1.623166e-09
3.67786060e-06	1.913226e-09
3.68153308e-06	1.931470e-09
3.68520923e-06	2.207772e-09
3.68888904e-06	1.773049e-09
3.69257254e-06	2.085461e-09
3.69625971e-06	1.559717e-09
3.69995056e-06	1.813338e-09
3.70364510e-06	2.037290e-09
3.70734332e-06	1.816875e-09
3.71104524e-06	1.805678e-09
3.71475086e-06	2.033037e-09
3.71846018e-06	1.979871e-09
3.72217320e-06	1.856437e-09
3.72588992e-06	2.015351e-09
3.72961036e-06	2.080236e-09
3.73333452e-06	2.027077e-09
3.73706239e-06	1.997292e-09
3.74079399e-06	2.153993e-09
3.74452931e-06	1.999305e-09
3.74826836e-06	1.584246e-09
3.75201114e-06	2.096672e-09
3.75575766e-06	2.039994e-09
3.75950793e-06	2.146207e-09
3.76326194e-06	2.190703e-09
3.76701969e-06	2.178143e-09
3.77078120e-06	1.906404e-09
3.77454647e-06	1.956104e-09
3.77831549e-06	1.905177e-09
3.78208828e-06	1.811144e-09
3.78586483e-06	1.926560e-09
3.78964516e-06	2.280195e-09
3.79342926e-06	1.584440e-09
3.79721714e-06	2.296911e-09
3.80100880e-06	2.221698e-09
3.80480425e-06	2.158630e-09
3.80860349e-06	2.203615e-09
3.81240652e-06	2.270720e-09
3.81621335e-06	2.069906e-09
3.82002398e-06	2.296750e-09
3.82383842e-06	2.182131e-09
3.82765666e-06	2.248260e-09
3.83147872e-06	1.956410e-09
3.83530459e-06	2.281330e-09
3.83913428e-06	2.175018e-09
3.84296780e-06	2.271264e-09
3.84680515e-06	1.792287e-09
3.85064633e-06	2.027863e-09
3.85449134e-06	2.289626e-09
3.85834019e-06	2.170498e-09
3.86219289e-06	2.018642e-09
3.86604943e-06	1.895493e-09
3.86990982e-06	2.263657e-09
3.87377407e-06	2.109221e-09
3.87764218e-06	2.188850e-09
3.88151415e-06	2.297486e-09
3.88538998e-06	2.121872e-09
3.88926969e-06	2.180735e-09
3.89315327e-06	2.291338e-09
3.89704073e-06	1.985431e-09
3.90093207e-06	2.277153e-09
3.90482729e-06	2.286371e-09
3.90872641e-06	2.265762e-09
3.91262941e-06	2.228567e-09
3.91653632e-06	2.163220e-09
3.92044713e-06	1.942470e-09
3.92436184e-06	1.928790e-09
3.92828046e-06	2.293238e-09
3.93220299e-06	1.673996e-09
3.93612944e-06	2.154313e-09
3.94005981e-06	2.004739e-09
3.94399411e-06	2.294976e-09
3.94793233e-06	2.015744e-09
3.95187449e-06	1.970881e-09
3.95582058e-06	2.365554e-09
3.95977062e-06	2.170391e-09
3.96372460e-06	1.759000e-09
3.96768252e-06	2.109837e-09
3.97164440e-06	2.107663e-09
3.97561023e-06	1.825752e-09
3.97958003e-06	2.185216e-09
3.98355379e-06	2.119702e-09
3.98753151e-06	2.167189e-09
3.99151321e-06	1.809940e-09
3.99549888e-06	2.231137e-09
3.99948854e-06	1.641189e-09
4.00348217e-06	2.315953e-09
