2.99769222e-07	3.456872e-16
3.00068553e-07	3.594710e-16
3.00368182e-07	3.675668e-16
3.00668111e-07	3.758353e-16
3.00968339e-07	3.842799e-16
3.01268867e-07	3.929043e-16
3.01569695e-07	4.017120e-16
3.01870824e-07	4.107067e-16
3.02172253e-07	4.198921e-16
3.02473983e-07	4.292722e-16
3.02776015e-07	4.388507e-16
3.03078348e-07	4.486318e-16
3.03380983e-07	4.586193e-16
3.03683920e-07	4.688174e-16
3.03987160e-07	4.792304e-16
3.04290702e-07	4.898625e-16
3.04594547e-07	5.007181e-16
3.04898696e-07	5.118016e-16
3.05203149e-07	5.231176e-16
3.05507906e-07	5.346706e-16
3.05812967e-07	5.464654e-16
3.06118332e-07	5.585067e-16
3.06424003e-07	5.707995e-16
3.06729978e-07	5.833486e-16
3.07036260e-07	5.961592e-16
3.07342847e-07	6.092364e-16
3.07649740e-07	6.225855e-16
3.07956940e-07	6.362117e-16
3.08264446e-07	6.501206e-16
3.08572260e-07	6.643177e-16
3.08880380e-07	6.788086e-16
3.09188809e-07	6.935992e-16
3.09497545e-07	7.086952e-16
3.09806590e-07	7.241027e-16
3.10115944e-07	7.398277e-16
3.10425606e-07	7.558763e-16
3.10735577e-07	7.722550e-16
3.11045858e-07	7.889701e-16
3.11356449e-07	8.060283e-16
3.11667350e-07	8.234360e-16
3.11978561e-07	8.412002e-16
3.12290084e-07	8.593278e-16
3.12601917e-07	8.778257e-16
3.12914061e-07	8.967011e-16
3.13226518e-07	9.159614e-16
3.13539286e-07	9.356139e-16
3.13852367e-07	9.556663e-16
3.14165760e-07	9.761262e-16
3.14479466e-07	9.970014e-16
3.14793485e-07	1.018300e-15
3.15107818e-07	1.040030e-15
3.15422465e-07	1.062200e-15
3.15737426e-07	1.084818e-15
3.16052702e-07	1.107893e-15
3.16368292e-07	1.131433e-15
3.16684197e-07	1.155448e-15
3.17000418e-07	1.179946e-15
3.17316955e-07	1.204936e-15
3.17633808e-07	1.230429e-15
3.17950977e-07	1.256434e-15
3.18268463e-07	1.282959e-15
3.18586266e-07	1.310016e-15
3.18904386e-07	1.337614e-15
3.19222824e-07	1.365764e-15
3.19541579e-07	1.394475e-15
3.19860654e-07	1.423760e-15
3.20180046e-07	1.453627e-15
3.20499758e-07	1.484089e-15
3.20819789e-07	1.515157e-15
3.21140139e-07	1.546841e-15
3.21460810e-07	1.579154e-15
3.21781800e-07	1.612108e-15
3.22103111e-07	1.645714e-15
3.22424743e-07	1.679985e-15
3.22746696e-07	1.714933e-15
3.23068971e-07	1.750570e-15
3.23391567e-07	1.786910e-15
3.23714485e-07	1.823966e-15
3.24037726e-07	1.861752e-15
3.24361290e-07	1.900280e-15
3.24685177e-07	1.939564e-15
3.25009387e-07	1.979619e-15
3.25333921e-07	2.020459e-15
3.25658779e-07	2.062099e-15
3.25983961e-07	2.104552e-15
3.26309468e-07	2.147836e-15
3.26635300e-07	2.191963e-15
3.26961458e-07	2.236952e-15
3.27287941e-07	2.282816e-15
3.27614750e-07	2.329573e-15
3.27941886e-07	2.377239e-15
3.28269348e-07	2.425830e-15
3.28597137e-07	2.475363e-15
3.28925253e-07	2.525857e-15
3.29253697e-07	2.577328e-15
3.29582469e-07	2.629794e-15
3.29911570e-07	2.683274e-15
3.30240998e-07	2.737786e-15
3.30570756e-07	2.793349e-15
3.30900844e-07	2.849982e-15
3.31231260e-07	2.907705e-15
3.31562007e-07	2.966537e-15
3.31893084e-07	3.026499e-15
3.32224491e-07	3.087611e-15
3.32556230e-07	3.149895e-15
3.32888300e-07	3.213370e-15
3.33220701e-07	3.278059e-15
3.33553434e-07	3.343985e-15
3.33886500e-07	3.411168e-15
3.34219898e-07	3.479632e-15
3.34553629e-07	3.549401e-15
3.34887693e-07	3.620497e-15
3.35222091e-07	3.692944e-15
3.35556822e-07	3.766767e-15
3.35891888e-07	3.841990e-15
3.36227289e-07	3.918639e-15
3.36563024e-07	3.996739e-15
3.36899095e-07	4.076316e-15
3.37235501e-07	4.157397e-15
3.37572243e-07	4.240007e-15
3.37909321e-07	4.324176e-15
3.38246736e-07	4.409930e-15
3.38584488e-07	4.497297e-15
3.38922578e-07	4.586307e-15
3.39261004e-07	4.676989e-15
3.39599769e-07	4.769371e-15
3.39938872e-07	4.863485e-15
3.40278313e-07	4.959361e-15
3.40618094e-07	5.057031e-15
3.40958214e-07	5.156525e-15
3.41298673e-07	5.257876e-15
3.41639473e-07	5.361117e-15
3.41980612e-07	5.466281e-15
3.42322093e-07	5.573403e-15
3.42663914e-07	5.682515e-15
3.43006076e-07	5.793654e-15
3.43348581e-07	5.906855e-15
3.43691427e-07	6.022154e-15
3.44034616e-07	6.139588e-15
3.44378147e-07	6.259193e-15
3.44722021e-07	6.381009e-15
3.45066239e-07	6.505073e-15
3.45410800e-07	6.631425e-15
3.45755706e-07	6.760105e-15
3.46100956e-07	6.891153e-15
3.46446550e-07	7.024609e-15
3.46792490e-07	7.160517e-15
3.47138775e-07	7.298918e-15
3.47485406e-07	7.439856e-15
3.47832383e-07	7.583374e-15
3.48179707e-07	7.729518e-15
3.48527377e-07	7.878331e-15
3.48875395e-07	8.029861e-15
3.49223760e-07	8.184154e-15
3.49572472e-07	8.341258e-15
3.49921534e-07	8.501220e-15
3.50270943e-07	8.664091e-15
3.50620702e-07	8.829919e-15
3.50970809e-07	8.998755e-15
3.51321267e-07	9.170652e-15
3.51672074e-07	9.345660e-15
3.52023232e-07	9.523834e-15
3.52374740e-07	9.705227e-15
3.52726599e-07	9.889893e-15
3.53078810e-07	1.007789e-14
3.53431372e-07	1.026927e-14
3.53784286e-07	1.046410e-14
3.54137553e-07	1.066243e-14
3.54491173e-07	1.086432e-14
3.54845145e-07	1.106983e-14
3.55199471e-07	1.127902e-14
3.55554151e-07	1.149195e-14
3.55909185e-07	1.170869e-14
3.56264573e-07	1.192932e-14
3.56620317e-07	1.215387e-14
3.56976415e-07	1.238243e-14
3.57332870e-07	1.261506e-14
3.57689680e-07	1.285182e-14
3.58046846e-07	1.309280e-14
3.58404369e-07	1.333805e-14
3.58762249e-07	1.358765e-14
3.59120487e-07	1.384167e-14
3.59479082e-07	1.410019e-14
3.59838035e-07	1.436328e-14
3.60197347e-07	1.463101e-14
3.60557017e-07	1.490340e-14
3.60917046e-07	1.518072e-14
3.61277436e-07	1.546287e-14
3.61638184e-07	1.574998e-14
3.61999294e-07	1.604212e-14
3.62360763e-07	1.633938e-14
3.62722594e-07	1.664188e-14
3.63084786e-07	1.694967e-14
3.63447339e-07	1.726283e-14
3.63810255e-07	1.758148e-14
3.64173533e-07	1.790567e-14
3.64537174e-07	1.823554e-14
3.64901178e-07	1.857114e-14
3.65265545e-07	1.891258e-14
3.65630276e-07	1.925996e-14
3.65995372e-07	1.961338e-14
3.66360832e-07	1.997292e-14
3.66726656e-07	2.033869e-14
3.67092847e-07	2.071079e-14
3.67459402e-07	2.108933e-14
3.67826324e-07	2.147439e-14
3.68193613e-07	2.186612e-14
3.68561267e-07	2.226460e-14
3.68929290e-07	2.266994e-14
3.69297679e-07	2.308222e-14
3.69666437e-07	2.350163e-14
3.70035562e-07	2.392819e-14
3.70405056e-07	2.436213e-14
3.70774920e-07	2.480344e-14
3.71145152e-07	2.525231e-14
3.71515754e-07	2.570886e-14
3.71886726e-07	2.617316e-14
3.72258069e-07	2.664546e-14
3.72629783e-07	2.712583e-14
3.73001867e-07	2.761428e-14
3.73374323e-07	2.811109e-14
3.73747152e-07	2.861632e-14
3.74120352e-07	2.913007e-14
3.74493925e-07	2.965254e-14
3.74867871e-07	3.018384e-14
3.75242191e-07	3.072427e-14
3.75616884e-07	3.127359e-14
3.75991951e-07	3.183243e-14
3.76367393e-07	3.240056e-14
3.76743210e-07	3.297813e-14
3.77119402e-07	3.356515e-14
3.77495970e-07	3.416288e-14
3.77872913e-07	3.477023e-14
3.78250233e-07	3.538763e-14
3.78627930e-07	3.601547e-14
3.79006004e-07	3.665379e-14
3.79384456e-07	3.730274e-14
3.79763285e-07	3.796239e-14
3.80142493e-07	3.863334e-14
3.80522079e-07	3.931520e-14
3.80902045e-07	4.000849e-14
3.81282390e-07	4.071338e-14
3.81663114e-07	4.142948e-14
3.82044219e-07	4.215778e-14
3.82425704e-07	4.289871e-14
3.82807570e-07	4.365140e-14
3.83189818e-07	4.441661e-14
3.83572447e-07	4.519407e-14
3.83955458e-07	4.598494e-14
3.84338852e-07	4.678833e-14
3.84722629e-07	4.760498e-14
3.85106789e-07	4.843557e-14
3.85491332e-07	4.927947e-14
3.85876259e-07	5.013718e-14
3.86261571e-07	5.100894e-14
3.86647268e-07	5.189467e-14
3.87033349e-07	5.279538e-14
3.87419816e-07	5.371050e-14
3.87806669e-07	5.464039e-14
3.88193909e-07	5.558588e-14
3.88581535e-07	5.654576e-14
3.88969548e-07	5.752234e-14
3.89357948e-07	5.851463e-14
3.89746737e-07	5.952222e-14
3.90135913e-07	6.054720e-14
3.90525478e-07	6.158771e-14
3.90915433e-07	6.264527e-14
3.91305776e-07	6.372034e-14
3.91696509e-07	6.481316e-14
3.92087633e-07	6.592276e-14
3.92479147e-07	6.705035e-14
3.92871052e-07	6.819596e-14
3.93263348e-07	6.936032e-14
3.93656036e-07	7.054306e-14
3.94049116e-07	7.174438e-14
3.94442589e-07	7.296463e-14
3.94836455e-07	7.420620e-14
3.95230713e-07	7.546424e-14
3.95625366e-07	7.674458e-14
3.96020412e-07	7.804562e-14
3.96415854e-07	7.936930e-14
3.96811689e-07	8.071125e-14
3.97207921e-07	8.207508e-14
3.97604547e-07	8.346038e-14
3.98001570e-07	8.486735e-14
3.98398990e-07	8.629538e-14
3.98796806e-07	8.774901e-14
3.99195019e-07	8.922214e-14
3.99593630e-07	9.072289e-14
3.99992639e-07	9.224361e-14
4.00392047e-07	9.378903e-14
4.00791853e-07	9.536035e-14
4.01192059e-07	9.695456e-14
4.01592664e-07	9.857482e-14
4.01993669e-07	1.002193e-13
4.02395074e-07	1.018890e-13
4.02796881e-07	1.035868e-13
4.03199088e-07	1.053102e-13
4.03601698e-07	1.070586e-13
4.04004709e-07	1.088375e-13
4.04408123e-07	1.106419e-13
4.04811939e-07	1.124718e-13
4.05216159e-07	1.143356e-13
4.05620782e-07	1.162272e-13
4.06025810e-07	1.181457e-13
4.06431241e-07	1.200889e-13
4.06837078e-07	1.220728e-13
4.07243320e-07	1.240813e-13
4.07649967e-07	1.261252e-13
4.08057021e-07	1.281968e-13
4.08464481e-07	1.303011e-13
4.08872348e-07	1.324339e-13
4.09280622e-07	1.346062e-13
4.09689304e-07	1.368075e-13
4.10098394e-07	1.390428e-13
4.10507892e-07	1.413021e-13
4.10917800e-07	1.436165e-13
4.11328116e-07	1.458813e-13
4.11738843e-07	1.483280e-13
4.12149979e-07	1.507125e-13
4.12561526e-07	1.531840e-13
4.12973484e-07	1.556742e-13
4.13385854e-07	1.581988e-13
4.13798635e-07	1.607570e-13
4.14211828e-07	1.633509e-13
4.14625434e-07	1.659808e-13
4.15039453e-07	1.686737e-13
4.15453885e-07	1.713877e-13
4.15868731e-07	1.741458e-13
4.16283991e-07	1.769576e-13
4.16699666e-07	1.797963e-13
4.17115756e-07	1.826854e-13
4.17532262e-07	1.856091e-13
4.17949183e-07	1.885849e-13
4.18366521e-07	1.916018e-13
4.18784276e-07	1.946517e-13
4.19202447e-07	1.977677e-13
4.19621036e-07	2.008990e-13
4.20040044e-07	2.041291e-13
4.20459469e-07	2.073759e-13
4.20879314e-07	2.106572e-13
4.21299577e-07	2.140204e-13
4.21720260e-07	2.173533e-13
4.22141364e-07	2.208138e-13
4.22562887e-07	2.243490e-13
4.22984832e-07	2.277879e-13
4.23407198e-07	2.314728e-13
4.23829986e-07	2.351117e-13
4.24253196e-07	2.388356e-13
4.24676828e-07	2.426259e-13
4.25100884e-07	2.464376e-13
4.25525363e-07	2.502965e-13
4.25950266e-07	2.542451e-13
4.26375593e-07	2.582255e-13
4.26801345e-07	2.622841e-13
4.27227522e-07	2.663658e-13
4.27654124e-07	2.705418e-13
4.28081153e-07	2.747594e-13
4.28508608e-07	2.790561e-13
4.28936489e-07	2.833623e-13
4.29364798e-07	2.877556e-13
4.29793535e-07	2.922859e-13
4.30222700e-07	2.968281e-13
4.30652293e-07	3.014213e-13
4.31082315e-07	3.060919e-13
4.31512767e-07	3.108552e-13
4.31943648e-07	3.156569e-13
4.32374960e-07	3.205326e-13
4.32806703e-07	3.254633e-13
4.33238876e-07	3.304416e-13
4.33671481e-07	3.355721e-13
4.34104518e-07	3.407409e-13
4.34537988e-07	3.459389e-13
4.34971890e-07	3.512573e-13
4.35406226e-07	3.566682e-13
4.35840995e-07	3.620689e-13
4.36276198e-07	3.676592e-13
4.36711836e-07	3.732345e-13
4.37147909e-07	3.789489e-13
4.37584417e-07	3.847864e-13
4.38021362e-07	3.906410e-13
4.38458742e-07	3.965557e-13
4.38896560e-07	4.026132e-13
4.39334814e-07	4.086692e-13
4.39773506e-07	4.148803e-13
4.40212636e-07	4.212204e-13
4.40652205e-07	4.275977e-13
4.41092212e-07	4.340374e-13
4.41532659e-07	4.405839e-13
4.41973546e-07	4.472107e-13
4.42414873e-07	4.539750e-13
4.42856641e-07	4.607013e-13
4.43298849e-07	4.675945e-13
4.43741500e-07	4.747525e-13
4.44184592e-07	4.818684e-13
4.44628127e-07	4.891068e-13
4.45072105e-07	4.964245e-13
4.45516526e-07	5.038238e-13
4.45961390e-07	5.096622e-13
4.46406699e-07	5.190252e-13
4.46852453e-07	5.267699e-13
4.47298652e-07	5.345812e-13
4.47745296e-07	5.425994e-13
4.48192386e-07	5.506624e-13
4.48639923e-07	5.583762e-13
4.49087906e-07	5.670440e-13
4.49536337e-07	5.755560e-13
4.49985216e-07	5.840356e-13
4.50434543e-07	5.926655e-13
4.50884319e-07	6.013774e-13
4.51334543e-07	6.102628e-13
4.51785218e-07	6.192078e-13
4.52236342e-07	6.282869e-13
4.52687917e-07	6.376115e-13
4.53139942e-07	6.469632e-13
4.53592419e-07	6.564982e-13
4.54045348e-07	6.660630e-13
4.54498729e-07	6.754872e-13
4.54952563e-07	6.857887e-13
4.55406850e-07	6.958387e-13
4.55861591e-07	7.059309e-13
4.56316785e-07	7.162963e-13
4.56772435e-07	7.267821e-13
4.57228539e-07	7.372940e-13
4.57685098e-07	7.479719e-13
4.58142114e-07	7.588084e-13
4.58599586e-07	7.698227e-13
4.59057514e-07	7.808963e-13
4.59515900e-07	7.923464e-13
4.59974744e-07	8.038086e-13
4.60434046e-07	8.153114e-13
4.60893806e-07	8.270266e-13
4.61354026e-07	8.391490e-13
4.61814705e-07	8.512035e-13
4.62275844e-07	8.634273e-13
4.62737444e-07	8.757682e-13
4.63199504e-07	8.883932e-13
4.63662026e-07	9.011093e-13
4.64125010e-07	9.139444e-13
4.64588456e-07	9.268396e-13
4.65052364e-07	9.400970e-13
4.65516737e-07	9.532407e-13
4.65981572e-07	9.674183e-13
4.66446872e-07	9.809135e-13
4.66912637e-07	9.943592e-13
4.67378866e-07	1.009145e-12
4.67845561e-07	1.022940e-12
4.68312722e-07	1.038057e-12
4.68780350e-07	1.051073e-12
4.69248445e-07	1.067675e-12
4.69717007e-07	1.082167e-12
4.70186036e-07	1.098149e-12
4.70655535e-07	1.113275e-12
4.71125502e-07	1.126605e-12
4.71595938e-07	1.145165e-12
4.72066844e-07	1.161263e-12
4.72538220e-07	1.177357e-12
4.73010067e-07	1.194000e-12
4.73482385e-07	1.210869e-12
4.73955175e-07	1.226218e-12
4.74428437e-07	1.244844e-12
4.74902171e-07	1.261728e-12
4.75376378e-07	1.279126e-12
4.75851059e-07	1.296728e-12
4.76326214e-07	1.315837e-12
4.76801844e-07	1.334555e-12
4.77277948e-07	1.352017e-12
4.77754528e-07	1.370512e-12
4.78231583e-07	1.390258e-12
4.78709115e-07	1.409742e-12
4.79187124e-07	1.429080e-12
4.79665610e-07	1.448467e-12
4.80144574e-07	1.466404e-12
4.80624016e-07	1.489277e-12
4.81103937e-07	1.509285e-12
4.81584337e-07	1.530350e-12
4.82065217e-07	1.550862e-12
4.82546577e-07	1.573565e-12
4.83028417e-07	1.593042e-12
4.83510739e-07	1.609713e-12
4.83993543e-07	1.634857e-12
4.84476828e-07	1.655983e-12
4.84960596e-07	1.681157e-12
4.85444847e-07	1.704811e-12
4.85929582e-07	1.729757e-12
4.86414801e-07	1.752798e-12
4.86900504e-07	1.776818e-12
4.87386692e-07	1.800751e-12
4.87873366e-07	1.814759e-12
4.88360525e-07	1.851003e-12
4.88848171e-07	1.874706e-12
4.89336304e-07	1.899768e-12
4.89824925e-07	1.913322e-12
4.90314033e-07	1.952355e-12
4.90803630e-07	1.976985e-12
4.91293716e-07	2.005819e-12
4.91784291e-07	2.033156e-12
4.92275355e-07	2.059992e-12
4.92766911e-07	2.086880e-12
4.93258957e-07	2.117249e-12
4.93751494e-07	2.144995e-12
4.94244523e-07	2.169488e-12
4.94738045e-07	2.201620e-12
4.95232059e-07	2.231507e-12
4.95726566e-07	2.261965e-12
4.96221568e-07	2.291162e-12
4.96717063e-07	2.321368e-12
4.97213054e-07	2.350409e-12
4.97709539e-07	2.383348e-12
4.98206521e-07	2.416481e-12
4.98703999e-07	2.447388e-12
4.99201973e-07	2.478108e-12
4.99700445e-07	2.512241e-12
5.00199414e-07	2.547984e-12
5.00698882e-07	2.583042e-12
5.01198848e-07	2.614046e-12
5.01699314e-07	2.648960e-12
5.02200279e-07	2.681566e-12
5.02701745e-07	2.720867e-12
5.03203711e-07	2.751363e-12
5.03706178e-07	2.789347e-12
5.04209148e-07	2.830055e-12
5.04712619e-07	2.863867e-12
5.05216594e-07	2.904677e-12
5.05721071e-07	2.937457e-12
5.06226052e-07	2.980921e-12
5.06731538e-07	3.014070e-12
5.07237528e-07	3.055141e-12
5.07744023e-07	3.098977e-12
5.08251025e-07	3.133328e-12
5.08758532e-07	3.170418e-12
5.09266546e-07	3.220875e-12
5.09775068e-07	3.263496e-12
5.10284097e-07	3.302068e-12
5.10793635e-07	3.321707e-12
5.11303681e-07	3.385501e-12
5.11814237e-07	3.427221e-12
5.12325302e-07	3.455411e-12
5.12836878e-07	3.514202e-12
5.13348965e-07	3.556271e-12
5.13861563e-07	3.610277e-12
5.14374672e-07	3.650830e-12
5.14888295e-07	3.711852e-12
5.15402430e-07	3.757233e-12
5.15917078e-07	3.806972e-12
5.16432240e-07	3.852399e-12
5.16947917e-07	3.899375e-12
5.17464109e-07	3.950965e-12
5.17980816e-07	4.002920e-12
5.18498039e-07	4.060280e-12
5.19015778e-07	4.109025e-12
5.19534035e-07	4.166101e-12
5.20052809e-07	4.218948e-12
5.20572101e-07	4.265504e-12
5.21091911e-07	4.325355e-12
5.21612241e-07	4.377482e-12
5.22133090e-07	4.440302e-12
5.22654459e-07	4.491709e-12
5.23176349e-07	4.545255e-12
5.23698760e-07	4.607466e-12
5.24221693e-07	4.638278e-12
5.24745148e-07	4.718843e-12
5.25269125e-07	4.784389e-12
5.25793626e-07	4.846551e-12
5.26318650e-07	4.909126e-12
5.26844199e-07	4.959884e-12
5.27370272e-07	5.027272e-12
5.27896871e-07	5.060960e-12
5.28423996e-07	5.161578e-12
5.28951647e-07	5.222885e-12
5.29479824e-07	5.280287e-12
5.30008530e-07	5.356892e-12
5.30537763e-07	5.422586e-12
5.31067524e-07	5.484963e-12
5.31597815e-07	5.558443e-12
5.32128635e-07	5.629841e-12
5.32659985e-07	5.689193e-12
5.33191866e-07	5.762176e-12
5.33724278e-07	5.838160e-12
5.34257221e-07	5.905979e-12
5.34790697e-07	5.982649e-12
5.35324705e-07	6.060118e-12
5.35859247e-07	6.127211e-12
5.36394322e-07	6.183644e-12
5.36929932e-07	6.290225e-12
5.37466076e-07	6.362696e-12
5.38002756e-07	6.448699e-12
5.38539972e-07	6.517030e-12
5.39077724e-07	6.573295e-12
5.39616013e-07	6.610688e-12
5.40154839e-07	6.725244e-12
5.40694204e-07	6.824227e-12
5.41234107e-07	6.923278e-12
5.41774550e-07	6.980762e-12
5.42315532e-07	7.032241e-12
5.42857054e-07	7.139140e-12
5.43399117e-07	7.173355e-12
5.43941721e-07	7.240661e-12
5.44484867e-07	7.432354e-12
5.45028555e-07	7.520165e-12
5.45572786e-07	7.633195e-12
5.46117561e-07	7.689983e-12
5.46662879e-07	7.742089e-12
5.47208743e-07	7.887338e-12
5.47755151e-07	7.997231e-12
5.48302105e-07	8.064168e-12
5.48849605e-07	8.196434e-12
5.49397651e-07	8.294579e-12
5.49946245e-07	8.408818e-12
5.50495387e-07	8.472016e-12
5.51045077e-07	8.617312e-12
5.51595316e-07	8.648176e-12
5.52146104e-07	8.830964e-12
5.52697443e-07	8.855190e-12
5.53249331e-07	9.015729e-12
5.53801771e-07	9.008972e-12
5.54354763e-07	9.216531e-12
5.54908307e-07	9.368973e-12
5.55462403e-07	9.453668e-12
5.56017053e-07	9.566934e-12
5.56572257e-07	9.601468e-12
5.57128015e-07	9.760459e-12
5.57684328e-07	9.872255e-12
5.58241196e-07	1.005476e-11
5.58798621e-07	1.018416e-11
5.59356602e-07	1.029157e-11
5.59915140e-07	1.041155e-11
5.60474236e-07	1.050641e-11
5.61033890e-07	1.065125e-11
5.61594104e-07	1.075044e-11
5.62154876e-07	1.093322e-11
5.62716209e-07	1.102746e-11
5.63278102e-07	1.117579e-11
5.63840556e-07	1.126868e-11
5.64403571e-07	1.142618e-11
5.64967149e-07	1.158645e-11
5.65531290e-07	1.168519e-11
5.66095994e-07	1.177025e-11
5.66661262e-07	1.196912e-11
5.67227094e-07	1.207335e-11
5.67793491e-07	1.212691e-11
5.68360454e-07	1.186062e-11
5.68927983e-07	1.239633e-11
5.69496079e-07	1.258560e-11
5.70064741e-07	1.272492e-11
5.70633972e-07	1.283193e-11
5.71203771e-07	1.294253e-11
5.71774140e-07	1.299982e-11
5.72345077e-07	1.322728e-11
5.72916585e-07	1.356095e-11
5.73488663e-07	1.372552e-11
5.74061313e-07	1.382331e-11
5.74634535e-07	1.390032e-11
5.75208328e-07	1.405247e-11
5.75782695e-07	1.432231e-11
5.76357636e-07	1.441788e-11
5.76933150e-07	1.466991e-11
5.77509239e-07	1.479544e-11
5.78085904e-07	1.472499e-11
5.78663144e-07	1.505781e-11
5.79240960e-07	1.507897e-11
5.79819354e-07	1.547170e-11
5.80398325e-07	1.536619e-11
5.80977874e-07	1.577111e-11
5.81558002e-07	1.562290e-11
5.82138709e-07	1.626789e-11
5.82719997e-07	1.631356e-11
5.83301864e-07	1.656171e-11
5.83884313e-07	1.647287e-11
5.84467343e-07	1.670028e-11
5.85050955e-07	1.695675e-11
5.85635150e-07	1.727920e-11
5.86219928e-07	1.717660e-11
5.86805291e-07	1.691279e-11
5.87391238e-07	1.775000e-11
5.87977770e-07	1.785875e-11
5.88564887e-07	1.800826e-11
5.89152591e-07	1.668984e-11
5.89740882e-07	1.798329e-11
5.90329760e-07	1.771366e-11
5.90919226e-07	1.870889e-11
5.91509281e-07	1.905416e-11
5.92099925e-07	1.867423e-11
5.92691158e-07	1.931916e-11
5.93282982e-07	1.950719e-11
5.93875397e-07	1.966450e-11
5.94468404e-07	1.985086e-11
5.95062003e-07	1.996476e-11
5.95656194e-07	2.053974e-11
5.96250979e-07	2.062437e-11
5.96846358e-07	1.991883e-11
5.97442331e-07	2.098299e-11
5.98038899e-07	2.113843e-11
5.98636063e-07	2.171834e-11
5.99233823e-07	2.138925e-11
5.99832181e-07	2.208535e-11
6.00431135e-07	2.042510e-11
6.01030688e-07	2.244664e-11
6.01630839e-07	2.252924e-11
6.02231590e-07	2.258946e-11
6.02832941e-07	2.335983e-11
6.03434892e-07	2.371719e-11
6.04037444e-07	2.325186e-11
6.04640598e-07	2.320667e-11
6.05244354e-07	2.394934e-11
6.05848713e-07	2.417373e-11
6.06453675e-07	2.449102e-11
6.07059241e-07	2.516368e-11
6.07665413e-07	2.530230e-11
6.08272189e-07	2.589922e-11
6.08879571e-07	2.640919e-11
6.09487560e-07	2.655542e-11
6.10096156e-07	2.696727e-11
6.10705360e-07	2.661310e-11
6.11315172e-07	2.754254e-11
6.11925592e-07	2.779611e-11
6.12536623e-07	2.772487e-11
6.13148263e-07	2.857267e-11
6.13760515e-07	2.855272e-11
6.14373377e-07	2.818652e-11
6.14986852e-07	2.924948e-11
6.15600939e-07	2.971668e-11
6.16215639e-07	2.976713e-11
6.16830953e-07	2.937233e-11
6.17446882e-07	3.049385e-11
6.18063426e-07	3.081729e-11
6.18680585e-07	3.134976e-11
6.19298360e-07	3.122876e-11
6.19916753e-07	3.133681e-11
6.20535763e-07	3.215707e-11
6.21155390e-07	3.207508e-11
6.21775637e-07	3.325582e-11
6.22396503e-07	3.328816e-11
6.23017989e-07	3.387562e-11
6.23640096e-07	3.358328e-11
6.24262823e-07	3.421008e-11
6.24886173e-07	3.458780e-11
6.25510145e-07	3.515922e-11
6.26134740e-07	3.452805e-11
6.26759959e-07	3.488827e-11
6.27385802e-07	3.563121e-11
6.28012270e-07	3.547114e-11
6.28639363e-07	3.604695e-11
6.29267083e-07	3.765447e-11
6.29895429e-07	3.738679e-11
6.30524403e-07	3.726382e-11
6.31154005e-07	3.781635e-11
6.31784236e-07	3.810175e-11
6.32415096e-07	3.776060e-11
6.33046586e-07	3.736704e-11
6.33678706e-07	4.019433e-11
6.34311458e-07	4.051942e-11
6.34944842e-07	4.056490e-11
6.35578858e-07	4.134951e-11
6.36213507e-07	4.198336e-11
6.36848789e-07	4.215113e-11
6.37484706e-07	4.127730e-11
6.38121259e-07	4.217342e-11
6.38758446e-07	4.229844e-11
6.39396270e-07	4.374215e-11
6.40034731e-07	4.407164e-11
6.40673830e-07	4.411428e-11
6.41313566e-07	4.419273e-11
6.41953941e-07	4.495425e-11
6.42594956e-07	4.574019e-11
6.43236611e-07	4.474157e-11
6.43878907e-07	4.540800e-11
6.44521844e-07	4.382949e-11
6.45165423e-07	4.635876e-11
6.45809644e-07	4.702374e-11
6.46454509e-07	4.672177e-11
6.47100018e-07	4.519237e-11
6.47746171e-07	4.522702e-11
6.48392970e-07	4.735477e-11
6.49040414e-07	4.972650e-11
6.49688505e-07	4.899032e-11
6.50337243e-07	5.066692e-11
6.50986629e-07	5.056116e-11
6.51636663e-07	4.722840e-11
6.52287347e-07	4.916542e-11
6.52938680e-07	4.942458e-11
6.53590663e-07	5.135534e-11
6.54243298e-07	5.197938e-11
6.54896584e-07	5.342680e-11
6.55550522e-07	5.302878e-11
6.56205114e-07	5.105996e-11
6.56860359e-07	5.236427e-11
6.57516258e-07	5.056927e-11
6.58172813e-07	5.511601e-11
6.58830023e-07	3.979873e-11
6.59487889e-07	5.119309e-11
6.60146412e-07	5.569805e-11
6.60805592e-07	5.891442e-11
6.61465431e-07	5.726766e-11
6.62125929e-07	5.922569e-11
6.62787086e-07	4.023098e-11
6.63448904e-07	5.038825e-11
6.64111382e-07	6.055640e-11
6.64774522e-07	5.614429e-11
6.65438324e-07	6.063151e-11
6.66102789e-07	6.186996e-11
6.66767917e-07	5.982623e-11
6.67433710e-07	5.959742e-11
6.68100167e-07	6.258872e-11
6.68767290e-07	6.415563e-11
6.69435079e-07	6.509205e-11
6.70103534e-07	6.606713e-11
6.70772657e-07	6.364038e-11
6.71442449e-07	6.796848e-11
6.72112909e-07	6.600427e-11
6.72784039e-07	6.914155e-11
6.73455838e-07	6.971166e-11
6.74128309e-07	6.463795e-11
6.74801451e-07	6.454480e-11
6.75475265e-07	6.915135e-11
6.76149752e-07	7.254930e-11
6.76824913e-07	6.767104e-11
6.77500748e-07	7.205724e-11
6.78177257e-07	7.324067e-11
6.78854443e-07	7.296500e-11
6.79532304e-07	7.328935e-11
6.80210842e-07	7.514092e-11
6.80890058e-07	7.597817e-11
6.81569952e-07	7.414983e-11
6.82250525e-07	7.515600e-11
6.82931777e-07	7.929982e-11
6.83613710e-07	7.854253e-11
6.84296323e-07	7.944034e-11
6.84979619e-07	8.099381e-11
6.85663596e-07	7.950608e-11
6.86348257e-07	8.177205e-11
6.87033601e-07	8.248158e-11
6.87719629e-07	6.054328e-11
6.88406343e-07	7.816999e-11
6.89093742e-07	8.229978e-11
6.89781828e-07	8.174675e-11
6.90470600e-07	7.994532e-11
6.91160061e-07	7.585122e-11
6.91850210e-07	7.366655e-11
6.92541048e-07	6.085905e-11
6.93232576e-07	7.409808e-11
6.93924794e-07	7.901524e-11
6.94617704e-07	7.742284e-11
6.95311305e-07	7.987029e-11
6.96005599e-07	8.137192e-11
6.96700587e-07	8.108696e-11
6.97396268e-07	8.305228e-11
6.98092644e-07	8.515166e-11
6.98789716e-07	8.788515e-11
6.99487483e-07	8.942044e-11
7.00185947e-07	8.392082e-11
7.00885109e-07	8.508409e-11
7.01584968e-07	9.060776e-11
7.02285527e-07	8.816735e-11
7.02986785e-07	8.164842e-11
7.03688744e-07	8.869760e-11
7.04391403e-07	8.639842e-11
7.05094764e-07	8.498065e-11
7.05798827e-07	9.583327e-11
7.06503593e-07	9.441054e-11
7.07209063e-07	8.165769e-11
7.07915238e-07	9.385932e-11
7.08622117e-07	9.276384e-11
7.09329703e-07	8.114596e-11
7.10037995e-07	9.265729e-11
7.10746994e-07	8.653800e-11
7.11456701e-07	9.687363e-11
7.12167117e-07	8.243929e-11
7.12878242e-07	9.239543e-11
7.13590078e-07	9.225417e-11
7.14302624e-07	8.328670e-11
7.15015881e-07	9.143440e-11
7.15729851e-07	8.430405e-11
7.16444534e-07	8.186733e-11
7.17159931e-07	8.794951e-11
7.17876041e-07	8.478218e-11
7.18592867e-07	8.693197e-11
7.19310409e-07	8.588402e-11
7.20028667e-07	8.758803e-11
7.20747642e-07	8.372857e-11
7.21467335e-07	7.747220e-11
7.22187747e-07	8.970821e-11
7.22908878e-07	9.083106e-11
7.23630730e-07	7.481607e-11
7.24353302e-07	8.472954e-11
7.25076595e-07	9.057199e-11
7.25800611e-07	8.665069e-11
7.26525350e-07	8.801788e-11
7.27250813e-07	9.162109e-11
7.27976999e-07	9.738843e-11
7.28703911e-07	9.535484e-11
7.29431549e-07	8.955733e-11
7.30159914e-07	8.454270e-11
7.30889005e-07	8.619426e-11
7.31618825e-07	1.010622e-10
7.32349374e-07	8.804183e-11
7.33080652e-07	9.918590e-11
7.33812660e-07	1.004818e-10
7.34545399e-07	1.017296e-10
7.35278870e-07	1.009235e-10
7.36013073e-07	9.931576e-11
7.36748009e-07	8.068886e-11
7.37483680e-07	1.012468e-10
7.38220084e-07	9.869855e-11
7.38957224e-07	1.052413e-10
7.39695101e-07	1.149902e-10
7.40433714e-07	9.924629e-11
7.41173064e-07	1.028247e-10
7.41913153e-07	8.742729e-11
7.42653981e-07	1.081941e-10
7.43395548e-07	1.139094e-10
7.44137856e-07	5.852279e-11
7.44880905e-07	1.133136e-10
7.45624697e-07	8.035551e-11
7.46369230e-07	1.064320e-10
7.47114508e-07	1.007285e-10
7.47860529e-07	1.173050e-10
7.48607296e-07	1.099567e-10
7.49354808e-07	1.203786e-10
7.50103066e-07	1.190314e-10
7.50852072e-07	1.032450e-10
7.51601826e-07	1.099947e-10
7.52352328e-07	1.137443e-10
7.53103580e-07	1.100976e-10
7.53855582e-07	1.179354e-10
7.54608334e-07	1.230898e-10
7.55361839e-07	1.228459e-10
7.56116095e-07	1.220735e-10
7.56871105e-07	1.194401e-10
7.57626869e-07	1.249558e-10
7.58383388e-07	1.277736e-10
7.59140662e-07	1.183094e-10
7.59898692e-07	1.273388e-10
7.60657479e-07	1.247078e-10
7.61417023e-07	1.337290e-10
7.62177326e-07	1.381455e-10
7.62938389e-07	1.423454e-10
7.63700211e-07	1.439660e-10
7.64462794e-07	1.424536e-10
7.65226138e-07	1.315375e-10
7.65990245e-07	1.435257e-10
7.66755115e-07	1.448881e-10
7.67520748e-07	1.411271e-10
7.68287146e-07	1.498690e-10
7.69054309e-07	1.433415e-10
7.69822238e-07	1.382561e-10
7.70590934e-07	1.336377e-10
7.71360398e-07	1.456090e-10
7.72130630e-07	1.382187e-10
7.72901631e-07	1.584997e-10
7.73673402e-07	1.498181e-10
7.74445944e-07	1.560336e-10
7.75219257e-07	1.552218e-10
7.75993342e-07	1.594338e-10
7.76768200e-07	1.576442e-10
7.77543832e-07	1.521858e-10
7.78320238e-07	1.604179e-10
7.79097420e-07	1.467833e-10
7.79875377e-07	1.616656e-10
7.80654112e-07	1.675257e-10
7.81433624e-07	1.653240e-10
7.82213914e-07	1.681880e-10
7.82994984e-07	1.697746e-10
7.83776833e-07	1.562805e-10
7.84559463e-07	1.636642e-10
7.85342875e-07	1.689122e-10
7.86127069e-07	1.726132e-10
7.86912046e-07	1.578299e-10
7.87697807e-07	1.745912e-10
7.88484352e-07	1.698056e-10
7.89271683e-07	1.699545e-10
7.90059800e-07	1.715699e-10
7.90848704e-07	1.801620e-10
7.91638396e-07	1.813457e-10
7.92428876e-07	1.838847e-10
7.93220146e-07	1.841766e-10
7.94012205e-07	1.858964e-10
7.94805056e-07	1.845414e-10
7.95598698e-07	1.873430e-10
7.96393133e-07	1.814377e-10
7.97188361e-07	1.944731e-10
7.97984383e-07	1.870835e-10
7.98781200e-07	1.900093e-10
7.99578813e-07	1.918570e-10
8.00377222e-07	1.848276e-10
8.01176428e-07	1.942159e-10
8.01976433e-07	1.946866e-10
8.02777236e-07	1.961323e-10
8.03578839e-07	1.706768e-10
8.04381242e-07	1.847369e-10
8.05184446e-07	1.953476e-10
8.05988453e-07	1.819655e-10
8.06793262e-07	1.524062e-10
8.07598875e-07	1.414351e-10
8.08405293e-07	1.768790e-10
8.09212515e-07	1.612175e-10
8.10020544e-07	1.674764e-10
8.10829379e-07	1.604519e-10
8.11639023e-07	1.546321e-10
8.12449474e-07	1.451490e-10
8.13260735e-07	1.453231e-10
8.14072806e-07	1.800967e-10
8.14885688e-07	1.405520e-10
8.15699382e-07	1.409792e-10
8.16513888e-07	1.871033e-10
8.17329207e-07	1.883338e-10
8.18145341e-07	1.879857e-10
8.18962289e-07	1.821346e-10
8.19780053e-07	1.778974e-10
8.20598634e-07	1.768250e-10
8.21418032e-07	1.960569e-10
8.22238248e-07	2.017223e-10
8.23059284e-07	8.555653e-11
8.23881139e-07	1.859487e-10
8.24703815e-07	1.678691e-10
8.25527312e-07	1.976966e-10
8.26351632e-07	1.865623e-10
8.27176774e-07	2.010046e-10
8.28002741e-07	2.255789e-10
8.28829533e-07	1.722496e-10
8.29657150e-07	1.568344e-10
8.30485593e-07	2.151977e-10
8.31314864e-07	1.923480e-10
8.32144962e-07	2.305947e-10
8.32975890e-07	2.320405e-10
8.33807647e-07	2.130127e-10
8.34640235e-07	1.669322e-10
8.35473654e-07	1.393213e-10
8.36307906e-07	1.942556e-10
8.37142990e-07	2.018426e-10
8.37978908e-07	2.116931e-10
8.38815661e-07	1.764212e-10
8.39653250e-07	2.142444e-10
8.40491675e-07	1.917425e-10
8.41330937e-07	2.058772e-10
8.42171037e-07	2.105112e-10
8.43011976e-07	2.078292e-10
8.43853755e-07	2.167438e-10
8.44696374e-07	2.345473e-10
8.45539834e-07	2.182802e-10
8.46384137e-07	1.609575e-10
8.47229283e-07	2.238886e-10
8.48075273e-07	2.246156e-10
8.48922108e-07	2.391311e-10
8.49769788e-07	2.413165e-10
8.50618314e-07	2.314210e-10
8.51467688e-07	2.391684e-10
8.52317910e-07	2.383807e-10
8.53168981e-07	2.499076e-10
8.54020902e-07	2.526330e-10
8.54873674e-07	2.329240e-10
8.55727297e-07	2.064429e-10
8.56581772e-07	2.178725e-10
8.57437101e-07	2.389234e-10
8.58293284e-07	2.396256e-10
8.59150321e-07	2.607502e-10
8.60008215e-07	2.317621e-10
8.60866965e-07	2.647336e-10
8.61726572e-07	2.645258e-10
8.62587038e-07	2.624171e-10
8.63448363e-07	2.666650e-10
8.64310548e-07	2.727561e-10
8.65173595e-07	2.701043e-10
8.66037502e-07	2.678105e-10
8.66902273e-07	2.925721e-10
8.67767907e-07	2.669087e-10
8.68634405e-07	3.074183e-10
8.69501769e-07	2.710969e-10
8.70369999e-07	2.713167e-10
8.71239096e-07	2.297892e-10
8.72109060e-07	3.067582e-10
8.72979893e-07	3.038920e-10
8.73851596e-07	3.173731e-10
8.74724169e-07	3.091369e-10
8.75597614e-07	2.940666e-10
8.76471930e-07	3.117385e-10
8.77347120e-07	3.360455e-10
8.78223184e-07	2.932300e-10
8.79100122e-07	3.256474e-10
8.79977936e-07	3.304145e-10
8.80856627e-07	3.096515e-10
8.81736195e-07	3.127498e-10
8.82616641e-07	3.160978e-10
8.83497966e-07	2.964032e-10
8.84380172e-07	3.114155e-10
8.85263258e-07	3.326579e-10
8.86147226e-07	3.049439e-10
8.87032077e-07	2.927716e-10
8.87917812e-07	3.144293e-10
8.88804430e-07	3.042200e-10
8.89691935e-07	3.127948e-10
8.90580325e-07	3.254623e-10
8.91469602e-07	2.746349e-10
8.92359768e-07	2.777654e-10
8.93250822e-07	2.804234e-10
8.94142766e-07	3.184810e-10
8.95035601e-07	2.984476e-10
8.95929327e-07	2.899322e-10
8.96823946e-07	2.842986e-10
8.97719458e-07	1.951971e-10
8.98615864e-07	3.157974e-10
8.99513165e-07	3.243786e-10
9.00411362e-07	3.395511e-10
9.01310456e-07	3.305615e-10
9.02210448e-07	3.425471e-10
9.03111339e-07	3.075801e-10
9.04013129e-07	3.086330e-10
9.04915820e-07	3.292830e-10
9.05819412e-07	3.159534e-10
9.06723906e-07	3.585968e-10
9.07629303e-07	2.977295e-10
9.08535605e-07	3.736590e-10
9.09442811e-07	3.093753e-10
9.10350924e-07	3.523358e-10
9.11259943e-07	3.689463e-10
9.12169869e-07	3.412858e-10
9.13080705e-07	2.504944e-10
9.13992450e-07	3.628074e-10
9.14905105e-07	3.724860e-10
9.15818672e-07	1.615394e-10
9.16733151e-07	2.766353e-10
9.17648543e-07	2.286329e-10
9.18564849e-07	3.305360e-10
9.19482070e-07	2.790224e-10
9.20400207e-07	2.911639e-10
9.21319260e-07	2.951708e-10
9.22239232e-07	2.987051e-10
9.23160122e-07	2.250683e-10
9.24081931e-07	2.551250e-10
9.25004661e-07	3.665385e-10
9.25928313e-07	1.593611e-10
9.26852887e-07	2.948080e-10
9.27778384e-07	2.465604e-10
9.28704805e-07	1.531315e-10
9.29632151e-07	2.380929e-10
9.30560423e-07	3.140605e-10
9.31489622e-07	3.305668e-10
9.32419749e-07	1.710722e-10
9.33350805e-07	1.793253e-10
9.34282790e-07	2.463887e-10
9.35215706e-07	2.848142e-10
9.36149554e-07	2.784529e-10
9.37084334e-07	3.212378e-10
9.38020047e-07	1.279486e-10
9.38956695e-07	2.030196e-10
9.39894278e-07	2.683402e-10
9.40832797e-07	3.354981e-10
9.41772253e-07	1.642113e-10
9.42712648e-07	2.480103e-10
9.43653981e-07	2.037908e-10
9.44596255e-07	2.287318e-10
9.45539469e-07	3.020745e-10
9.46483625e-07	3.217417e-10
9.47428724e-07	2.360211e-10
9.48374767e-07	2.838901e-10
9.49321755e-07	2.860464e-10
9.50269687e-07	2.863712e-10
9.51218567e-07	3.299527e-10
9.52168394e-07	2.755925e-10
9.53119169e-07	2.680821e-10
9.54070894e-07	3.518578e-10
9.55023569e-07	3.352778e-10
9.55977196e-07	2.643589e-10
9.56931774e-07	2.090473e-10
9.57887306e-07	3.330807e-10
9.58843792e-07	3.248436e-10
9.59801233e-07	2.690202e-10
9.60759630e-07	2.256359e-10
9.61718984e-07	3.162845e-10
9.62679296e-07	2.194802e-10
9.63640567e-07	1.961157e-10
9.64602798e-07	3.393567e-10
9.65565990e-07	3.044323e-10
9.66530143e-07	3.511059e-10
9.67495259e-07	3.172459e-10
9.68461339e-07	2.499392e-10
9.69428384e-07	2.772742e-10
9.70396394e-07	3.848274e-10
9.71365371e-07	3.630017e-10
9.72335315e-07	3.432330e-10
9.73306228e-07	3.122416e-10
9.74278110e-07	2.153895e-10
9.75250963e-07	2.611521e-10
9.76224787e-07	3.683029e-10
9.77199584e-07	3.378228e-10
9.78175354e-07	3.303959e-10
9.79152098e-07	3.217516e-10
9.80129818e-07	3.870376e-10
9.81108514e-07	3.589066e-10
9.82088187e-07	3.520741e-10
9.83068838e-07	3.596628e-10
9.84050469e-07	3.444321e-10
9.85033080e-07	3.148259e-10
9.86016672e-07	3.284734e-10
9.87001246e-07	3.832604e-10
9.87986804e-07	3.295508e-10
9.88973345e-07	3.696397e-10
9.89960871e-07	3.581851e-10
9.90949384e-07	3.766584e-10
9.91938884e-07	3.639364e-10
9.92929371e-07	3.836783e-10
9.93920848e-07	4.237110e-10
9.94913315e-07	3.931196e-10
9.95906773e-07	3.745873e-10
9.96901223e-07	3.747934e-10
9.97896665e-07	4.239622e-10
9.98893102e-07	4.357698e-10
9.99890534e-07	4.265305e-10
1.00088896e-06	3.529456e-10
1.00188839e-06	3.578378e-10
1.00288881e-06	4.120137e-10
1.00389023e-06	4.449570e-10
1.00489265e-06	4.127486e-10
1.00589607e-06	4.098371e-10
1.00690050e-06	4.493699e-10
1.00790593e-06	4.350872e-10
1.00891236e-06	4.630062e-10
1.00991979e-06	4.633371e-10
1.01092824e-06	3.992436e-10
1.01193769e-06	4.622566e-10
1.01294814e-06	4.360883e-10
1.01395961e-06	4.611936e-10
1.01497209e-06	4.745952e-10
1.01598557e-06	4.803843e-10
1.01700007e-06	4.637438e-10
1.01801558e-06	4.700069e-10
1.01903211e-06	4.998640e-10
1.02004965e-06	4.180689e-10
1.02106821e-06	5.027045e-10
1.02208778e-06	5.028537e-10
1.02310838e-06	4.674044e-10
1.02412999e-06	4.888983e-10
1.02515262e-06	5.044795e-10
1.02617627e-06	4.772324e-10
1.02720095e-06	5.155662e-10
1.02822665e-06	4.980587e-10
1.02925337e-06	5.043240e-10
1.03028112e-06	5.036827e-10
1.03130989e-06	5.262137e-10
1.03233969e-06	5.149281e-10
1.03337052e-06	5.321260e-10
1.03440238e-06	5.526236e-10
1.03543527e-06	5.430103e-10
1.03646919e-06	5.552975e-10
1.03750414e-06	5.244572e-10
1.03854013e-06	5.408518e-10
1.03957715e-06	5.572944e-10
1.04061521e-06	5.629315e-10
1.04165430e-06	5.351042e-10
1.04269443e-06	5.374191e-10
1.04373560e-06	5.541884e-10
1.04477781e-06	5.514679e-10
1.04582106e-06	5.720236e-10
1.04686535e-06	5.215819e-10
1.04791068e-06	5.423252e-10
1.04895706e-06	5.623889e-10
1.05000448e-06	5.548124e-10
1.05105295e-06	5.545865e-10
1.05210246e-06	5.645290e-10
1.05315303e-06	6.035782e-10
1.05420464e-06	6.059416e-10
1.05525730e-06	6.150430e-10
1.05631102e-06	5.991676e-10
1.05736578e-06	6.151168e-10
1.05842160e-06	6.213543e-10
1.05947847e-06	5.862681e-10
1.06053640e-06	5.871100e-10
1.06159539e-06	6.146002e-10
1.06265543e-06	6.201022e-10
1.06371653e-06	6.150673e-10
1.06477869e-06	6.344343e-10
1.06584191e-06	6.145756e-10
1.06690619e-06	6.116220e-10
1.06797154e-06	6.313255e-10
1.06903795e-06	5.905732e-10
1.07010542e-06	6.419133e-10
1.07117396e-06	6.004778e-10
1.07224357e-06	6.550931e-10
1.07331424e-06	6.549432e-10
1.07438599e-06	6.769434e-10
1.07545880e-06	6.636666e-10
1.07653269e-06	6.199585e-10
1.07760765e-06	6.331310e-10
1.07868368e-06	5.231285e-10
1.07976078e-06	6.345636e-10
1.08083896e-06	6.644698e-10
1.08191822e-06	6.581080e-10
1.08299856e-06	6.784247e-10
1.08407997e-06	6.696897e-10
1.08516247e-06	6.517746e-10
1.08624604e-06	6.164613e-10
1.08733070e-06	6.136551e-10
1.08841644e-06	6.448680e-10
1.08950326e-06	5.995361e-10
1.09059117e-06	6.349784e-10
1.09168017e-06	4.579430e-10
1.09277025e-06	4.598064e-10
1.09386142e-06	4.794021e-10
1.09495368e-06	4.765755e-10
1.09604703e-06	3.838628e-10
1.09714148e-06	5.050726e-10
1.09823701e-06	5.973682e-10
1.09933364e-06	5.936351e-10
1.10043137e-06	4.823115e-10
1.10153019e-06	5.124109e-10
1.10263011e-06	5.284310e-10
1.10373113e-06	6.473034e-10
1.10483324e-06	5.583877e-10
1.10593646e-06	4.814349e-10
1.10704078e-06	5.885632e-10
1.10814620e-06	5.496500e-10
1.10925273e-06	5.435488e-10
1.11036036e-06	3.173938e-10
1.11146909e-06	5.500441e-10
1.11257893e-06	5.728917e-10
1.11368989e-06	5.654883e-10
1.11480195e-06	3.641994e-10
1.11591512e-06	6.037487e-10
1.11702940e-06	4.440017e-10
1.11814480e-06	5.974667e-10
1.11926130e-06	3.853819e-10
1.12037893e-06	2.784749e-10
1.12149767e-06	6.142304e-10
1.12261752e-06	6.101884e-10
1.12373850e-06	5.855492e-10
1.12486059e-06	5.889283e-10
1.12598381e-06	6.014581e-10
1.12710815e-06	6.142534e-10
1.12823361e-06	3.868311e-10
1.12936019e-06	3.509432e-10
1.13048790e-06	6.013943e-10
1.13161673e-06	5.114416e-10
1.13274669e-06	6.621879e-10
1.13387778e-06	6.369949e-10
1.13501000e-06	5.552309e-10
1.13614335e-06	5.718198e-10
1.13727783e-06	6.026850e-10
1.13841345e-06	6.759463e-10
1.13955019e-06	6.679056e-10
1.14068808e-06	6.478465e-10
1.14182710e-06	5.495563e-10
1.14296725e-06	5.888656e-10
1.14410855e-06	3.954524e-10
1.14525098e-06	6.220300e-10
1.14639456e-06	4.859180e-10
1.14753928e-06	5.822001e-10
1.14868514e-06	4.980277e-10
1.14983214e-06	4.156073e-10
1.15098029e-06	5.373886e-10
1.15212959e-06	6.849655e-10
1.15328003e-06	4.351417e-10
1.15443162e-06	4.987360e-10
1.15558437e-06	5.468575e-10
1.15673826e-06	6.594863e-10
1.15789331e-06	5.592257e-10
1.15904951e-06	6.491224e-10
1.16020686e-06	6.207043e-10
1.16136537e-06	6.208630e-10
1.16252504e-06	3.295961e-10
1.16368586e-06	3.304457e-10
1.16484784e-06	5.521901e-10
1.16601099e-06	6.564267e-10
1.16717529e-06	5.771524e-10
1.16834076e-06	3.622141e-10
1.16950739e-06	3.876816e-10
1.17067519e-06	5.479235e-10
1.17184415e-06	7.000100e-10
1.17301428e-06	6.489936e-10
1.17418558e-06	6.261916e-10
1.17535805e-06	6.846740e-10
1.17653168e-06	5.921456e-10
1.17770650e-06	5.853220e-10
1.17888248e-06	5.348113e-10
1.18005964e-06	5.191509e-10
1.18123797e-06	6.470561e-10
1.18241748e-06	3.526018e-10
1.18359817e-06	5.777609e-10
1.18478003e-06	6.271924e-10
1.18596308e-06	4.371396e-10
1.18714731e-06	7.779770e-10
1.18833272e-06	7.196355e-10
1.18951931e-06	5.554439e-10
1.19070709e-06	5.928133e-10
1.19189606e-06	6.883565e-10
1.19308621e-06	7.854712e-10
1.19427755e-06	7.282921e-10
1.19547008e-06	8.012136e-10
1.19666380e-06	7.707650e-10
1.19785872e-06	7.624881e-10
1.19905482e-06	6.221012e-10
1.20025212e-06	8.261355e-10
1.20145062e-06	7.884819e-10
1.20265031e-06	7.647164e-10
1.20385120e-06	8.721555e-10
1.20505329e-06	7.461442e-10
1.20625658e-06	7.365501e-10
1.20746108e-06	8.240780e-10
1.20866677e-06	8.357546e-10
1.20987367e-06	5.992890e-10
1.21108177e-06	8.185719e-10
1.21229108e-06	7.418067e-10
1.21350160e-06	8.224993e-10
1.21471333e-06	8.592312e-10
1.21592626e-06	7.326576e-10
1.21714041e-06	8.398350e-10
1.21835577e-06	8.735044e-10
1.21957234e-06	9.305853e-10
1.22079013e-06	7.745603e-10
1.22200914e-06	8.843472e-10
1.22322936e-06	8.298285e-10
1.22445080e-06	9.026438e-10
1.22567346e-06	8.427070e-10
1.22689734e-06	8.581488e-10
1.22812244e-06	9.005439e-10
1.22934876e-06	8.373093e-10
1.23057631e-06	8.210668e-10
1.23180509e-06	7.751523e-10
1.23303509e-06	9.067053e-10
1.23426633e-06	8.617244e-10
1.23549879e-06	8.679612e-10
1.23673248e-06	8.064535e-10
1.23796740e-06	9.144625e-10
1.23920356e-06	9.496050e-10
1.24044095e-06	9.011825e-10
1.24167957e-06	9.787543e-10
1.24291944e-06	8.873807e-10
1.24416054e-06	9.182806e-10
1.24540288e-06	1.013850e-09
1.24664646e-06	1.007814e-09
1.24789128e-06	1.004304e-09
1.24913735e-06	1.016470e-09
1.25038466e-06	1.038747e-09
1.25163321e-06	1.013498e-09
1.25288301e-06	1.046307e-09
1.25413407e-06	1.032469e-09
1.25538636e-06	8.839402e-10
1.25663991e-06	1.018230e-09
1.25789472e-06	9.763462e-10
1.25915077e-06	1.067794e-09
1.26040808e-06	9.270477e-10
1.26166664e-06	1.040351e-09
1.26292646e-06	1.083062e-09
1.26418754e-06	1.058538e-09
1.26544988e-06	1.061767e-09
1.26671348e-06	1.099408e-09
1.26797834e-06	1.117269e-09
1.26924446e-06	1.054295e-09
1.27051185e-06	7.644004e-10
1.27178050e-06	1.117161e-09
1.27305042e-06	1.025889e-09
1.27432161e-06	1.157779e-09
1.27559407e-06	1.096030e-09
1.27686780e-06	1.042175e-09
1.27814280e-06	1.130477e-09
1.27941907e-06	1.032897e-09
1.28069662e-06	1.057025e-09
1.28197544e-06	1.042048e-09
1.28325554e-06	8.033492e-10
1.28453692e-06	1.045881e-09
1.28581958e-06	1.124732e-09
1.28710351e-06	1.161198e-09
1.28838874e-06	1.100894e-09
1.28967524e-06	9.379776e-10
1.29096303e-06	1.113511e-09
1.29225210e-06	1.093950e-09
1.29354246e-06	1.202960e-09
1.29483411e-06	9.911358e-10
1.29612705e-06	1.107157e-09
1.29742128e-06	1.055322e-09
1.29871681e-06	1.170199e-09
1.30001362e-06	1.232435e-09
1.30131174e-06	1.083645e-09
1.30261114e-06	1.083071e-09
1.30391185e-06	1.101886e-09
1.30521385e-06	1.140303e-09
1.30651716e-06	1.092279e-09
1.30782176e-06	1.092294e-09
1.30912767e-06	6.885340e-10
1.31043489e-06	9.362486e-10
1.31174340e-06	8.314004e-10
1.31305323e-06	1.138736e-09
1.31436436e-06	1.075034e-09
1.31567680e-06	1.145727e-09
1.31699055e-06	9.098949e-10
1.31830562e-06	1.050526e-09
1.31962199e-06	1.029312e-09
1.32093969e-06	1.004039e-09
1.32225869e-06	1.098352e-09
1.32357902e-06	1.082207e-09
1.32490066e-06	1.062353e-09
1.32622362e-06	8.805928e-10
1.32754791e-06	1.233671e-09
1.32887351e-06	8.803708e-10
1.33020044e-06	7.860959e-10
1.33152870e-06	1.064946e-09
1.33285828e-06	7.277940e-10
1.33418918e-06	9.172591e-10
1.33552142e-06	9.201390e-10
1.33685499e-06	7.494886e-10
1.33818989e-06	7.009274e-10
1.33952612e-06	9.053584e-10
1.34086369e-06	9.180042e-10
1.34220259e-06	1.060275e-09
1.34354283e-06	5.802209e-10
1.34488441e-06	4.923197e-10
1.34622732e-06	9.605817e-10
1.34757158e-06	6.984157e-10
1.34891718e-06	8.121206e-10
1.35026412e-06	5.983157e-10
1.35161241e-06	5.402643e-10
1.35296205e-06	7.085053e-10
1.35431303e-06	6.247228e-10
1.35566536e-06	5.497545e-10
1.35701905e-06	7.473633e-10
1.35837408e-06	5.277903e-10
1.35973047e-06	7.106985e-10
1.36108821e-06	5.124734e-10
1.36244730e-06	6.232006e-10
1.36380776e-06	8.234802e-10
1.36516957e-06	8.090815e-10
1.36653274e-06	6.992822e-10
1.36789728e-06	6.615511e-10
1.36926317e-06	6.148184e-10
1.37063043e-06	6.287621e-10
1.37199906e-06	7.989605e-10
1.37336905e-06	8.533875e-10
1.37474041e-06	7.696580e-10
1.37611314e-06	6.455126e-10
1.37748724e-06	9.821155e-10
1.37886271e-06	7.054543e-10
1.38023956e-06	6.820742e-10
1.38161778e-06	9.092582e-10
1.38299737e-06	7.336023e-10
1.38437835e-06	6.421602e-10
1.38576070e-06	6.182438e-10
1.38714443e-06	7.727983e-10
1.38852955e-06	8.853551e-10
1.38991605e-06	5.607648e-10
1.39130393e-06	8.586095e-10
1.39269320e-06	5.858698e-10
1.39408385e-06	9.419875e-10
1.39547590e-06	7.509577e-10
1.39686933e-06	7.046350e-10
1.39826416e-06	8.216440e-10
1.39966038e-06	5.801256e-10
1.40105799e-06	5.905795e-10
1.40245700e-06	8.810362e-10
1.40385740e-06	8.784607e-10
1.40525921e-06	6.156125e-10
1.40666241e-06	5.903081e-10
1.40806702e-06	8.597458e-10
1.40947302e-06	8.039772e-10
1.41088043e-06	6.567050e-10
1.41228925e-06	8.232306e-10
1.41369947e-06	7.030122e-10
1.41511110e-06	8.598387e-10
1.41652415e-06	9.951731e-10
1.41793860e-06	7.424976e-10
1.41935446e-06	6.983588e-10
1.42077174e-06	5.941799e-10
1.42219043e-06	6.812839e-10
1.42361054e-06	6.253002e-10
1.42503207e-06	7.281490e-10
1.42645502e-06	8.748028e-10
1.42787939e-06	7.378637e-10
1.42930518e-06	6.571592e-10
1.43073239e-06	8.579940e-10
1.43216103e-06	6.719888e-10
1.43359110e-06	8.380057e-10
1.43502259e-06	8.409680e-10
1.43645551e-06	7.532426e-10
1.43788987e-06	7.857583e-10
1.43932565e-06	8.626214e-10
1.44076287e-06	7.997136e-10
1.44220153e-06	8.352293e-10
1.44364162e-06	9.808612e-10
1.44508315e-06	7.423226e-10
1.44652612e-06	8.864269e-10
1.44797053e-06	7.693599e-10
1.44941638e-06	9.227514e-10
1.45086368e-06	6.920380e-10
1.45231242e-06	9.013196e-10
1.45376261e-06	7.481927e-10
1.45521424e-06	9.168489e-10
1.45666733e-06	6.426539e-10
1.45812186e-06	6.872233e-10
1.45957785e-06	6.976398e-10
1.46103529e-06	9.448364e-10
1.46249419e-06	7.634242e-10
1.46395455e-06	7.280292e-10
1.46541636e-06	1.037634e-09
1.46687963e-06	7.630132e-10
1.46834437e-06	8.562050e-10
1.46981056e-06	9.244190e-10
1.47127822e-06	9.364508e-10
1.47274735e-06	1.069954e-09
1.47421794e-06	7.302509e-10
1.47569000e-06	7.228800e-10
1.47716353e-06	8.665817e-10
1.47863854e-06	7.125556e-10
1.48011501e-06	8.158216e-10
1.48159296e-06	9.319313e-10
1.48307239e-06	1.138984e-09
1.48455329e-06	7.722868e-10
1.48603567e-06	8.363729e-10
1.48751953e-06	1.043472e-09
1.48900488e-06	1.058790e-09
1.49049170e-06	8.397271e-10
1.49198001e-06	1.004501e-09
1.49346981e-06	7.553237e-10
1.49496110e-06	1.209480e-09
1.49645387e-06	7.719760e-10
1.49794813e-06	1.146350e-09
1.49944389e-06	1.104361e-09
1.50094114e-06	9.451459e-10
1.50243989e-06	9.502719e-10
1.50394013e-06	9.179942e-10
1.50544187e-06	9.981099e-10
1.50694511e-06	9.146277e-10
1.50844985e-06	1.052103e-09
1.50995609e-06	9.731054e-10
1.51146384e-06	9.455500e-10
1.51297309e-06	1.205133e-09
1.51448385e-06	9.813476e-10
1.51599612e-06	1.200043e-09
1.51750990e-06	8.936210e-10
1.51902519e-06	8.179327e-10
1.52054199e-06	1.069751e-09
1.52206031e-06	9.082059e-10
1.52358014e-06	9.978352e-10
1.52510149e-06	9.988783e-10
1.52662436e-06	1.301080e-09
1.52814875e-06	9.715011e-10
1.52967467e-06	1.425134e-09
1.53120210e-06	8.170564e-10
1.53273107e-06	1.150475e-09
1.53426156e-06	9.230573e-10
1.53579357e-06	1.068363e-09
1.53732712e-06	8.270754e-10
1.53886220e-06	1.101351e-09
1.54039881e-06	1.241622e-09
1.54193695e-06	1.173595e-09
1.54347663e-06	1.237882e-09
1.54501785e-06	1.438549e-09
1.54656061e-06	9.535594e-10
1.54810491e-06	1.287897e-09
1.54965075e-06	1.136814e-09
1.55119813e-06	1.266611e-09
1.55274706e-06	1.268247e-09
1.55429754e-06	1.367797e-09
1.55584956e-06	1.316166e-09
1.55740313e-06	1.130020e-09
1.55895826e-06	1.315949e-09
1.56051494e-06	1.384028e-09
1.56207317e-06	1.378001e-09
1.56363296e-06	1.402247e-09
1.56519430e-06	1.095410e-09
1.56675721e-06	1.380357e-09
1.56832167e-06	1.362704e-09
1.56988770e-06	1.411963e-09
1.57145529e-06	1.289463e-09
1.57302445e-06	1.048044e-09
1.57459517e-06	1.403573e-09
1.57616746e-06	1.333345e-09
1.57774132e-06	1.502024e-09
1.57931676e-06	1.490241e-09
1.58089376e-06	1.525943e-09
1.58247234e-06	1.068609e-09
1.58405250e-06	1.364372e-09
1.58563424e-06	1.464357e-09
1.58721755e-06	1.347857e-09
1.58880245e-06	1.600365e-09
1.59038892e-06	1.118801e-09
1.59197699e-06	1.366081e-09
1.59356663e-06	1.585486e-09
1.59515787e-06	1.660893e-09
1.59675069e-06	1.534267e-09
1.59834511e-06	1.346746e-09
1.59994111e-06	1.514616e-09
1.60153872e-06	1.510911e-09
1.60313791e-06	1.420055e-09
1.60473870e-06	1.688066e-09
1.60634109e-06	1.567156e-09
1.60794509e-06	1.630867e-09
1.60955068e-06	1.616979e-09
1.61115787e-06	1.602082e-09
1.61276668e-06	1.582268e-09
1.61437708e-06	1.669418e-09
1.61598910e-06	1.581663e-09
1.61760272e-06	1.658664e-09
1.61921796e-06	1.545876e-09
1.62083481e-06	1.669308e-09
1.62245327e-06	1.610660e-09
1.62407335e-06	1.556372e-09
1.62569505e-06	1.648970e-09
1.62731837e-06	1.626088e-09
1.62894330e-06	1.736610e-09
1.63056986e-06	1.696956e-09
1.63219805e-06	1.056399e-09
1.63382786e-06	1.727217e-09
1.63545930e-06	1.625863e-09
1.63709236e-06	1.639973e-09
1.63872706e-06	1.669840e-09
1.64036339e-06	1.610025e-09
1.64200135e-06	1.849640e-09
1.64364095e-06	1.745059e-09
1.64528219e-06	1.697792e-09
1.64692506e-06	1.739700e-09
1.64856958e-06	1.733310e-09
1.65021574e-06	1.779740e-09
1.65186354e-06	1.684772e-09
1.65351299e-06	1.800558e-09
1.65516408e-06	1.791456e-09
1.65681682e-06	1.814158e-09
1.65847122e-06	1.777748e-09
1.66012726e-06	1.763003e-09
1.66178496e-06	1.751188e-09
1.66344431e-06	1.797519e-09
1.66510532e-06	1.826152e-09
1.66676799e-06	1.735917e-09
1.66843232e-06	1.805848e-09
1.67009831e-06	1.549454e-09
1.67176597e-06	1.541571e-09
1.67343529e-06	1.795280e-09
1.67510628e-06	1.769771e-09
1.67677893e-06	1.813051e-09
1.67845326e-06	1.572441e-09
1.68012926e-06	1.824053e-09
1.68180693e-06	1.935580e-09
1.68348627e-06	1.687630e-09
1.68516730e-06	1.731626e-09
1.68685000e-06	1.415006e-09
1.68853438e-06	1.825023e-09
1.69022045e-06	1.865311e-09
1.69190819e-06	1.595102e-09
1.69359763e-06	1.900732e-09
1.69528875e-06	1.550032e-09
1.69698156e-06	1.770280e-09
1.69867605e-06	1.887091e-09
1.70037225e-06	1.717261e-09
1.70207013e-06	1.839624e-09
1.70376971e-06	1.569046e-09
1.70547099e-06	1.756505e-09
1.70717396e-06	1.803097e-09
1.70887864e-06	1.794406e-09
1.71058502e-06	1.920237e-09
1.71229310e-06	1.807800e-09
1.71400289e-06	1.656637e-09
1.71571438e-06	1.530901e-09
1.71742759e-06	1.487072e-09
1.71914250e-06	1.557389e-09
1.72085913e-06	1.415685e-09
1.72257747e-06	1.519908e-09
1.72429753e-06	1.844346e-09
1.72601931e-06	1.800018e-09
1.72774280e-06	1.546470e-09
1.72946801e-06	1.424243e-09
1.73119495e-06	1.697880e-09
1.73292362e-06	1.664944e-09
1.73465400e-06	1.529851e-09
1.73638612e-06	1.736322e-09
1.73811997e-06	1.632157e-09
1.73985554e-06	1.307670e-09
1.74159285e-06	1.726377e-09
1.74333190e-06	1.718966e-09
1.74507268e-06	1.360889e-09
1.74681520e-06	1.046757e-09
1.74855946e-06	1.850126e-09
1.75030546e-06	1.126247e-09
1.75205321e-06	1.147182e-09
1.75380270e-06	1.500970e-09
1.75555393e-06	1.080679e-09
1.75730692e-06	1.194807e-09
1.75906165e-06	1.811913e-09
1.76081814e-06	1.705952e-09
1.76257638e-06	1.729116e-09
1.76433638e-06	1.619825e-09
1.76609814e-06	1.684065e-09
1.76786165e-06	1.065399e-09
1.76962693e-06	1.807591e-09
1.77139397e-06	1.556794e-09
1.77316277e-06	1.346815e-09
1.77493334e-06	1.375114e-09
1.77670567e-06	1.475532e-09
1.77847978e-06	1.222314e-09
1.78025566e-06	1.458621e-09
1.78203331e-06	1.230630e-09
1.78381274e-06	1.386074e-09
1.78559394e-06	1.681530e-09
1.78737692e-06	1.631973e-09
1.78916168e-06	1.494753e-09
1.79094823e-06	1.372663e-09
1.79273655e-06	1.299129e-09
1.79452667e-06	1.775662e-09
1.79631857e-06	1.098668e-09
1.79811226e-06	1.381492e-09
1.79990774e-06	1.630950e-09
1.80170502e-06	1.267022e-09
1.80350409e-06	1.238317e-09
1.80530495e-06	1.526437e-09
1.80710762e-06	1.193431e-09
1.80891208e-06	1.221453e-09
1.81071835e-06	1.154643e-09
1.81252641e-06	1.147818e-09
1.81433629e-06	1.376807e-09
1.81614797e-06	1.744182e-09
1.81796146e-06	1.357520e-09
1.81977676e-06	1.388091e-09
1.82159388e-06	1.326500e-09
1.82341281e-06	1.211511e-09
1.82523355e-06	1.408159e-09
1.82705612e-06	1.445688e-09
1.82888050e-06	1.156017e-09
1.83070670e-06	1.470032e-09
1.83253473e-06	1.169344e-09
1.83436459e-06	1.740618e-09
1.83619627e-06	1.173963e-09
1.83802978e-06	1.530179e-09
1.83986512e-06	1.161880e-09
1.84170229e-06	1.711729e-09
1.84354130e-06	1.210318e-09
1.84538214e-06	1.628618e-09
1.84722483e-06	1.199179e-09
1.84906935e-06	1.780348e-09
1.85091571e-06	1.589379e-09
1.85276392e-06	1.840555e-09
1.85461397e-06	1.537378e-09
1.85646588e-06	1.402962e-09
1.85831963e-06	1.485806e-09
1.86017523e-06	1.397971e-09
1.86203268e-06	1.433164e-09
1.86389199e-06	1.614929e-09
1.86575315e-06	1.578390e-09
1.86761618e-06	1.385700e-09
1.86948106e-06	1.725146e-09
1.87134781e-06	1.446571e-09
1.87321642e-06	1.437120e-09
1.87508689e-06	1.684743e-09
1.87695924e-06	1.632640e-09
1.87883345e-06	1.593103e-09
1.88070954e-06	1.787449e-09
1.88258749e-06	1.715347e-09
1.88446733e-06	1.690416e-09
1.88634904e-06	1.928112e-09
1.88823263e-06	1.580276e-09
1.89011810e-06	1.339279e-09
1.89200545e-06	1.690821e-09
1.89389469e-06	1.233232e-09
1.89578581e-06	1.869742e-09
1.89767882e-06	1.593187e-09
1.89957373e-06	1.666865e-09
1.90147052e-06	1.247614e-09
1.90336921e-06	1.335037e-09
1.90526980e-06	1.571878e-09
1.90717228e-06	1.308601e-09
1.90907666e-06	1.792120e-09
1.91098294e-06	1.580920e-09
1.91289113e-06	1.410963e-09
1.91480122e-06	1.800443e-09
1.91671322e-06	1.552684e-09
1.91862713e-06	1.715752e-09
1.92054295e-06	1.770732e-09
1.92246069e-06	1.492912e-09
1.92438033e-06	1.774052e-09
1.92630190e-06	1.507251e-09
1.92822538e-06	1.639070e-09
1.93015079e-06	1.792529e-09
1.93207812e-06	1.848845e-09
1.93400737e-06	1.555418e-09
1.93593855e-06	1.687930e-09
1.93787165e-06	1.581005e-09
1.93980669e-06	1.312343e-09
1.94174366e-06	1.890367e-09
1.94368256e-06	1.650036e-09
1.94562340e-06	1.677055e-09
1.94756618e-06	1.498933e-09
1.94951089e-06	1.653710e-09
1.95145755e-06	1.771486e-09
1.95340615e-06	1.301559e-09
1.95535670e-06	1.598962e-09
1.95730920e-06	1.537164e-09
1.95926364e-06	1.879724e-09
1.96122004e-06	1.674665e-09
1.96317839e-06	1.742814e-09
1.96513870e-06	1.444133e-09
1.96710096e-06	1.710169e-09
1.96906519e-06	1.757357e-09
1.97103137e-06	1.591703e-09
1.97299952e-06	1.514700e-09
1.97496963e-06	1.771635e-09
1.97694171e-06	1.638123e-09
1.97891576e-06	2.002223e-09
1.98089178e-06	1.729080e-09
1.98286978e-06	1.481029e-09
1.98484975e-06	1.462295e-09
1.98683169e-06	1.486794e-09
1.98881562e-06	1.950414e-09
1.99080152e-06	1.355739e-09
1.99278941e-06	1.496452e-09
1.99477929e-06	1.800635e-09
1.99677115e-06	1.531505e-09
1.99876500e-06	1.876492e-09
2.00076084e-06	1.905863e-09
2.00275867e-06	1.797225e-09
2.00475850e-06	1.761088e-09
2.00676033e-06	1.962462e-09
2.00876415e-06	1.347850e-09
2.01076998e-06	1.523179e-09
2.01277780e-06	1.831170e-09
2.01478764e-06	1.682214e-09
2.01679948e-06	1.453383e-09
2.01881333e-06	1.366576e-09
2.02082919e-06	1.787928e-09
2.02284706e-06	1.722597e-09
2.02486695e-06	1.513797e-09
2.02688885e-06	1.720648e-09
2.02891278e-06	1.607843e-09
2.03093872e-06	1.545749e-09
2.03296669e-06	1.626665e-09
2.03499668e-06	1.670430e-09
2.03702870e-06	1.797106e-09
2.03906275e-06	1.644053e-09
2.04109883e-06	1.782068e-09
2.04313694e-06	1.745299e-09
2.04517709e-06	2.011632e-09
2.04721927e-06	1.738932e-09
2.04926350e-06	1.961595e-09
2.05130976e-06	1.941474e-09
2.05335807e-06	1.546243e-09
2.05540843e-06	2.054794e-09
2.05746083e-06	1.870493e-09
2.05951528e-06	1.962736e-09
2.06157178e-06	1.545047e-09
2.06363034e-06	1.882988e-09
2.06569095e-06	1.976667e-09
2.06775362e-06	1.528411e-09
2.06981835e-06	2.103810e-09
2.07188514e-06	1.914075e-09
2.07395399e-06	1.899894e-09
2.07602491e-06	1.834396e-09
2.07809790e-06	1.956349e-09
2.08017296e-06	1.955797e-09
2.08225009e-06	2.107502e-09
2.08432929e-06	1.732838e-09
2.08641057e-06	1.644281e-09
2.08849393e-06	1.723041e-09
2.09057937e-06	1.797011e-09
2.09266689e-06	2.097843e-09
2.09475649e-06	1.788948e-09
2.09684818e-06	1.797941e-09
2.09894197e-06	1.949289e-09
2.10103784e-06	1.864961e-09
2.10313580e-06	2.007083e-09
2.10523586e-06	2.020478e-09
2.10733802e-06	1.813128e-09
2.10944227e-06	2.104964e-09
2.11154863e-06	1.751022e-09
2.11365709e-06	1.939788e-09
2.11576765e-06	2.077473e-09
2.11788032e-06	2.055598e-09
2.11999511e-06	1.834656e-09
2.12211200e-06	2.105370e-09
2.12423101e-06	2.167226e-09
2.12635213e-06	2.037831e-09
2.12847537e-06	1.724803e-09
2.13060073e-06	1.968673e-09
2.13272822e-06	2.050016e-09
2.13485783e-06	2.021932e-09
2.13698956e-06	1.843574e-09
2.13912342e-06	2.140367e-09
2.14125942e-06	1.935915e-09
2.14339754e-06	1.727176e-09
2.14553781e-06	2.157803e-09
2.14768021e-06	2.209468e-09
2.14982474e-06	1.872677e-09
2.15197142e-06	2.110576e-09
2.15412025e-06	2.047186e-09
2.15627122e-06	2.192574e-09
2.15842433e-06	2.248791e-09
2.16057960e-06	1.910994e-09
2.16273702e-06	2.201577e-09
2.16489659e-06	2.105929e-09
2.16705832e-06	2.175974e-09
2.16922221e-06	2.141657e-09
2.17138826e-06	1.882008e-09
2.17355647e-06	2.198527e-09
2.17572684e-06	1.885628e-09
2.17789939e-06	2.194726e-09
2.18007410e-06	2.118043e-09
2.18225099e-06	2.102242e-09
2.18443005e-06	1.916065e-09
2.18661128e-06	1.915197e-09
2.18879469e-06	2.186650e-09
2.19098028e-06	2.060218e-09
2.19316806e-06	2.203937e-09
2.19535802e-06	2.128820e-09
2.19755017e-06	2.129751e-09
2.19974450e-06	2.172184e-09
2.20194103e-06	2.124247e-09
2.20413975e-06	2.111217e-09
2.20634066e-06	2.134148e-09
2.20854377e-06	1.840824e-09
2.21074909e-06	1.922408e-09
2.21295660e-06	2.179587e-09
2.21516632e-06	2.163418e-09
2.21737825e-06	2.150616e-09
2.21959238e-06	1.632057e-09
2.22180873e-06	2.031863e-09
2.22402729e-06	2.222837e-09
2.22624806e-06	2.188940e-09
2.22847105e-06	2.181847e-09
2.23069626e-06	2.248736e-09
2.23292369e-06	1.676505e-09
2.23515335e-06	2.180963e-09
2.23738523e-06	2.195605e-09
2.23961935e-06	2.284168e-09
2.24185569e-06	1.729797e-09
2.24409427e-06	2.262650e-09
2.24633508e-06	2.155568e-09
2.24857813e-06	2.248551e-09
2.25082341e-06	2.143402e-09
2.25307094e-06	2.219660e-09
2.25532072e-06	2.159510e-09
2.25757274e-06	2.249625e-09
2.25982701e-06	2.220520e-09
2.26208353e-06	2.274217e-09
2.26434231e-06	2.045310e-09
2.26660334e-06	2.184585e-09
2.26886662e-06	2.216223e-09
2.27113217e-06	2.226096e-09
2.27339998e-06	2.141087e-09
2.27567005e-06	2.208464e-09
2.27794240e-06	2.196803e-09
2.28021700e-06	2.055001e-09
2.28249389e-06	2.002069e-09
2.28477304e-06	2.268739e-09
2.28705447e-06	2.175899e-09
2.28933818e-06	2.265808e-09
2.29162417e-06	2.051522e-09
2.29391244e-06	1.653597e-09
2.29620300e-06	2.151315e-09
2.29849584e-06	1.972000e-09
2.30079097e-06	2.172198e-09
2.30308840e-06	1.906774e-09
2.30538812e-06	2.174197e-09
2.30769013e-06	2.060778e-09
2.30999445e-06	1.970834e-09
2.31230106e-06	2.158995e-09
2.31460998e-06	2.232745e-09
2.31692121e-06	2.219489e-09
2.31923474e-06	2.225830e-09
2.32155058e-06	2.243405e-09
2.32386873e-06	2.221669e-09
2.32618920e-06	2.177402e-09
2.32851199e-06	1.924988e-09
2.33083709e-06	2.176852e-09
2.33316452e-06	2.049896e-09
2.33549427e-06	2.192820e-09
2.33782635e-06	2.177457e-09
2.34016076e-06	2.202571e-09
2.34249749e-06	2.138537e-09
2.34483656e-06	1.745395e-09
2.34717797e-06	2.249245e-09
2.34952171e-06	2.028317e-09
2.35186780e-06	2.250250e-09
2.35421623e-06	2.224214e-09
2.35656700e-06	2.204787e-09
2.35892012e-06	2.079568e-09
2.36127559e-06	2.185094e-09
2.36363341e-06	2.218724e-09
2.36599358e-06	2.234165e-09
2.36835612e-06	2.242253e-09
2.37072101e-06	2.142431e-09
2.37308826e-06	1.789712e-09
2.37545788e-06	2.083827e-09
2.37782986e-06	2.302503e-09
2.38020421e-06	2.194948e-09
2.38258093e-06	2.005686e-09
2.38496003e-06	2.069959e-09
2.38734150e-06	2.027898e-09
2.38972535e-06	2.200025e-09
2.39211158e-06	1.953743e-09
2.39450019e-06	2.157115e-09
2.39689119e-06	2.158201e-09
2.39928457e-06	2.259262e-09
2.40168035e-06	1.869349e-09
2.40407851e-06	1.952457e-09
2.40647907e-06	2.309368e-09
2.40888203e-06	2.020550e-09
2.41128739e-06	2.182156e-09
2.41369515e-06	1.948696e-09
2.41610531e-06	1.714353e-09
2.41851788e-06	2.071077e-09
2.42093286e-06	2.193483e-09
2.42335026e-06	1.710439e-09
2.42577006e-06	1.812773e-09
2.42819228e-06	1.964997e-09
2.43061692e-06	1.991547e-09
2.43304398e-06	2.186846e-09
2.43547347e-06	2.092776e-09
2.43790538e-06	1.768563e-09
2.44033972e-06	2.125814e-09
2.44277649e-06	2.225065e-09
2.44521569e-06	2.089346e-09
2.44765733e-06	1.994106e-09
2.45010140e-06	1.885377e-09
2.45254792e-06	1.974234e-09
2.45499688e-06	2.009051e-09
2.45744829e-06	2.279704e-09
2.45990214e-06	1.839002e-09
2.46235844e-06	2.237686e-09
2.46481720e-06	2.175167e-09
2.46727841e-06	2.239103e-09
2.46974208e-06	1.855378e-09
2.47220821e-06	2.048288e-09
2.47467680e-06	2.007049e-09
2.47714786e-06	1.997263e-09
2.47962138e-06	1.865683e-09
2.48209737e-06	2.005785e-09
2.48457584e-06	1.818706e-09
2.48705678e-06	1.741835e-09
2.48954020e-06	1.731866e-09
2.49202610e-06	1.919243e-09
2.49451448e-06	1.945269e-09
2.49700534e-06	1.853141e-09
2.49949870e-06	1.930488e-09
2.50199454e-06	2.230294e-09
2.50449287e-06	1.916693e-09
2.50699370e-06	1.943751e-09
2.50949703e-06	2.070408e-09
2.51200285e-06	1.744813e-09
2.51451118e-06	1.888184e-09
2.51702201e-06	2.069168e-09
2.51953535e-06	1.763330e-09
2.52205120e-06	1.999223e-09
2.52456956e-06	1.820787e-09
2.52709044e-06	2.001662e-09
2.52961383e-06	1.941218e-09
2.53213975e-06	2.047320e-09
2.53466818e-06	1.754385e-09
2.53719914e-06	2.074176e-09
2.53973263e-06	1.762040e-09
2.54226865e-06	1.971458e-09
2.54480720e-06	2.087760e-09
2.54734828e-06	2.068446e-09
2.54989190e-06	1.993859e-09
2.55243806e-06	1.950226e-09
2.55498677e-06	1.921806e-09
2.55753802e-06	2.052175e-09
2.56009181e-06	1.770111e-09
2.56264816e-06	1.781141e-09
2.56520706e-06	1.994090e-09
2.56776851e-06	1.771255e-09
2.57033253e-06	2.181011e-09
2.57289910e-06	2.092742e-09
2.57546823e-06	1.912828e-09
2.57803993e-06	1.781443e-09
2.58061420e-06	2.056600e-09
2.58319104e-06	1.832010e-09
2.58577045e-06	1.953087e-09
2.58835244e-06	1.889373e-09
2.59093701e-06	2.169637e-09
2.59352415e-06	1.929094e-09
2.59611388e-06	1.810905e-09
2.59870620e-06	2.064691e-09
2.60130110e-06	1.836547e-09
2.60389860e-06	1.946524e-09
2.60649869e-06	1.807752e-09
2.60910137e-06	1.814159e-09
2.61170666e-06	2.148925e-09
2.61431454e-06	2.196911e-09
2.61692503e-06	1.915518e-09
2.61953813e-06	2.194597e-09
2.62215384e-06	1.982329e-09
2.62477215e-06	2.143200e-09
2.62739309e-06	1.923512e-09
2.63001663e-06	2.248134e-09
2.63264280e-06	1.824080e-09
2.63527160e-06	2.123342e-09
2.63790301e-06	2.220614e-09
2.64053706e-06	1.811168e-09
2.64317373e-06	1.808273e-09
2.64581304e-06	1.819075e-09
2.64845498e-06	1.857689e-09
2.65109956e-06	1.852333e-09
2.65374678e-06	2.231172e-09
2.65639665e-06	2.098644e-09
2.65904916e-06	2.106666e-09
2.66170431e-06	2.193724e-09
2.66436213e-06	2.115302e-09
2.66702259e-06	1.953046e-09
2.66968571e-06	1.824089e-09
2.67235149e-06	2.198405e-09
2.67501993e-06	2.040917e-09
2.67769104e-06	1.952456e-09
2.68036481e-06	1.925131e-09
2.68304126e-06	1.839908e-09
2.68572037e-06	1.822044e-09
2.68840216e-06	2.113971e-09
2.69108663e-06	1.823607e-09
2.69377378e-06	1.825812e-09
2.69646362e-06	1.874113e-09
2.69915613e-06	2.241910e-09
2.70185134e-06	1.839780e-09
2.70454924e-06	1.832460e-09
2.70724983e-06	1.881506e-09
2.70995312e-06	1.890863e-09
2.71265911e-06	2.116427e-09
2.71536780e-06	1.834876e-09
2.71807920e-06	2.033680e-09
2.72079330e-06	1.956111e-09
2.72351011e-06	1.966505e-09
2.72622964e-06	1.957420e-09
2.72895188e-06	1.838040e-09
2.73167684e-06	1.845938e-09
2.73440452e-06	1.989605e-09
2.73713492e-06	2.127393e-09
2.73986805e-06	1.898917e-09
2.74260391e-06	2.227517e-09
2.74534251e-06	1.887158e-09
2.74808383e-06	1.846348e-09
2.75082790e-06	2.005105e-09
2.75357470e-06	2.216184e-09
2.75632425e-06	2.143129e-09
2.75907654e-06	2.339509e-09
2.76183158e-06	2.250355e-09
2.76458937e-06	1.903180e-09
2.76734991e-06	2.017432e-09
2.77011322e-06	1.855897e-09
2.77287928e-06	1.973064e-09
2.77564810e-06	2.162340e-09
2.77841969e-06	1.908723e-09
2.78119404e-06	1.899303e-09
2.78397117e-06	2.044766e-09
2.78675106e-06	1.909207e-09
2.78953374e-06	1.857908e-09
2.79231919e-06	1.867604e-09
2.79510743e-06	1.958733e-09
2.79789844e-06	1.864743e-09
2.80069225e-06	1.860840e-09
2.80348884e-06	1.877682e-09
2.80628823e-06	2.066153e-09
2.80909041e-06	1.872636e-09
2.81189540e-06	2.061711e-09
2.81470318e-06	1.865700e-09
2.81751376e-06	1.873770e-09
2.82032715e-06	1.960143e-09
2.82314336e-06	1.866570e-09
2.82596237e-06	1.898456e-09
2.82878420e-06	1.919780e-09
2.83160884e-06	1.924125e-09
2.83443631e-06	1.956039e-09
2.83726660e-06	1.870559e-09
2.84009972e-06	1.916312e-09
2.84293566e-06	1.947386e-09
2.84577444e-06	1.994878e-09
2.84861605e-06	1.884266e-09
2.85146050e-06	1.886410e-09
2.85430779e-06	2.038072e-09
2.85715792e-06	1.919319e-09
2.86001090e-06	2.107057e-09
2.86286672e-06	2.135818e-09
2.86572540e-06	1.877532e-09
2.86858693e-06	1.886843e-09
2.87145132e-06	1.924290e-09
2.87431857e-06	2.258238e-09
2.87718869e-06	1.896854e-09
2.88006167e-06	2.118584e-09
2.88293752e-06	1.897664e-09
2.88581624e-06	1.994717e-09
2.88869783e-06	1.901177e-09
2.89158230e-06	1.977024e-09
2.89446965e-06	1.982182e-09
2.89735989e-06	2.090661e-09
2.90025301e-06	1.915754e-09
2.90314902e-06	2.263778e-09
2.90604792e-06	2.054338e-09
2.90894972e-06	1.888749e-09
2.91185441e-06	1.907650e-09
2.91476201e-06	2.023376e-09
2.91767251e-06	2.038484e-09
2.92058591e-06	1.889568e-09
2.92350222e-06	2.001574e-09
2.92642145e-06	1.916677e-09
2.92934359e-06	2.115413e-09
2.93226865e-06	2.058225e-09
2.93519663e-06	2.054260e-09
2.93812753e-06	1.917726e-09
2.94106136e-06	2.169886e-09
2.94399812e-06	2.068627e-09
2.94693781e-06	2.042061e-09
2.94988043e-06	2.205578e-09
2.95282600e-06	2.362751e-09
2.95577451e-06	1.965189e-09
2.95872596e-06	2.032145e-09
2.96168035e-06	2.080568e-09
2.96463770e-06	2.177661e-09
2.96759800e-06	2.177791e-09
2.97056126e-06	1.923698e-09
2.97352747e-06	1.964765e-09
2.97649665e-06	2.104802e-09
2.97946879e-06	1.947769e-09
2.98244390e-06	1.909177e-09
2.98542198e-06	1.962481e-09
2.98840304e-06	2.133750e-09
2.99138707e-06	1.960873e-09
2.99437408e-06	1.996228e-09
2.99736407e-06	2.264675e-09
3.00035705e-06	2.056414e-09
3.00335302e-06	1.915423e-09
3.00635198e-06	2.040215e-09
3.00935393e-06	2.114339e-09
3.01235888e-06	2.106141e-09
3.01536684e-06	2.273356e-09
3.01837779e-06	1.984155e-09
3.02139175e-06	2.083853e-09
3.02440873e-06	2.002184e-09
3.02742871e-06	2.203909e-09
3.03045171e-06	2.033749e-09
3.03347773e-06	1.972200e-09
3.03650677e-06	2.067028e-09
3.03953883e-06	2.019130e-09
3.04257392e-06	1.928066e-09
3.04561205e-06	2.294092e-09
3.04865320e-06	2.031228e-09
3.05169740e-06	2.048911e-09
3.05474463e-06	2.087047e-09
3.05779491e-06	2.152907e-09
3.06084823e-06	2.018336e-09
3.06390460e-06	1.914991e-09
3.06696402e-06	2.000508e-09
3.07002650e-06	2.050819e-09
3.07309203e-06	1.922039e-09
3.07616063e-06	2.198924e-09
3.07923229e-06	2.078983e-09
3.08230702e-06	2.070764e-09
3.08538481e-06	2.010741e-09
3.08846569e-06	2.038836e-09
3.09154963e-06	1.997056e-09
3.09463666e-06	1.981331e-09
3.09772677e-06	2.010056e-09
3.10081996e-06	1.979465e-09
3.10391625e-06	2.103537e-09
3.10701562e-06	1.938183e-09
3.11011809e-06	2.003328e-09
3.11322366e-06	2.040488e-09
3.11633233e-06	2.069867e-09
3.11944410e-06	2.132801e-09
3.12255898e-06	1.959091e-09
3.12567698e-06	2.066934e-09
3.12879808e-06	2.095912e-09
3.13192230e-06	2.108625e-09
3.13504964e-06	2.010121e-09
3.13818010e-06	1.959596e-09
3.14131369e-06	1.960215e-09
3.14445041e-06	2.125304e-09
3.14759026e-06	2.113760e-09
3.15073325e-06	1.951268e-09
3.15387937e-06	2.020040e-09
3.15702864e-06	2.053051e-09
3.16018105e-06	1.985044e-09
3.16333660e-06	1.936763e-09
3.16649531e-06	2.125269e-09
3.16965718e-06	2.196298e-09
3.17282220e-06	2.039702e-09
3.17599038e-06	2.013601e-09
3.17916172e-06	1.950604e-09
3.18233623e-06	2.269988e-09
3.18551391e-06	2.077615e-09
3.18869477e-06	1.959121e-09
3.19187880e-06	2.092482e-09
3.19506601e-06	2.093529e-09
3.19825640e-06	2.032645e-09
3.20144997e-06	1.939188e-09
3.20464674e-06	1.944154e-09
3.20784670e-06	2.142453e-09
3.21104985e-06	1.965291e-09
3.21425621e-06	2.078818e-09
3.21746576e-06	2.055624e-09
3.22067852e-06	2.045098e-09
3.22389449e-06	1.953637e-09
3.22711366e-06	2.102278e-09
3.23033606e-06	2.189442e-09
3.23356167e-06	2.026631e-09
3.23679050e-06	1.977252e-09
3.24002255e-06	2.288707e-09
3.24325783e-06	1.955324e-09
3.24649635e-06	2.129762e-09
3.24973809e-06	2.135104e-09
3.25298308e-06	2.041679e-09
3.25623130e-06	2.231491e-09
3.25948277e-06	1.953465e-09
3.26273748e-06	2.278521e-09
3.26599545e-06	2.212596e-09
3.26925667e-06	1.972967e-09
3.27252114e-06	2.353781e-09
3.27578887e-06	1.978240e-09
3.27905987e-06	2.235883e-09
3.28233413e-06	2.021786e-09
3.28561167e-06	2.035443e-09
3.28889247e-06	2.270439e-09
3.29217655e-06	2.048246e-09
3.29546391e-06	2.220962e-09
3.29875455e-06	2.044882e-09
3.30204848e-06	2.376074e-09
3.30534570e-06	1.994377e-09
3.30864621e-06	2.013713e-09
3.31195002e-06	1.927905e-09
3.31525712e-06	2.067234e-09
3.31856753e-06	2.115894e-09
3.32188124e-06	2.196941e-09
3.32519826e-06	2.230941e-09
3.32851860e-06	2.007863e-09
3.33184225e-06	1.996576e-09
3.33516921e-06	2.247179e-09
3.33849950e-06	2.082036e-09
3.34183312e-06	2.083357e-09
3.34517006e-06	2.057527e-09
3.34851034e-06	2.127838e-09
3.35185395e-06	2.270734e-09
3.35520090e-06	2.121436e-09
3.35855119e-06	2.077052e-09
3.36190483e-06	2.114126e-09
3.36526182e-06	2.118074e-09
3.36862216e-06	2.245433e-09
3.37198585e-06	2.267363e-09
3.37535290e-06	2.342035e-09
3.37872332e-06	2.153228e-09
3.38209710e-06	2.141975e-09
3.38547425e-06	2.082713e-09
3.38885477e-06	2.262292e-09
3.39223867e-06	2.006009e-09
3.39562594e-06	2.189799e-09
3.39901660e-06	2.171616e-09
3.40241065e-06	2.196545e-09
3.40580808e-06	2.217071e-09
3.40920890e-06	2.065065e-09
3.41261313e-06	1.999027e-09
3.41602075e-06	2.131485e-09
3.41943177e-06	2.246021e-09
3.42284620e-06	2.169022e-09
3.42626404e-06	2.024469e-09
3.42968529e-06	2.053295e-09
3.43310996e-06	2.104589e-09
3.43653804e-06	1.968362e-09
3.43996956e-06	2.180281e-09
3.44340449e-06	2.166679e-09
3.44684286e-06	2.028891e-09
3.45028466e-06	2.174776e-09
3.45372990e-06	2.165786e-09
3.45717857e-06	2.111877e-09
3.46063070e-06	2.296578e-09
3.46408626e-06	2.149068e-09
3.46754528e-06	1.990368e-09
3.47100775e-06	1.940721e-09
3.47447368e-06	2.144365e-09
3.47794307e-06	1.977869e-09
3.48141593e-06	2.022454e-09
3.48489225e-06	1.961056e-09
3.48837205e-06	2.198616e-09
3.49185532e-06	2.131838e-09
3.49534206e-06	2.199210e-09
3.49883229e-06	2.290131e-09
3.50232600e-06	2.256443e-09
3.50582321e-06	2.303880e-09
3.50932390e-06	2.249313e-09
3.51282809e-06	2.192821e-09
3.51633578e-06	1.980088e-09
3.51984697e-06	2.205353e-09
3.52336167e-06	2.300501e-09
3.52687988e-06	1.935616e-09
3.53040160e-06	2.350125e-09
3.53392683e-06	2.265166e-09
3.53745559e-06	2.225050e-09
3.54098787e-06	2.183582e-09
3.54452368e-06	2.137809e-09
3.54806302e-06	2.360355e-09
3.55160589e-06	2.224395e-09
3.55515230e-06	2.224086e-09
3.55870225e-06	2.224082e-09
3.56225575e-06	2.281187e-09
3.56581279e-06	2.182436e-09
3.56937339e-06	2.243902e-09
3.57293754e-06	2.207310e-09
3.57650525e-06	2.179711e-09
3.58007652e-06	2.266107e-09
3.58365136e-06	2.312306e-09
3.58722977e-06	2.272319e-09
3.59081175e-06	2.271223e-09
3.59439731e-06	2.337481e-09
3.59798645e-06	1.968844e-09
3.60157917e-06	1.976066e-09
3.60517548e-06	2.277035e-09
3.60877538e-06	2.102752e-09
3.61237888e-06	2.051046e-09
3.61598597e-06	2.119464e-09
3.61959667e-06	2.312077e-09
3.62321097e-06	2.288145e-09
3.62682888e-06	2.070526e-09
3.63045040e-06	2.173671e-09
3.63407554e-06	2.109894e-09
3.63770430e-06	2.009062e-09
3.64133669e-06	2.321751e-09
3.64497270e-06	2.372687e-09
3.64861234e-06	2.218725e-09
3.65225561e-06	2.007616e-09
3.65590252e-06	2.431089e-09
3.65955308e-06	2.322675e-09
3.66320728e-06	2.240482e-09
3.66686512e-06	2.332311e-09
3.67052662e-06	2.310860e-09
3.67419178e-06	2.031441e-09
3.67786060e-06	2.226108e-09
3.68153308e-06	2.257309e-09
3.68520923e-06	2.438586e-09
3.68888904e-06	2.125732e-09
3.69257254e-06	2.361321e-09
3.69625971e-06	1.990313e-09
3.69995056e-06	2.153289e-09
3.70364510e-06	2.314844e-09
3.70734332e-06	2.135777e-09
3.71104524e-06	2.113821e-09
3.71475086e-06	2.315862e-09
3.71846018e-06	2.286980e-09
3.72217320e-06	2.161966e-09
3.72588992e-06	2.321066e-09
3.72961036e-06	2.326737e-09
3.73333452e-06	2.344907e-09
3.73706239e-06	2.330291e-09
3.74079399e-06	2.401867e-09
3.74452931e-06	2.281807e-09
3.74826836e-06	1.996782e-09
3.75201114e-06	2.354853e-09
3.75575766e-06	2.303147e-09
3.75950793e-06	2.397549e-09
3.76326194e-06	2.426399e-09
3.76701969e-06	2.427266e-09
3.77078120e-06	2.241439e-09
3.77454647e-06	2.302544e-09
3.77831549e-06	2.214213e-09
3.78208828e-06	2.110523e-09
3.78586483e-06	2.203267e-09
3.78964516e-06	2.487698e-09
3.79342926e-06	2.011661e-09
3.79721714e-06	2.485798e-09
3.80100880e-06	2.433264e-09
3.80480425e-06	2.395636e-09
3.80860349e-06	2.420496e-09
3.81240652e-06	2.465255e-09
3.81621335e-06	2.292499e-09
3.82002398e-06	2.496375e-09
3.82383842e-06	2.419339e-09
3.82765666e-06	2.473501e-09
3.83147872e-06	2.241170e-09
3.83530459e-06	2.477658e-09
3.83913428e-06	2.389215e-09
3.84296780e-06	2.463573e-09
3.84680515e-06	2.094650e-09
3.85064633e-06	2.266439e-09
3.85449134e-06	2.470493e-09
3.85834019e-06	2.375256e-09
3.86219289e-06	2.269735e-09
3.86604943e-06	2.219877e-09
3.86990982e-06	2.457508e-09
3.87377407e-06	2.344643e-09
3.87764218e-06	2.408360e-09
3.88151415e-06	2.486809e-09
3.88538998e-06	2.375187e-09
3.88926969e-06	2.421747e-09
3.89315327e-06	2.471247e-09
3.89704073e-06	2.256855e-09
3.90093207e-06	2.452729e-09
3.90482729e-06	2.469458e-09
3.90872641e-06	2.442776e-09
3.91262941e-06	2.434434e-09
3.91653632e-06	2.357966e-09
3.92044713e-06	2.187584e-09
3.92436184e-06	2.199339e-09
3.92828046e-06	2.473804e-09
3.93220299e-06	2.056548e-09
3.93612944e-06	2.364202e-09
3.94005981e-06	2.254294e-09
3.94399411e-06	2.473379e-09
3.94793233e-06	2.260422e-09
3.95187449e-06	2.228409e-09
3.95582058e-06	2.518499e-09
3.95977062e-06	2.355202e-09
3.96372460e-06	2.062569e-09
3.96768252e-06	2.322766e-09
3.97164440e-06	2.318288e-09
3.97561023e-06	2.123881e-09
3.97958003e-06	2.399736e-09
3.98355379e-06	2.335718e-09
3.98753151e-06	2.369174e-09
3.99151321e-06	2.119591e-09
3.99549888e-06	2.423196e-09
3.99948854e-06	2.037235e-09
4.00348217e-06	2.491414e-09
