2.99769222e-07	5.809254e-16
3.00068553e-07	6.280155e-16
3.00368182e-07	6.416429e-16
3.00668111e-07	6.555468e-16
3.00968339e-07	6.697324e-16
3.01268867e-07	6.842051e-16
3.01569695e-07	6.989703e-16
3.01870824e-07	7.140334e-16
3.02172253e-07	7.293999e-16
3.02473983e-07	7.450757e-16
3.02776015e-07	7.610664e-16
3.03078348e-07	7.773780e-16
3.03380983e-07	7.940163e-16
3.03683920e-07	8.109875e-16
3.03987160e-07	8.282978e-16
3.04290702e-07	8.459534e-16
3.04594547e-07	8.639608e-16
3.04898696e-07	8.823264e-16
3.05203149e-07	9.010569e-16
3.05507906e-07	9.201589e-16
3.05812967e-07	9.396394e-16
3.06118332e-07	9.595052e-16
3.06424003e-07	9.797635e-16
3.06729978e-07	1.000421e-15
3.07036260e-07	1.021486e-15
3.07342847e-07	1.042966e-15
3.07649740e-07	1.064867e-15
3.07956940e-07	1.087198e-15
3.08264446e-07	1.109966e-15
3.08572260e-07	1.133180e-15
3.08880380e-07	1.156847e-15
3.09188809e-07	1.180976e-15
3.09497545e-07	1.205575e-15
3.09806590e-07	1.230653e-15
3.10115944e-07	1.256218e-15
3.10425606e-07	1.282279e-15
3.10735577e-07	1.308844e-15
3.11045858e-07	1.335924e-15
3.11356449e-07	1.363527e-15
3.11667350e-07	1.391663e-15
3.11978561e-07	1.420340e-15
3.12290084e-07	1.449570e-15
3.12601917e-07	1.479361e-15
3.12914061e-07	1.509723e-15
3.13226518e-07	1.540668e-15
3.13539286e-07	1.572205e-15
3.13852367e-07	1.604344e-15
3.14165760e-07	1.637097e-15
3.14479466e-07	1.670474e-15
3.14793485e-07	1.704486e-15
3.15107818e-07	1.739145e-15
3.15422465e-07	1.774461e-15
3.15737426e-07	1.810447e-15
3.16052702e-07	1.847114e-15
3.16368292e-07	1.884474e-15
3.16684197e-07	1.922540e-15
3.17000418e-07	1.961323e-15
3.17316955e-07	2.000836e-15
3.17633808e-07	2.041093e-15
3.17950977e-07	2.082105e-15
3.18268463e-07	2.123886e-15
3.18586266e-07	2.166450e-15
3.18904386e-07	2.209809e-15
3.19222824e-07	2.253979e-15
3.19541579e-07	2.298972e-15
3.19860654e-07	2.344803e-15
3.20180046e-07	2.391487e-15
3.20499758e-07	2.439038e-15
3.20819789e-07	2.487472e-15
3.21140139e-07	2.536802e-15
3.21460810e-07	2.587046e-15
3.21781800e-07	2.638218e-15
3.22103111e-07	2.690334e-15
3.22424743e-07	2.743411e-15
3.22746696e-07	2.797465e-15
3.23068971e-07	2.852512e-15
3.23391567e-07	2.908570e-15
3.23714485e-07	2.965655e-15
3.24037726e-07	3.023786e-15
3.24361290e-07	3.082980e-15
3.24685177e-07	3.143255e-15
3.25009387e-07	3.204629e-15
3.25333921e-07	3.267121e-15
3.25658779e-07	3.330749e-15
3.25983961e-07	3.395534e-15
3.26309468e-07	3.461494e-15
3.26635300e-07	3.528649e-15
3.26961458e-07	3.597019e-15
3.27287941e-07	3.666625e-15
3.27614750e-07	3.737488e-15
3.27941886e-07	3.809628e-15
3.28269348e-07	3.883066e-15
3.28597137e-07	3.957825e-15
3.28925253e-07	4.033926e-15
3.29253697e-07	4.111393e-15
3.29582469e-07	4.190246e-15
3.29911570e-07	4.270511e-15
3.30240998e-07	4.352209e-15
3.30570756e-07	4.435365e-15
3.30900844e-07	4.520003e-15
3.31231260e-07	4.606147e-15
3.31562007e-07	4.693822e-15
3.31893084e-07	4.783054e-15
3.32224491e-07	4.873867e-15
3.32556230e-07	4.966289e-15
3.32888300e-07	5.060346e-15
3.33220701e-07	5.156063e-15
3.33553434e-07	5.253469e-15
3.33886500e-07	5.352592e-15
3.34219898e-07	5.453458e-15
3.34553629e-07	5.556098e-15
3.34887693e-07	5.660538e-15
3.35222091e-07	5.766810e-15
3.35556822e-07	5.874943e-15
3.35891888e-07	5.984966e-15
3.36227289e-07	6.096911e-15
3.36563024e-07	6.210809e-15
3.36899095e-07	6.326691e-15
3.37235501e-07	6.444590e-15
3.37572243e-07	6.564537e-15
3.37909321e-07	6.686567e-15
3.38246736e-07	6.810712e-15
3.38584488e-07	6.937007e-15
3.38922578e-07	7.065487e-15
3.39261004e-07	7.196185e-15
3.39599769e-07	7.329138e-15
3.39938872e-07	7.464382e-15
3.40278313e-07	7.601953e-15
3.40618094e-07	7.741890e-15
3.40958214e-07	7.884228e-15
3.41298673e-07	8.029008e-15
3.41639473e-07	8.176267e-15
3.41980612e-07	8.326045e-15
3.42322093e-07	8.478382e-15
3.42663914e-07	8.633319e-15
3.43006076e-07	8.790896e-15
3.43348581e-07	8.951157e-15
3.43691427e-07	9.114142e-15
3.44034616e-07	9.279895e-15
3.44378147e-07	9.448460e-15
3.44722021e-07	9.619881e-15
3.45066239e-07	9.794202e-15
3.45410800e-07	9.971470e-15
3.45755706e-07	1.015173e-14
3.46100956e-07	1.033503e-14
3.46446550e-07	1.052142e-14
3.46792490e-07	1.071094e-14
3.47138775e-07	1.090365e-14
3.47485406e-07	1.109959e-14
3.47832383e-07	1.129882e-14
3.48179707e-07	1.150138e-14
3.48527377e-07	1.170733e-14
3.48875395e-07	1.191672e-14
3.49223760e-07	1.212961e-14
3.49572472e-07	1.234604e-14
3.49921534e-07	1.256608e-14
3.50270943e-07	1.278977e-14
3.50620702e-07	1.301718e-14
3.50970809e-07	1.324836e-14
3.51321267e-07	1.348337e-14
3.51672074e-07	1.372227e-14
3.52023232e-07	1.396513e-14
3.52374740e-07	1.421199e-14
3.52726599e-07	1.446292e-14
3.53078810e-07	1.471799e-14
3.53431372e-07	1.497725e-14
3.53784286e-07	1.524078e-14
3.54137553e-07	1.550863e-14
3.54491173e-07	1.578087e-14
3.54845145e-07	1.605758e-14
3.55199471e-07	1.633881e-14
3.55554151e-07	1.662464e-14
3.55909185e-07	1.691513e-14
3.56264573e-07	1.721037e-14
3.56620317e-07	1.751041e-14
3.56976415e-07	1.781533e-14
3.57332870e-07	1.812521e-14
3.57689680e-07	1.844012e-14
3.58046846e-07	1.876014e-14
3.58404369e-07	1.908534e-14
3.58762249e-07	1.941580e-14
3.59120487e-07	1.975161e-14
3.59479082e-07	2.009283e-14
3.59838035e-07	2.043956e-14
3.60197347e-07	2.079187e-14
3.60557017e-07	2.114982e-14
3.60917046e-07	2.151359e-14
3.61277436e-07	2.188317e-14
3.61638184e-07	2.225867e-14
3.61999294e-07	2.264019e-14
3.62360763e-07	2.302780e-14
3.62722594e-07	2.342163e-14
3.63084786e-07	2.382174e-14
3.63447339e-07	2.422823e-14
3.63810255e-07	2.464120e-14
3.64173533e-07	2.506074e-14
3.64537174e-07	2.548695e-14
3.64901178e-07	2.591993e-14
3.65265545e-07	2.635978e-14
3.65630276e-07	2.680659e-14
3.65995372e-07	2.726049e-14
3.66360832e-07	2.772155e-14
3.66726656e-07	2.818991e-14
3.67092847e-07	2.866565e-14
3.67459402e-07	2.914889e-14
3.67826324e-07	2.963974e-14
3.68193613e-07	3.013831e-14
3.68561267e-07	3.064471e-14
3.68929290e-07	3.115907e-14
3.69297679e-07	3.168148e-14
3.69666437e-07	3.221209e-14
3.70035562e-07	3.275098e-14
3.70405056e-07	3.329831e-14
3.70774920e-07	3.385418e-14
3.71145152e-07	3.441871e-14
3.71515754e-07	3.499204e-14
3.71886726e-07	3.557428e-14
3.72258069e-07	3.616561e-14
3.72629783e-07	3.676612e-14
3.73001867e-07	3.737592e-14
3.73374323e-07	3.799520e-14
3.73747152e-07	3.862405e-14
3.74120352e-07	3.926261e-14
3.74493925e-07	3.991105e-14
3.74867871e-07	4.056949e-14
3.75242191e-07	4.123814e-14
3.75616884e-07	4.191701e-14
3.75991951e-07	4.260640e-14
3.76367393e-07	4.330635e-14
3.76743210e-07	4.401701e-14
3.77119402e-07	4.473845e-14
3.77495970e-07	4.547130e-14
3.77872913e-07	4.621518e-14
3.78250233e-07	4.697041e-14
3.78627930e-07	4.773722e-14
3.79006004e-07	4.851572e-14
3.79384456e-07	4.930609e-14
3.79763285e-07	5.010844e-14
3.80142493e-07	5.092310e-14
3.80522079e-07	5.175009e-14
3.80902045e-07	5.258961e-14
3.81282390e-07	5.344193e-14
3.81663114e-07	5.430699e-14
3.82044219e-07	5.518529e-14
3.82425704e-07	5.607703e-14
3.82807570e-07	5.698211e-14
3.83189818e-07	5.790084e-14
3.83572447e-07	5.883335e-14
3.83955458e-07	5.978006e-14
3.84338852e-07	6.074087e-14
3.84722629e-07	6.171617e-14
3.85106789e-07	6.270625e-14
3.85491332e-07	6.371108e-14
3.85876259e-07	6.473098e-14
3.86261571e-07	6.576616e-14
3.86647268e-07	6.681672e-14
3.87033349e-07	6.788317e-14
3.87419816e-07	6.896543e-14
3.87806669e-07	7.006380e-14
3.88193909e-07	7.117869e-14
3.88581535e-07	7.230984e-14
3.88969548e-07	7.345820e-14
3.89357948e-07	7.462358e-14
3.89746737e-07	7.580599e-14
3.90135913e-07	7.700629e-14
3.90525478e-07	7.822402e-14
3.90915433e-07	7.945986e-14
3.91305776e-07	8.071418e-14
3.91696509e-07	8.198707e-14
3.92087633e-07	8.327854e-14
3.92479147e-07	8.458908e-14
3.92871052e-07	8.591891e-14
3.93263348e-07	8.726846e-14
3.93656036e-07	8.863767e-14
3.94049116e-07	9.002693e-14
3.94442589e-07	9.143659e-14
3.94836455e-07	9.286732e-14
3.95230713e-07	9.431804e-14
3.95625366e-07	9.579064e-14
3.96020412e-07	9.728497e-14
3.96415854e-07	9.880175e-14
3.96811689e-07	1.003397e-13
3.97207921e-07	1.019003e-13
3.97604547e-07	1.034836e-13
3.98001570e-07	1.050899e-13
3.98398990e-07	1.067191e-13
3.98796806e-07	1.083730e-13
3.99195019e-07	1.100498e-13
3.99593630e-07	1.117522e-13
3.99992639e-07	1.134782e-13
4.00392047e-07	1.152293e-13
4.00791853e-07	1.170064e-13
4.01192059e-07	1.188085e-13
4.01592664e-07	1.206370e-13
4.01993669e-07	1.224915e-13
4.02395074e-07	1.243725e-13
4.02796881e-07	1.262813e-13
4.03199088e-07	1.282173e-13
4.03601698e-07	1.301804e-13
4.04004709e-07	1.321727e-13
4.04408123e-07	1.341930e-13
4.04811939e-07	1.362412e-13
4.05216159e-07	1.383208e-13
4.05620782e-07	1.404297e-13
4.06025810e-07	1.425679e-13
4.06431241e-07	1.447347e-13
4.06837078e-07	1.469366e-13
4.07243320e-07	1.491674e-13
4.07649967e-07	1.514317e-13
4.08057021e-07	1.537268e-13
4.08464481e-07	1.560548e-13
4.08872348e-07	1.584143e-13
4.09280622e-07	1.608102e-13
4.09689304e-07	1.632383e-13
4.10098394e-07	1.657007e-13
4.10507892e-07	1.681932e-13
4.10917800e-07	1.707309e-13
4.11328116e-07	1.732751e-13
4.11738843e-07	1.759033e-13
4.12149979e-07	1.785343e-13
4.12561526e-07	1.812221e-13
4.12973484e-07	1.839405e-13
4.13385854e-07	1.866953e-13
4.13798635e-07	1.894879e-13
4.14211828e-07	1.923187e-13
4.14625434e-07	1.951867e-13
4.15039453e-07	1.981048e-13
4.15453885e-07	2.010558e-13
4.15868731e-07	2.040498e-13
4.16283991e-07	2.070899e-13
4.16699666e-07	2.101669e-13
4.17115756e-07	2.132895e-13
4.17532262e-07	2.164524e-13
4.17949183e-07	2.196623e-13
4.18366521e-07	2.229156e-13
4.18784276e-07	2.262101e-13
4.19202447e-07	2.295579e-13
4.19621036e-07	2.329425e-13
4.20040044e-07	2.363890e-13
4.20459469e-07	2.398745e-13
4.20879314e-07	2.434023e-13
4.21299577e-07	2.469918e-13
4.21720260e-07	2.505990e-13
4.22141364e-07	2.542877e-13
4.22562887e-07	2.580358e-13
4.22984832e-07	2.617764e-13
4.23407198e-07	2.656482e-13
4.23829986e-07	2.695319e-13
4.24253196e-07	2.734808e-13
4.24676828e-07	2.774897e-13
4.25100884e-07	2.815398e-13
4.25525363e-07	2.856426e-13
4.25950266e-07	2.898133e-13
4.26375593e-07	2.940314e-13
4.26801345e-07	2.983156e-13
4.27227522e-07	3.026427e-13
4.27654124e-07	3.070428e-13
4.28081153e-07	3.114980e-13
4.28508608e-07	3.160189e-13
4.28936489e-07	3.205801e-13
4.29364798e-07	3.252154e-13
4.29793535e-07	3.299379e-13
4.30222700e-07	3.347071e-13
4.30652293e-07	3.395352e-13
4.31082315e-07	3.444319e-13
4.31512767e-07	3.494061e-13
4.31943648e-07	3.544353e-13
4.32374960e-07	3.595343e-13
4.32806703e-07	3.646951e-13
4.33238876e-07	3.699185e-13
4.33671481e-07	3.752439e-13
4.34104518e-07	3.806260e-13
4.34537988e-07	3.860637e-13
4.34971890e-07	3.915914e-13
4.35406226e-07	3.972023e-13
4.35840995e-07	4.028530e-13
4.36276198e-07	4.086234e-13
4.36711836e-07	4.144358e-13
4.37147909e-07	4.203465e-13
4.37584417e-07	4.263565e-13
4.38021362e-07	4.324200e-13
4.38458742e-07	4.385533e-13
4.38896560e-07	4.447938e-13
4.39334814e-07	4.510851e-13
4.39773506e-07	4.574818e-13
4.40212636e-07	4.639851e-13
4.40652205e-07	4.705542e-13
4.41092212e-07	4.771989e-13
4.41532659e-07	4.839379e-13
4.41973546e-07	4.907605e-13
4.42414873e-07	4.976969e-13
4.42856641e-07	5.046625e-13
4.43298849e-07	5.117581e-13
4.43741500e-07	5.190146e-13
4.44184592e-07	5.263079e-13
4.44628127e-07	5.337092e-13
4.45072105e-07	5.411945e-13
4.45516526e-07	5.487714e-13
4.45961390e-07	5.557354e-13
4.46406699e-07	5.642747e-13
4.46852453e-07	5.721730e-13
4.47298652e-07	5.801539e-13
4.47745296e-07	5.882843e-13
4.48192386e-07	5.964935e-13
4.48639923e-07	6.046167e-13
4.49087906e-07	6.132016e-13
4.49536337e-07	6.217882e-13
4.49985216e-07	6.304198e-13
4.50434543e-07	6.391771e-13
4.50884319e-07	6.480320e-13
4.51334543e-07	6.570356e-13
4.51785218e-07	6.661147e-13
4.52236342e-07	6.753346e-13
4.52687917e-07	6.847145e-13
4.53139942e-07	6.941735e-13
4.53592419e-07	7.037855e-13
4.54045348e-07	7.134779e-13
4.54498729e-07	7.231858e-13
4.54952563e-07	7.333328e-13
4.55406850e-07	7.434512e-13
4.55861591e-07	7.536509e-13
4.56316785e-07	7.640504e-13
4.56772435e-07	7.745749e-13
4.57228539e-07	7.851747e-13
4.57685098e-07	7.959336e-13
4.58142114e-07	8.068316e-13
4.58599586e-07	8.178883e-13
4.59057514e-07	8.290366e-13
4.59515900e-07	8.404514e-13
4.59974744e-07	8.519315e-13
4.60434046e-07	8.635114e-13
4.60893806e-07	8.752768e-13
4.61354026e-07	8.873037e-13
4.61814705e-07	8.993752e-13
4.62275844e-07	9.116037e-13
4.62737444e-07	9.239748e-13
4.63199504e-07	9.365545e-13
4.63662026e-07	9.492547e-13
4.64125010e-07	9.621028e-13
4.64588456e-07	9.750573e-13
4.65052364e-07	9.882109e-13
4.65516737e-07	1.001487e-12
4.65981572e-07	1.015324e-12
4.66446872e-07	1.028904e-12
4.66912637e-07	1.042511e-12
4.67378866e-07	1.056912e-12
4.67845561e-07	1.070877e-12
4.68312722e-07	1.085595e-12
4.68780350e-07	1.099313e-12
4.69248445e-07	1.115023e-12
4.69717007e-07	1.129673e-12
4.70186036e-07	1.145241e-12
4.70655535e-07	1.160414e-12
4.71125502e-07	1.174685e-12
4.71595938e-07	1.191885e-12
4.72066844e-07	1.207809e-12
4.72538220e-07	1.223794e-12
4.73010067e-07	1.240215e-12
4.73482385e-07	1.256908e-12
4.73955175e-07	1.272839e-12
4.74428437e-07	1.290542e-12
4.74902171e-07	1.307370e-12
4.75376378e-07	1.324701e-12
4.75851059e-07	1.342244e-12
4.76326214e-07	1.360676e-12
4.76801844e-07	1.378938e-12
4.77277948e-07	1.396646e-12
4.77754528e-07	1.415050e-12
4.78231583e-07	1.434158e-12
4.78709115e-07	1.453184e-12
4.79187124e-07	1.472384e-12
4.79665610e-07	1.491633e-12
4.80144574e-07	1.510254e-12
4.80624016e-07	1.531541e-12
4.81103937e-07	1.551390e-12
4.81584337e-07	1.571991e-12
4.82065217e-07	1.592471e-12
4.82546577e-07	1.614199e-12
4.83028417e-07	1.634198e-12
4.83510739e-07	1.652614e-12
4.83993543e-07	1.675591e-12
4.84476828e-07	1.697093e-12
4.84960596e-07	1.720541e-12
4.85444847e-07	1.743942e-12
4.85929582e-07	1.767749e-12
4.86414801e-07	1.790540e-12
4.86900504e-07	1.813971e-12
4.87386692e-07	1.837665e-12
4.87873366e-07	1.855287e-12
4.88360525e-07	1.886597e-12
4.88848171e-07	1.910027e-12
4.89336304e-07	1.934973e-12
4.89824925e-07	1.952932e-12
4.90314033e-07	1.985725e-12
4.90803630e-07	2.010578e-12
4.91293716e-07	2.038100e-12
4.91784291e-07	2.064724e-12
4.92275355e-07	2.091079e-12
4.92766911e-07	2.117487e-12
4.93258957e-07	2.146615e-12
4.93751494e-07	2.173881e-12
4.94244523e-07	2.199320e-12
4.94738045e-07	2.229224e-12
4.95232059e-07	2.258700e-12
4.95726566e-07	2.288239e-12
4.96221568e-07	2.317030e-12
4.96717063e-07	2.346563e-12
4.97213054e-07	2.375235e-12
4.97709539e-07	2.407336e-12
4.98206521e-07	2.438971e-12
4.98703999e-07	2.469373e-12
4.99201973e-07	2.500098e-12
4.99700445e-07	2.532736e-12
5.00199414e-07	2.566840e-12
5.00698882e-07	2.600558e-12
5.01198848e-07	2.631382e-12
5.01699314e-07	2.665595e-12
5.02200279e-07	2.697630e-12
5.02701745e-07	2.734885e-12
5.03203711e-07	2.766170e-12
5.03706178e-07	2.802256e-12
5.04209148e-07	2.840885e-12
5.04712619e-07	2.875019e-12
5.05216594e-07	2.913770e-12
5.05721071e-07	2.946951e-12
5.06226052e-07	2.987683e-12
5.06731538e-07	3.021762e-12
5.07237528e-07	3.061167e-12
5.07744023e-07	3.102405e-12
5.08251025e-07	3.137531e-12
5.08758532e-07	3.174658e-12
5.09266546e-07	3.221219e-12
5.09775068e-07	3.262167e-12
5.10284097e-07	3.300804e-12
5.10793635e-07	3.327078e-12
5.11303681e-07	3.381719e-12
5.11814237e-07	3.424310e-12
5.12325302e-07	3.455479e-12
5.12836878e-07	3.509583e-12
5.13348965e-07	3.551650e-12
5.13861563e-07	3.601168e-12
5.14374672e-07	3.642692e-12
5.14888295e-07	3.696981e-12
5.15402430e-07	3.741844e-12
5.15917078e-07	3.789436e-12
5.16432240e-07	3.834935e-12
5.16947917e-07	3.880666e-12
5.17464109e-07	3.931075e-12
5.17980816e-07	3.981042e-12
5.18498039e-07	4.034956e-12
5.19015778e-07	4.082790e-12
5.19534035e-07	4.137265e-12
5.20052809e-07	4.188428e-12
5.20572101e-07	4.234663e-12
5.21091911e-07	4.291923e-12
5.21612241e-07	4.342974e-12
5.22133090e-07	4.402204e-12
5.22654459e-07	4.453181e-12
5.23176349e-07	4.505274e-12
5.23698760e-07	4.564784e-12
5.24221693e-07	4.602112e-12
5.24745148e-07	4.674638e-12
5.25269125e-07	4.736283e-12
5.25793626e-07	4.796407e-12
5.26318650e-07	4.856424e-12
5.26844199e-07	4.907636e-12
5.27370272e-07	4.971744e-12
5.27896871e-07	5.013229e-12
5.28423996e-07	5.101047e-12
5.28951647e-07	5.160766e-12
5.29479824e-07	5.218795e-12
5.30008530e-07	5.290283e-12
5.30537763e-07	5.353716e-12
5.31067524e-07	5.415608e-12
5.31597815e-07	5.485713e-12
5.32128635e-07	5.553975e-12
5.32659985e-07	5.612350e-12
5.33191866e-07	5.684065e-12
5.33724278e-07	5.755929e-12
5.34257221e-07	5.823417e-12
5.34790697e-07	5.896891e-12
5.35324705e-07	5.970147e-12
5.35859247e-07	6.036359e-12
5.36394322e-07	6.093438e-12
5.36929932e-07	6.192989e-12
5.37466076e-07	6.263743e-12
5.38002756e-07	6.346115e-12
5.38539972e-07	6.413116e-12
5.39077724e-07	6.470215e-12
5.39616013e-07	6.520092e-12
5.40154839e-07	6.617165e-12
5.40694204e-07	6.712390e-12
5.41234107e-07	6.805577e-12
5.41774550e-07	6.864653e-12
5.42315532e-07	6.920724e-12
5.42857054e-07	7.019027e-12
5.43399117e-07	7.065344e-12
5.43941721e-07	7.137224e-12
5.44484867e-07	7.298225e-12
5.45028555e-07	7.386627e-12
5.45572786e-07	7.492345e-12
5.46117561e-07	7.549894e-12
5.46662879e-07	7.604177e-12
5.47208743e-07	7.742230e-12
5.47755151e-07	7.848860e-12
5.48302105e-07	7.920069e-12
5.48849605e-07	8.037987e-12
5.49397651e-07	8.135017e-12
5.49946245e-07	8.242974e-12
5.50495387e-07	8.306567e-12
5.51045077e-07	8.444729e-12
5.51595316e-07	8.485425e-12
5.52146104e-07	8.650223e-12
5.52697443e-07	8.682968e-12
5.53249331e-07	8.830802e-12
5.53801771e-07	8.850468e-12
5.54354763e-07	9.033922e-12
5.54908307e-07	9.171551e-12
5.55462403e-07	9.256103e-12
5.56017053e-07	9.365766e-12
5.56572257e-07	9.415931e-12
5.57128015e-07	9.556837e-12
5.57684328e-07	9.667703e-12
5.58241196e-07	9.835635e-12
5.58798621e-07	9.960469e-12
5.59356602e-07	1.006481e-11
5.59915140e-07	1.018241e-11
5.60474236e-07	1.027815e-11
5.61033890e-07	1.041595e-11
5.61594104e-07	1.051727e-11
5.62154876e-07	1.068613e-11
5.62716209e-07	1.078221e-11
5.63278102e-07	1.092199e-11
5.63840556e-07	1.101943e-11
5.64403571e-07	1.116487e-11
5.64967149e-07	1.131888e-11
5.65531290e-07	1.141940e-11
5.66095994e-07	1.150792e-11
5.66661262e-07	1.169375e-11
5.67227094e-07	1.178746e-11
5.67793491e-07	1.184018e-11
5.68360454e-07	1.161494e-11
5.68927983e-07	1.210074e-11
5.69496079e-07	1.229600e-11
5.70064741e-07	1.242780e-11
5.70633972e-07	1.254572e-11
5.71203771e-07	1.264808e-11
5.71774140e-07	1.273221e-11
5.72345077e-07	1.292928e-11
5.72916585e-07	1.323245e-11
5.73488663e-07	1.338902e-11
5.74061313e-07	1.349518e-11
5.74634535e-07	1.355964e-11
5.75208328e-07	1.370747e-11
5.75782695e-07	1.398100e-11
5.76357636e-07	1.406682e-11
5.76933150e-07	1.430905e-11
5.77509239e-07	1.443014e-11
5.78085904e-07	1.439705e-11
5.78663144e-07	1.469753e-11
5.79240960e-07	1.473963e-11
5.79819354e-07	1.509592e-11
5.80398325e-07	1.500221e-11
5.80977874e-07	1.539705e-11
5.81558002e-07	1.529439e-11
5.82138709e-07	1.586305e-11
5.82719997e-07	1.591984e-11
5.83301864e-07	1.615758e-11
5.83884313e-07	1.609456e-11
5.84467343e-07	1.631917e-11
5.85050955e-07	1.655130e-11
5.85635150e-07	1.684519e-11
5.86219928e-07	1.678704e-11
5.86805291e-07	1.656300e-11
5.87391238e-07	1.731482e-11
5.87977770e-07	1.739543e-11
5.88564887e-07	1.756468e-11
5.89152591e-07	1.647693e-11
5.89740882e-07	1.751560e-11
5.90329760e-07	1.729064e-11
5.90919226e-07	1.821458e-11
5.91509281e-07	1.857972e-11
5.92099925e-07	1.821421e-11
5.92691158e-07	1.881591e-11
5.93282982e-07	1.901871e-11
5.93875397e-07	1.917211e-11
5.94468404e-07	1.933366e-11
5.95062003e-07	1.948101e-11
5.95656194e-07	2.000656e-11
5.96250979e-07	2.010522e-11
5.96846358e-07	1.958831e-11
5.97442331e-07	2.050078e-11
5.98038899e-07	2.062639e-11
5.98636063e-07	2.116610e-11
5.99233823e-07	2.087347e-11
5.99832181e-07	2.151814e-11
6.00431135e-07	2.022788e-11
6.01030688e-07	2.189152e-11
6.01630839e-07	2.196560e-11
6.02231590e-07	2.206427e-11
6.02832941e-07	2.275092e-11
6.03434892e-07	2.310973e-11
6.04037444e-07	2.270749e-11
6.04640598e-07	2.271171e-11
6.05244354e-07	2.333537e-11
6.05848713e-07	2.359017e-11
6.06453675e-07	2.386485e-11
6.07059241e-07	2.450318e-11
6.07665413e-07	2.461144e-11
6.08272189e-07	2.523557e-11
6.08879571e-07	2.571526e-11
6.09487560e-07	2.584508e-11
6.10096156e-07	2.627629e-11
6.10705360e-07	2.590781e-11
6.11315172e-07	2.681466e-11
6.11925592e-07	2.707935e-11
6.12536623e-07	2.704121e-11
6.13148263e-07	2.781193e-11
6.13760515e-07	2.781753e-11
6.14373377e-07	2.745206e-11
6.14986852e-07	2.846833e-11
6.15600939e-07	2.892074e-11
6.16215639e-07	2.899246e-11
6.16830953e-07	2.862965e-11
6.17446882e-07	2.967562e-11
6.18063426e-07	3.000526e-11
6.18680585e-07	3.051263e-11
6.19298360e-07	3.040450e-11
6.19916753e-07	3.052497e-11
6.20535763e-07	3.128662e-11
6.21155390e-07	3.127733e-11
6.21775637e-07	3.236814e-11
6.22396503e-07	3.241567e-11
6.23017989e-07	3.298350e-11
6.23640096e-07	3.275066e-11
6.24262823e-07	3.333552e-11
6.24886173e-07	3.368547e-11
6.25510145e-07	3.423659e-11
6.26134740e-07	3.364473e-11
6.26759959e-07	3.400736e-11
6.27385802e-07	3.470775e-11
6.28012270e-07	3.461779e-11
6.28639363e-07	3.517504e-11
6.29267083e-07	3.668425e-11
6.29895429e-07	3.645267e-11
6.30524403e-07	3.633288e-11
6.31154005e-07	3.685425e-11
6.31784236e-07	3.717558e-11
6.32415096e-07	3.683724e-11
6.33046586e-07	3.665009e-11
6.33678706e-07	3.917672e-11
6.34311458e-07	3.946076e-11
6.34944842e-07	3.956084e-11
6.35578858e-07	4.031439e-11
6.36213507e-07	4.091759e-11
6.36848789e-07	4.111117e-11
6.37484706e-07	4.027379e-11
6.38121259e-07	4.113089e-11
6.38758446e-07	4.124951e-11
6.39396270e-07	4.264108e-11
6.40034731e-07	4.296626e-11
6.40673830e-07	4.302913e-11
6.41313566e-07	4.316880e-11
6.41953941e-07	4.385444e-11
6.42594956e-07	4.458788e-11
6.43236611e-07	4.366846e-11
6.43878907e-07	4.433745e-11
6.44521844e-07	4.274181e-11
6.45165423e-07	4.515330e-11
6.45809644e-07	4.577362e-11
6.46454509e-07	4.547626e-11
6.47100018e-07	4.392748e-11
6.47746171e-07	4.397089e-11
6.48392970e-07	4.614082e-11
6.49040414e-07	4.839581e-11
6.49688505e-07	4.775506e-11
6.50337243e-07	4.937003e-11
6.50986629e-07	4.924610e-11
6.51636663e-07	4.599308e-11
6.52287347e-07	4.782040e-11
6.52938680e-07	4.823665e-11
6.53590663e-07	5.013172e-11
6.54243298e-07	5.074012e-11
6.54896584e-07	5.202171e-11
6.55550522e-07	5.163024e-11
6.56205114e-07	4.997418e-11
6.56860359e-07	5.102771e-11
6.57516258e-07	4.961511e-11
6.58172813e-07	5.372173e-11
6.58830023e-07	4.096760e-11
6.59487889e-07	5.055635e-11
6.60146412e-07	5.423498e-11
6.60805592e-07	5.741152e-11
6.61465431e-07	5.577053e-11
6.62125929e-07	5.772188e-11
6.62787086e-07	4.184268e-11
6.63448904e-07	4.988724e-11
6.64111382e-07	5.902681e-11
6.64774522e-07	5.485702e-11
6.65438324e-07	5.913497e-11
6.66102789e-07	6.029320e-11
6.66767917e-07	5.851388e-11
6.67433710e-07	5.847571e-11
6.68100167e-07	6.099318e-11
6.68767290e-07	6.252385e-11
6.69435079e-07	6.347628e-11
6.70103534e-07	6.442607e-11
6.70772657e-07	6.227261e-11
6.71442449e-07	6.628969e-11
6.72112909e-07	6.443595e-11
6.72784039e-07	6.738338e-11
6.73455838e-07	6.798292e-11
6.74128309e-07	6.332194e-11
6.74801451e-07	6.336299e-11
6.75475265e-07	6.749534e-11
6.76149752e-07	7.076367e-11
6.76824913e-07	6.631992e-11
6.77500748e-07	7.032418e-11
6.78177257e-07	7.140168e-11
6.78854443e-07	7.120929e-11
6.79532304e-07	7.155186e-11
6.80210842e-07	7.334872e-11
6.80890058e-07	7.417380e-11
6.81569952e-07	7.239784e-11
6.82250525e-07	7.337373e-11
6.82931777e-07	7.736277e-11
6.83613710e-07	7.663951e-11
6.84296323e-07	7.758876e-11
6.84979619e-07	7.901304e-11
6.85663596e-07	7.767454e-11
6.86348257e-07	7.975999e-11
6.87033601e-07	8.048025e-11
6.87719629e-07	6.090543e-11
6.88406343e-07	7.631325e-11
6.89093742e-07	8.030740e-11
6.89781828e-07	7.976772e-11
6.90470600e-07	7.783396e-11
6.91160061e-07	7.397726e-11
6.91850210e-07	7.144721e-11
6.92541048e-07	6.035906e-11
6.93232576e-07	7.191428e-11
6.93924794e-07	7.671627e-11
6.94617704e-07	7.560649e-11
6.95311305e-07	7.780670e-11
6.96005599e-07	7.906029e-11
6.96700587e-07	7.952941e-11
6.97396268e-07	8.122227e-11
6.98092644e-07	8.299894e-11
6.98789716e-07	8.560300e-11
6.99487483e-07	8.708353e-11
7.00185947e-07	8.186267e-11
7.00885109e-07	8.317147e-11
7.01584968e-07	8.833587e-11
7.02285527e-07	8.605352e-11
7.02986785e-07	7.991290e-11
7.03688744e-07	8.642373e-11
7.04391403e-07	8.434388e-11
7.05094764e-07	8.300594e-11
7.05798827e-07	9.323065e-11
7.06503593e-07	9.170839e-11
7.07209063e-07	8.027293e-11
7.07915238e-07	9.129563e-11
7.08622117e-07	9.036461e-11
7.09329703e-07	8.057305e-11
7.10037995e-07	9.006396e-11
7.10746994e-07	8.463321e-11
7.11456701e-07	9.436113e-11
7.12167117e-07	8.074179e-11
7.12878242e-07	8.991192e-11
7.13590078e-07	8.955501e-11
7.14302624e-07	8.090128e-11
7.15015881e-07	8.894315e-11
7.15729851e-07	8.305739e-11
7.16444534e-07	7.907175e-11
7.17159931e-07	8.464813e-11
7.17876041e-07	8.198669e-11
7.18592867e-07	8.430588e-11
7.19310409e-07	8.358465e-11
7.20028667e-07	8.489607e-11
7.20747642e-07	8.156080e-11
7.21467335e-07	7.834222e-11
7.22187747e-07	8.726356e-11
7.22908878e-07	8.843662e-11
7.23630730e-07	7.705074e-11
7.24353302e-07	8.434537e-11
7.25076595e-07	8.824117e-11
7.25800611e-07	8.562230e-11
7.26525350e-07	8.718866e-11
7.27250813e-07	8.896813e-11
7.27976999e-07	9.426150e-11
7.28703911e-07	9.329589e-11
7.29431549e-07	8.732640e-11
7.30159914e-07	8.316388e-11
7.30889005e-07	8.726750e-11
7.31618825e-07	9.811920e-11
7.32349374e-07	8.799379e-11
7.33080652e-07	9.675339e-11
7.33812660e-07	9.863574e-11
7.34545399e-07	9.892218e-11
7.35278870e-07	9.811941e-11
7.36013073e-07	9.676720e-11
7.36748009e-07	8.284333e-11
7.37483680e-07	9.862010e-11
7.38220084e-07	9.743892e-11
7.38957224e-07	1.023312e-10
7.39695101e-07	1.113992e-10
7.40433714e-07	9.823668e-11
7.41173064e-07	1.015337e-10
7.41913153e-07	9.097107e-11
7.42653981e-07	1.051890e-10
7.43395548e-07	1.107972e-10
7.44137856e-07	7.396422e-11
7.44880905e-07	1.112219e-10
7.45624697e-07	8.742749e-11
7.46369230e-07	1.049470e-10
7.47114508e-07	1.011984e-10
7.47860529e-07	1.142029e-10
7.48607296e-07	1.076413e-10
7.49354808e-07	1.169156e-10
7.50103066e-07	1.157890e-10
7.50852072e-07	1.048975e-10
7.51601826e-07	1.094478e-10
7.52352328e-07	1.117714e-10
7.53103580e-07	1.095008e-10
7.53855582e-07	1.163655e-10
7.54608334e-07	1.205852e-10
7.55361839e-07	1.197296e-10
7.56116095e-07	1.199951e-10
7.56871105e-07	1.186676e-10
7.57626869e-07	1.230736e-10
7.58383388e-07	1.248288e-10
7.59140662e-07	1.178517e-10
7.59898692e-07	1.251265e-10
7.60657479e-07	1.234077e-10
7.61417023e-07	1.303389e-10
7.62177326e-07	1.344425e-10
7.62938389e-07	1.382835e-10
7.63700211e-07	1.397567e-10
7.64462794e-07	1.386109e-10
7.65226138e-07	1.300667e-10
7.65990245e-07	1.397293e-10
7.66755115e-07	1.406056e-10
7.67520748e-07	1.382913e-10
7.68287146e-07	1.454968e-10
7.69054309e-07	1.396610e-10
7.69822238e-07	1.368022e-10
7.70590934e-07	1.326134e-10
7.71360398e-07	1.427317e-10
7.72130630e-07	1.364873e-10
7.72901631e-07	1.538533e-10
7.73673402e-07	1.465701e-10
7.74445944e-07	1.518593e-10
7.75219257e-07	1.508073e-10
7.75993342e-07	1.551152e-10
7.76768200e-07	1.532535e-10
7.77543832e-07	1.497584e-10
7.78320238e-07	1.562936e-10
7.79097420e-07	1.455651e-10
7.79875377e-07	1.573585e-10
7.80654112e-07	1.623962e-10
7.81433624e-07	1.608949e-10
7.82213914e-07	1.631872e-10
7.82994984e-07	1.647063e-10
7.83776833e-07	1.535709e-10
7.84559463e-07	1.597689e-10
7.85342875e-07	1.644718e-10
7.86127069e-07	1.681031e-10
7.86912046e-07	1.562118e-10
7.87697807e-07	1.693822e-10
7.88484352e-07	1.660168e-10
7.89271683e-07	1.659854e-10
7.90059800e-07	1.679829e-10
7.90848704e-07	1.749036e-10
7.91638396e-07	1.761804e-10
7.92428876e-07	1.784619e-10
7.93220146e-07	1.791463e-10
7.94012205e-07	1.808190e-10
7.94805056e-07	1.794581e-10
7.95598698e-07	1.821930e-10
7.96393133e-07	1.769721e-10
7.97188361e-07	1.882400e-10
7.97984383e-07	1.825498e-10
7.98781200e-07	1.845040e-10
7.99578813e-07	1.860090e-10
8.00377222e-07	1.806352e-10
8.01176428e-07	1.890066e-10
8.01976433e-07	1.891233e-10
8.02777236e-07	1.907504e-10
8.03578839e-07	1.706844e-10
8.04381242e-07	1.812363e-10
8.05184446e-07	1.905352e-10
8.05988453e-07	1.786533e-10
8.06793262e-07	1.585538e-10
8.07598875e-07	1.518903e-10
8.08405293e-07	1.724335e-10
8.09212515e-07	1.616692e-10
8.10020544e-07	1.664950e-10
8.10829379e-07	1.645485e-10
8.11639023e-07	1.576987e-10
8.12449474e-07	1.557231e-10
8.13260735e-07	1.561582e-10
8.14072806e-07	1.790390e-10
8.14885688e-07	1.542804e-10
8.15699382e-07	1.554211e-10
8.16513888e-07	1.844516e-10
8.17329207e-07	1.867040e-10
8.18145341e-07	1.848017e-10
8.18962289e-07	1.817774e-10
8.19780053e-07	1.789966e-10
8.20598634e-07	1.791484e-10
8.21418032e-07	1.928458e-10
8.22238248e-07	1.983749e-10
8.23059284e-07	1.170887e-10
8.23881139e-07	1.845577e-10
8.24703815e-07	1.760753e-10
8.25527312e-07	1.950224e-10
8.26351632e-07	1.892365e-10
8.27176774e-07	1.976896e-10
8.28002741e-07	2.191857e-10
8.28829533e-07	1.814865e-10
8.29657150e-07	1.723186e-10
8.30485593e-07	2.111433e-10
8.31314864e-07	1.953118e-10
8.32144962e-07	2.230019e-10
8.32975890e-07	2.268342e-10
8.33807647e-07	2.086086e-10
8.34640235e-07	1.812340e-10
8.35473654e-07	1.657275e-10
8.36307906e-07	2.000290e-10
8.37142990e-07	2.046555e-10
8.37978908e-07	2.110120e-10
8.38815661e-07	1.878604e-10
8.39653250e-07	2.119292e-10
8.40491675e-07	1.987689e-10
8.41330937e-07	2.105654e-10
8.42171037e-07	2.106060e-10
8.43011976e-07	2.096945e-10
8.43853755e-07	2.179711e-10
8.44696374e-07	2.305562e-10
8.45539834e-07	2.171323e-10
8.46384137e-07	1.866765e-10
8.47229283e-07	2.240873e-10
8.48075273e-07	2.264732e-10
8.48922108e-07	2.352958e-10
8.49769788e-07	2.386319e-10
8.50618314e-07	2.322104e-10
8.51467688e-07	2.381192e-10
8.52317910e-07	2.393760e-10
8.53168981e-07	2.464043e-10
8.54020902e-07	2.471446e-10
8.54873674e-07	2.346708e-10
8.55727297e-07	2.191924e-10
8.56581772e-07	2.264570e-10
8.57437101e-07	2.407929e-10
8.58293284e-07	2.424835e-10
8.59150321e-07	2.560564e-10
8.60008215e-07	2.380860e-10
8.60866965e-07	2.602345e-10
8.61726572e-07	2.626682e-10
8.62587038e-07	2.570635e-10
8.63448363e-07	2.639467e-10
8.64310548e-07	2.694568e-10
8.65173595e-07	2.674766e-10
8.66037502e-07	2.670686e-10
8.66902273e-07	2.861455e-10
8.67767907e-07	2.667738e-10
8.68634405e-07	2.986339e-10
8.69501769e-07	2.724353e-10
8.70369999e-07	2.719346e-10
8.71239096e-07	2.450663e-10
8.72109060e-07	3.004605e-10
8.72979893e-07	2.989211e-10
8.73851596e-07	3.096791e-10
8.74724169e-07	3.029620e-10
8.75597614e-07	2.931849e-10
8.76471930e-07	3.064412e-10
8.77347120e-07	3.272973e-10
8.78223184e-07	2.934872e-10
8.79100122e-07	3.179699e-10
8.79977936e-07	3.215469e-10
8.80856627e-07	3.056230e-10
8.81736195e-07	3.077507e-10
8.82616641e-07	3.068509e-10
8.83497966e-07	2.916205e-10
8.84380172e-07	3.054046e-10
8.85263258e-07	3.234665e-10
8.86147226e-07	3.006809e-10
8.87032077e-07	2.890619e-10
8.87917812e-07	3.050534e-10
8.88804430e-07	2.971284e-10
8.89691935e-07	3.038119e-10
8.90580325e-07	3.137805e-10
8.91469602e-07	2.776781e-10
8.92359768e-07	2.796604e-10
8.93250822e-07	2.804304e-10
8.94142766e-07	3.073646e-10
8.95035601e-07	2.946496e-10
8.95929327e-07	2.881513e-10
8.96823946e-07	2.877783e-10
8.97719458e-07	2.365470e-10
8.98615864e-07	3.087446e-10
8.99513165e-07	3.149047e-10
9.00411362e-07	3.293773e-10
9.01310456e-07	3.262190e-10
9.02210448e-07	3.382920e-10
9.03111339e-07	3.116497e-10
9.04013129e-07	3.149716e-10
9.04915820e-07	3.256076e-10
9.05819412e-07	3.195532e-10
9.06723906e-07	3.525458e-10
9.07629303e-07	3.075476e-10
9.08535605e-07	3.653387e-10
9.09442811e-07	3.202761e-10
9.10350924e-07	3.510041e-10
9.11259943e-07	3.595709e-10
9.12169869e-07	3.358617e-10
9.13080705e-07	2.889480e-10
9.13992450e-07	3.527387e-10
9.14905105e-07	3.620014e-10
9.15818672e-07	2.162299e-10
9.16733151e-07	3.007292e-10
9.17648543e-07	2.838525e-10
9.18564849e-07	3.318665e-10
9.19482070e-07	3.077531e-10
9.20400207e-07	3.139355e-10
9.21319260e-07	3.168320e-10
9.22239232e-07	3.224648e-10
9.23160122e-07	2.806624e-10
9.24081931e-07	2.956356e-10
9.25004661e-07	3.610601e-10
9.25928313e-07	2.107213e-10
9.26852887e-07	3.211285e-10
9.27778384e-07	3.128782e-10
9.28704805e-07	2.021189e-10
9.29632151e-07	2.937895e-10
9.30560423e-07	3.320386e-10
9.31489622e-07	3.404708e-10
9.32419749e-07	2.267120e-10
9.33350805e-07	2.335428e-10
9.34282790e-07	3.093960e-10
9.35215706e-07	3.289764e-10
9.36149554e-07	3.337324e-10
9.37084334e-07	3.450054e-10
9.38020047e-07	1.661802e-10
9.38956695e-07	2.687343e-10
9.39894278e-07	3.277229e-10
9.40832797e-07	3.546633e-10
9.41772253e-07	2.165092e-10
9.42712648e-07	3.192060e-10
9.43653981e-07	2.690112e-10
9.44596255e-07	3.042126e-10
9.45539469e-07	3.461237e-10
9.46483625e-07	3.573424e-10
9.47428724e-07	3.025104e-10
9.48374767e-07	3.509068e-10
9.49321755e-07	3.428982e-10
9.50269687e-07	3.490848e-10
9.51218567e-07	3.673236e-10
9.52168394e-07	3.414936e-10
9.53119169e-07	3.315634e-10
9.54070894e-07	3.745553e-10
9.55023569e-07	3.722672e-10
9.55977196e-07	3.409062e-10
9.56931774e-07	2.785250e-10
9.57887306e-07	3.701271e-10
9.58843792e-07	3.771621e-10
9.59801233e-07	3.435058e-10
9.60759630e-07	2.922510e-10
9.61718984e-07	3.774508e-10
9.62679296e-07	2.823328e-10
9.63640567e-07	2.521934e-10
9.64602798e-07	3.888263e-10
9.65565990e-07	3.797930e-10
9.66530143e-07	3.943367e-10
9.67495259e-07	3.780399e-10
9.68461339e-07	3.197099e-10
9.69428384e-07	3.607539e-10
9.70396394e-07	4.161420e-10
9.71365371e-07	4.056391e-10
9.72335315e-07	4.021838e-10
9.73306228e-07	3.732206e-10
9.74278110e-07	2.754189e-10
9.75250963e-07	3.298258e-10
9.76224787e-07	4.195038e-10
9.77199584e-07	4.064330e-10
9.78175354e-07	3.955691e-10
9.79152098e-07	3.941214e-10
9.80129818e-07	4.301142e-10
9.81108514e-07	4.138458e-10
9.82088187e-07	4.074742e-10
9.83068838e-07	4.160400e-10
9.84050469e-07	4.108664e-10
9.85033080e-07	3.861705e-10
9.86016672e-07	3.993276e-10
9.87001246e-07	4.326517e-10
9.87986804e-07	4.052860e-10
9.88973345e-07	4.260091e-10
9.89960871e-07	4.209722e-10
9.90949384e-07	4.318745e-10
9.91938884e-07	4.285659e-10
9.92929371e-07	4.438593e-10
9.93920848e-07	4.593680e-10
9.94913315e-07	4.566815e-10
9.95906773e-07	4.392659e-10
9.96901223e-07	4.428108e-10
9.97896665e-07	4.694915e-10
9.98893102e-07	4.725589e-10
9.99890534e-07	4.753873e-10
1.00088896e-06	4.226730e-10
1.00188839e-06	4.302957e-10
1.00288881e-06	4.658364e-10
1.00389023e-06	4.854597e-10
1.00489265e-06	4.738528e-10
1.00589607e-06	4.655573e-10
1.00690050e-06	4.918529e-10
1.00790593e-06	4.842624e-10
1.00891236e-06	4.975294e-10
1.00991979e-06	5.067517e-10
1.01092824e-06	4.689095e-10
1.01193769e-06	5.007477e-10
1.01294814e-06	4.993296e-10
1.01395961e-06	5.076606e-10
1.01497209e-06	5.150681e-10
1.01598557e-06	5.106580e-10
1.01700007e-06	5.149344e-10
1.01801558e-06	5.166171e-10
1.01903211e-06	5.290476e-10
1.02004965e-06	4.862911e-10
1.02106821e-06	5.341005e-10
1.02208778e-06	5.384479e-10
1.02310838e-06	5.180574e-10
1.02412999e-06	5.311165e-10
1.02515262e-06	5.409771e-10
1.02617627e-06	5.299772e-10
1.02720095e-06	5.496558e-10
1.02822665e-06	5.435652e-10
1.02925337e-06	5.477611e-10
1.03028112e-06	5.455450e-10
1.03130989e-06	5.574847e-10
1.03233969e-06	5.551103e-10
1.03337052e-06	5.614913e-10
1.03440238e-06	5.747322e-10
1.03543527e-06	5.733348e-10
1.03646919e-06	5.769576e-10
1.03750414e-06	5.660182e-10
1.03854013e-06	5.770547e-10
1.03957715e-06	5.819047e-10
1.04061521e-06	5.870790e-10
1.04165430e-06	5.799040e-10
1.04269443e-06	5.790164e-10
1.04373560e-06	5.857359e-10
1.04477781e-06	5.877486e-10
1.04582106e-06	5.955001e-10
1.04686535e-06	5.722529e-10
1.04791068e-06	5.870118e-10
1.04895706e-06	5.967778e-10
1.05000448e-06	5.933783e-10
1.05105295e-06	5.966928e-10
1.05210246e-06	6.104638e-10
1.05315303e-06	6.213969e-10
1.05420464e-06	6.239888e-10
1.05525730e-06	6.264580e-10
1.05631102e-06	6.218041e-10
1.05736578e-06	6.300328e-10
1.05842160e-06	6.339978e-10
1.05947847e-06	6.165439e-10
1.06053640e-06	6.250789e-10
1.06159539e-06	6.395098e-10
1.06265543e-06	6.396727e-10
1.06371653e-06	6.409069e-10
1.06477869e-06	6.464154e-10
1.06584191e-06	6.411686e-10
1.06690619e-06	6.371670e-10
1.06797154e-06	6.524014e-10
1.06903795e-06	6.319488e-10
1.07010542e-06	6.570069e-10
1.07117396e-06	6.402332e-10
1.07224357e-06	6.643920e-10
1.07331424e-06	6.685934e-10
1.07438599e-06	6.784270e-10
1.07545880e-06	6.747271e-10
1.07653269e-06	6.550001e-10
1.07760765e-06	6.596838e-10
1.07868368e-06	6.037415e-10
1.07976078e-06	6.689681e-10
1.08083896e-06	6.812524e-10
1.08191822e-06	6.785814e-10
1.08299856e-06	6.930784e-10
1.08407997e-06	6.871978e-10
1.08516247e-06	6.823103e-10
1.08624604e-06	6.708207e-10
1.08733070e-06	6.686507e-10
1.08841644e-06	6.840886e-10
1.08950326e-06	6.684656e-10
1.09059117e-06	6.913526e-10
1.09168017e-06	5.671121e-10
1.09277025e-06	5.656834e-10
1.09386142e-06	5.767000e-10
1.09495368e-06	5.868554e-10
1.09604703e-06	4.830100e-10
1.09714148e-06	6.155806e-10
1.09823701e-06	6.824458e-10
1.09933364e-06	6.949066e-10
1.10043137e-06	5.920750e-10
1.10153019e-06	6.127006e-10
1.10263011e-06	6.336480e-10
1.10373113e-06	7.149150e-10
1.10483324e-06	6.833563e-10
1.10593646e-06	5.842536e-10
1.10704078e-06	6.984586e-10
1.10814620e-06	6.925221e-10
1.10925273e-06	6.949184e-10
1.11036036e-06	3.932130e-10
1.11146909e-06	6.722889e-10
1.11257893e-06	7.068747e-10
1.11368989e-06	7.099660e-10
1.11480195e-06	4.649952e-10
1.11591512e-06	6.946330e-10
1.11702940e-06	5.586748e-10
1.11814480e-06	7.084143e-10
1.11926130e-06	4.773979e-10
1.12037893e-06	3.450921e-10
1.12149767e-06	7.339697e-10
1.12261752e-06	7.373816e-10
1.12373850e-06	7.132255e-10
1.12486059e-06	7.090543e-10
1.12598381e-06	7.141649e-10
1.12710815e-06	7.198972e-10
1.12823361e-06	4.767338e-10
1.12936019e-06	4.411674e-10
1.13048790e-06	7.126318e-10
1.13161673e-06	6.252182e-10
1.13274669e-06	7.621364e-10
1.13387778e-06	7.563742e-10
1.13501000e-06	7.001145e-10
1.13614335e-06	7.239339e-10
1.13727783e-06	7.359254e-10
1.13841345e-06	7.832861e-10
1.13955019e-06	7.884113e-10
1.14068808e-06	7.698499e-10
1.14182710e-06	6.630647e-10
1.14296725e-06	7.355950e-10
1.14410855e-06	4.960322e-10
1.14525098e-06	7.331821e-10
1.14639456e-06	6.085724e-10
1.14753928e-06	7.059969e-10
1.14868514e-06	6.118565e-10
1.14983214e-06	5.226707e-10
1.15098029e-06	6.565420e-10
1.15212959e-06	7.977316e-10
1.15328003e-06	5.360691e-10
1.15443162e-06	6.215033e-10
1.15558437e-06	6.717849e-10
1.15673826e-06	8.005449e-10
1.15789331e-06	7.011192e-10
1.15904951e-06	7.719194e-10
1.16020686e-06	7.497649e-10
1.16136537e-06	7.579323e-10
1.16252504e-06	4.075695e-10
1.16368586e-06	4.064355e-10
1.16484784e-06	6.950130e-10
1.16601099e-06	7.850549e-10
1.16717529e-06	7.242247e-10
1.16834076e-06	4.512824e-10
1.16950739e-06	4.850711e-10
1.17067519e-06	6.909041e-10
1.17184415e-06	8.392522e-10
1.17301428e-06	8.204447e-10
1.17418558e-06	7.656895e-10
1.17535805e-06	8.404214e-10
1.17653168e-06	7.139801e-10
1.17770650e-06	7.208677e-10
1.17888248e-06	6.606394e-10
1.18005964e-06	6.458598e-10
1.18123797e-06	7.766955e-10
1.18241748e-06	4.313724e-10
1.18359817e-06	7.258686e-10
1.18478003e-06	7.544774e-10
1.18596308e-06	5.392453e-10
1.18714731e-06	9.000634e-10
1.18833272e-06	8.531668e-10
1.18951931e-06	6.803818e-10
1.19070709e-06	7.171246e-10
1.19189606e-06	8.243912e-10
1.19308621e-06	9.143454e-10
1.19427755e-06	8.534000e-10
1.19547008e-06	9.206438e-10
1.19666380e-06	9.091891e-10
1.19785872e-06	9.032559e-10
1.19905482e-06	7.522077e-10
1.20025212e-06	9.433597e-10
1.20145062e-06	9.149929e-10
1.20265031e-06	8.955132e-10
1.20385120e-06	9.802787e-10
1.20505329e-06	8.918110e-10
1.20625658e-06	8.672035e-10
1.20746108e-06	9.519552e-10
1.20866677e-06	9.590192e-10
1.20987367e-06	7.219191e-10
1.21108177e-06	9.513885e-10
1.21229108e-06	8.830381e-10
1.21350160e-06	9.542967e-10
1.21471333e-06	9.894599e-10
1.21592626e-06	8.704716e-10
1.21714041e-06	9.723586e-10
1.21835577e-06	9.770986e-10
1.21957234e-06	1.027279e-09
1.22079013e-06	9.073281e-10
1.22200914e-06	1.017821e-09
1.22322936e-06	9.593656e-10
1.22445080e-06	1.014116e-09
1.22567346e-06	9.811577e-10
1.22689734e-06	9.928546e-10
1.22812244e-06	1.015267e-09
1.22934876e-06	9.766252e-10
1.23057631e-06	9.588816e-10
1.23180509e-06	9.352740e-10
1.23303509e-06	1.029914e-09
1.23426633e-06	9.999659e-10
1.23549879e-06	1.000911e-09
1.23673248e-06	9.526145e-10
1.23796740e-06	1.042761e-09
1.23920356e-06	1.060020e-09
1.24044095e-06	1.031265e-09
1.24167957e-06	1.083032e-09
1.24291944e-06	1.010703e-09
1.24416054e-06	1.053813e-09
1.24540288e-06	1.106844e-09
1.24664646e-06	1.106129e-09
1.24789128e-06	1.105169e-09
1.24913735e-06	1.109430e-09
1.25038466e-06	1.129983e-09
1.25163321e-06	1.114895e-09
1.25288301e-06	1.137855e-09
1.25413407e-06	1.125763e-09
1.25538636e-06	1.020424e-09
1.25663991e-06	1.135859e-09
1.25789472e-06	1.108209e-09
1.25915077e-06	1.154538e-09
1.26040808e-06	1.063106e-09
1.26166664e-06	1.143987e-09
1.26292646e-06	1.173429e-09
1.26418754e-06	1.169162e-09
1.26544988e-06	1.160488e-09
1.26671348e-06	1.180608e-09
1.26797834e-06	1.197791e-09
1.26924446e-06	1.161907e-09
1.27051185e-06	9.178847e-10
1.27178050e-06	1.194845e-09
1.27305042e-06	1.156727e-09
1.27432161e-06	1.213350e-09
1.27559407e-06	1.186451e-09
1.27686780e-06	1.174919e-09
1.27814280e-06	1.213103e-09
1.27941907e-06	1.153534e-09
1.28069662e-06	1.177983e-09
1.28197544e-06	1.157540e-09
1.28325554e-06	9.764358e-10
1.28453692e-06	1.175850e-09
1.28581958e-06	1.222709e-09
1.28710351e-06	1.236655e-09
1.28838874e-06	1.226679e-09
1.28967524e-06	1.130133e-09
1.29096303e-06	1.229035e-09
1.29225210e-06	1.214142e-09
1.29354246e-06	1.266744e-09
1.29483411e-06	1.140165e-09
1.29612705e-06	1.221859e-09
1.29742128e-06	1.210767e-09
1.29871681e-06	1.264584e-09
1.30001362e-06	1.285593e-09
1.30131174e-06	1.218200e-09
1.30261114e-06	1.230830e-09
1.30391185e-06	1.220884e-09
1.30521385e-06	1.262256e-09
1.30651716e-06	1.235129e-09
1.30782176e-06	1.238429e-09
1.30912767e-06	8.550439e-10
1.31043489e-06	1.102113e-09
1.31174340e-06	9.875129e-10
1.31305323e-06	1.274616e-09
1.31436436e-06	1.255641e-09
1.31567680e-06	1.284504e-09
1.31699055e-06	1.068695e-09
1.31830562e-06	1.238808e-09
1.31962199e-06	1.197246e-09
1.32093969e-06	1.173260e-09
1.32225869e-06	1.256181e-09
1.32357902e-06	1.260905e-09
1.32490066e-06	1.244387e-09
1.32622362e-06	1.084891e-09
1.32754791e-06	1.348990e-09
1.32887351e-06	1.084047e-09
1.33020044e-06	9.709914e-10
1.33152870e-06	1.256822e-09
1.33285828e-06	9.018282e-10
1.33418918e-06	1.116425e-09
1.33552142e-06	1.114344e-09
1.33685499e-06	9.009958e-10
1.33818989e-06	8.447398e-10
1.33952612e-06	1.124281e-09
1.34086369e-06	1.121574e-09
1.34220259e-06	1.287776e-09
1.34354283e-06	6.989050e-10
1.34488441e-06	5.849113e-10
1.34622732e-06	1.202239e-09
1.34757158e-06	8.570152e-10
1.34891718e-06	1.005115e-09
1.35026412e-06	7.225963e-10
1.35161241e-06	6.447728e-10
1.35296205e-06	8.673540e-10
1.35431303e-06	7.568460e-10
1.35566536e-06	6.565288e-10
1.35701905e-06	9.214692e-10
1.35837408e-06	6.288699e-10
1.35973047e-06	8.643808e-10
1.36108821e-06	6.082483e-10
1.36244730e-06	7.544320e-10
1.36380776e-06	9.843762e-10
1.36516957e-06	9.865940e-10
1.36653274e-06	8.541145e-10
1.36789728e-06	7.989268e-10
1.36926317e-06	7.395034e-10
1.37063043e-06	7.569671e-10
1.37199906e-06	9.718143e-10
1.37336905e-06	1.026947e-09
1.37474041e-06	9.283279e-10
1.37611314e-06	7.722537e-10
1.37748724e-06	1.200105e-09
1.37886271e-06	8.493002e-10
1.38023956e-06	8.332975e-10
1.38161778e-06	1.085570e-09
1.38299737e-06	8.905563e-10
1.38437835e-06	7.732996e-10
1.38576070e-06	7.406005e-10
1.38714443e-06	9.357281e-10
1.38852955e-06	1.069689e-09
1.38991605e-06	6.654536e-10
1.39130393e-06	1.033509e-09
1.39269320e-06	6.979932e-10
1.39408385e-06	1.144344e-09
1.39547590e-06	9.130787e-10
1.39686933e-06	8.374657e-10
1.39826416e-06	9.809346e-10
1.39966038e-06	6.885930e-10
1.40105799e-06	7.019161e-10
1.40245700e-06	1.056608e-09
1.40385740e-06	1.064664e-09
1.40525921e-06	7.321305e-10
1.40666241e-06	6.992182e-10
1.40806702e-06	1.042754e-09
1.40947302e-06	9.835083e-10
1.41088043e-06	7.855386e-10
1.41228925e-06	1.007144e-09
1.41369947e-06	8.399037e-10
1.41511110e-06	1.040145e-09
1.41652415e-06	1.185202e-09
1.41793860e-06	8.843255e-10
1.41935446e-06	8.406298e-10
1.42077174e-06	7.025650e-10
1.42219043e-06	8.193373e-10
1.42361054e-06	7.426865e-10
1.42503207e-06	8.732811e-10
1.42645502e-06	1.061219e-09
1.42787939e-06	8.797362e-10
1.42930518e-06	7.823260e-10
1.43073239e-06	1.017863e-09
1.43216103e-06	8.004485e-10
1.43359110e-06	1.002660e-09
1.43502259e-06	1.001686e-09
1.43645551e-06	8.962873e-10
1.43788987e-06	9.395937e-10
1.43932565e-06	1.033174e-09
1.44076287e-06	9.606070e-10
1.44220153e-06	9.966511e-10
1.44364162e-06	1.172358e-09
1.44508315e-06	8.861216e-10
1.44652612e-06	1.066118e-09
1.44797053e-06	9.188929e-10
1.44941638e-06	1.092226e-09
1.45086368e-06	8.198778e-10
1.45231242e-06	1.077329e-09
1.45376261e-06	8.974292e-10
1.45521424e-06	1.087835e-09
1.45666733e-06	7.578602e-10
1.45812186e-06	8.169055e-10
1.45957785e-06	8.271798e-10
1.46103529e-06	1.120529e-09
1.46249419e-06	9.153149e-10
1.46395455e-06	8.629440e-10
1.46541636e-06	1.249527e-09
1.46687963e-06	9.071586e-10
1.46834437e-06	1.020990e-09
1.46981056e-06	1.108585e-09
1.47127822e-06	1.095367e-09
1.47274735e-06	1.255867e-09
1.47421794e-06	8.621247e-10
1.47569000e-06	8.539770e-10
1.47716353e-06	1.033899e-09
1.47863854e-06	8.408010e-10
1.48011501e-06	9.662950e-10
1.48159296e-06	1.107468e-09
1.48307239e-06	1.341931e-09
1.48455329e-06	9.164275e-10
1.48603567e-06	9.816565e-10
1.48751953e-06	1.261476e-09
1.48900488e-06	1.250652e-09
1.49049170e-06	9.916709e-10
1.49198001e-06	1.191222e-09
1.49346981e-06	8.944829e-10
1.49496110e-06	1.426673e-09
1.49645387e-06	9.132109e-10
1.49794813e-06	1.364920e-09
1.49944389e-06	1.306734e-09
1.50094114e-06	1.113420e-09
1.50243989e-06	1.125593e-09
1.50394013e-06	1.073574e-09
1.50544187e-06	1.183888e-09
1.50694511e-06	1.073817e-09
1.50844985e-06	1.236164e-09
1.50995609e-06	1.135994e-09
1.51146384e-06	1.096717e-09
1.51297309e-06	1.420185e-09
1.51448385e-06	1.138592e-09
1.51599612e-06	1.407455e-09
1.51750990e-06	1.057892e-09
1.51902519e-06	9.688858e-10
1.52054199e-06	1.253622e-09
1.52206031e-06	1.083410e-09
1.52358014e-06	1.156728e-09
1.52510149e-06	1.168401e-09
1.52662436e-06	1.524073e-09
1.52814875e-06	1.135233e-09
1.52967467e-06	1.653231e-09
1.53120210e-06	9.667781e-10
1.53273107e-06	1.341316e-09
1.53426156e-06	1.080804e-09
1.53579357e-06	1.256143e-09
1.53732712e-06	9.773943e-10
1.53886220e-06	1.269707e-09
1.54039881e-06	1.446570e-09
1.54193695e-06	1.377535e-09
1.54347663e-06	1.461034e-09
1.54501785e-06	1.684787e-09
1.54656061e-06	1.116587e-09
1.54810491e-06	1.483135e-09
1.54965075e-06	1.361581e-09
1.55119813e-06	1.475247e-09
1.55274706e-06	1.459739e-09
1.55429754e-06	1.575526e-09
1.55584956e-06	1.528893e-09
1.55740313e-06	1.323840e-09
1.55895826e-06	1.530676e-09
1.56051494e-06	1.626205e-09
1.56207317e-06	1.597278e-09
1.56363296e-06	1.632132e-09
1.56519430e-06	1.265972e-09
1.56675721e-06	1.593792e-09
1.56832167e-06	1.567671e-09
1.56988770e-06	1.640530e-09
1.57145529e-06	1.475525e-09
1.57302445e-06	1.224263e-09
1.57459517e-06	1.593719e-09
1.57616746e-06	1.524199e-09
1.57774132e-06	1.727990e-09
1.57931676e-06	1.743653e-09
1.58089376e-06	1.752264e-09
1.58247234e-06	1.244216e-09
1.58405250e-06	1.559303e-09
1.58563424e-06	1.678875e-09
1.58721755e-06	1.563308e-09
1.58880245e-06	1.826832e-09
1.59038892e-06	1.293503e-09
1.59197699e-06	1.556447e-09
1.59356663e-06	1.801544e-09
1.59515787e-06	1.885509e-09
1.59675069e-06	1.751731e-09
1.59834511e-06	1.546273e-09
1.59994111e-06	1.736962e-09
1.60153872e-06	1.743023e-09
1.60313791e-06	1.674020e-09
1.60473870e-06	1.937909e-09
1.60634109e-06	1.795947e-09
1.60794509e-06	1.864630e-09
1.60955068e-06	1.851319e-09
1.61115787e-06	1.823515e-09
1.61276668e-06	1.805893e-09
1.61437708e-06	1.901584e-09
1.61598910e-06	1.790019e-09
1.61760272e-06	1.874212e-09
1.61921796e-06	1.765974e-09
1.62083481e-06	1.906245e-09
1.62245327e-06	1.844298e-09
1.62407335e-06	1.793883e-09
1.62569505e-06	1.897500e-09
1.62731837e-06	1.855448e-09
1.62894330e-06	1.978534e-09
1.63056986e-06	1.930774e-09
1.63219805e-06	1.241822e-09
1.63382786e-06	1.962008e-09
1.63545930e-06	1.855329e-09
1.63709236e-06	1.892108e-09
1.63872706e-06	1.917244e-09
1.64036339e-06	1.847844e-09
1.64200135e-06	2.109075e-09
1.64364095e-06	1.994913e-09
1.64528219e-06	1.928516e-09
1.64692506e-06	2.033264e-09
1.64856958e-06	1.968745e-09
1.65021574e-06	2.030093e-09
1.65186354e-06	1.930534e-09
1.65351299e-06	2.046974e-09
1.65516408e-06	2.039930e-09
1.65681682e-06	2.072009e-09
1.65847122e-06	2.039530e-09
1.66012726e-06	2.042820e-09
1.66178496e-06	1.991967e-09
1.66344431e-06	2.063990e-09
1.66510532e-06	2.082626e-09
1.66676799e-06	1.977071e-09
1.66843232e-06	2.062126e-09
1.67009831e-06	1.773312e-09
1.67176597e-06	1.830314e-09
1.67343529e-06	2.073877e-09
1.67510628e-06	2.011822e-09
1.67677893e-06	2.065025e-09
1.67845326e-06	1.868621e-09
1.68012926e-06	2.080529e-09
1.68180693e-06	2.206656e-09
1.68348627e-06	1.951605e-09
1.68516730e-06	1.976735e-09
1.68685000e-06	1.652894e-09
1.68853438e-06	2.121531e-09
1.69022045e-06	2.133105e-09
1.69190819e-06	1.870992e-09
1.69359763e-06	2.185073e-09
1.69528875e-06	1.779356e-09
1.69698156e-06	2.055431e-09
1.69867605e-06	2.162735e-09
1.70037225e-06	1.954136e-09
1.70207013e-06	2.113521e-09
1.70376971e-06	1.857372e-09
1.70547099e-06	2.068771e-09
1.70717396e-06	2.052691e-09
1.70887864e-06	2.112351e-09
1.71058502e-06	2.211474e-09
1.71229310e-06	2.100027e-09
1.71400289e-06	1.936744e-09
1.71571438e-06	1.785179e-09
1.71742759e-06	1.705665e-09
1.71914250e-06	1.833943e-09
1.72085913e-06	1.629304e-09
1.72257747e-06	1.753316e-09
1.72429753e-06	2.171589e-09
1.72601931e-06	2.106570e-09
1.72774280e-06	1.801499e-09
1.72946801e-06	1.630367e-09
1.73119495e-06	2.013288e-09
1.73292362e-06	1.974623e-09
1.73465400e-06	1.743523e-09
1.73638612e-06	2.008826e-09
1.73811997e-06	1.875811e-09
1.73985554e-06	1.533080e-09
1.74159285e-06	2.027057e-09
1.74333190e-06	2.013174e-09
1.74507268e-06	1.555761e-09
1.74681520e-06	1.215144e-09
1.74855946e-06	2.163140e-09
1.75030546e-06	1.309799e-09
1.75205321e-06	1.325407e-09
1.75380270e-06	1.720702e-09
1.75555393e-06	1.252151e-09
1.75730692e-06	1.386805e-09
1.75906165e-06	2.122708e-09
1.76081814e-06	2.015266e-09
1.76257638e-06	2.051491e-09
1.76433638e-06	1.868526e-09
1.76609814e-06	1.980381e-09
1.76786165e-06	1.235512e-09
1.76962693e-06	2.119748e-09
1.77139397e-06	1.827403e-09
1.77316277e-06	1.553945e-09
1.77493334e-06	1.597337e-09
1.77670567e-06	1.712786e-09
1.77847978e-06	1.421642e-09
1.78025566e-06	1.705845e-09
1.78203331e-06	1.413496e-09
1.78381274e-06	1.599763e-09
1.78559394e-06	1.997136e-09
1.78737692e-06	1.929232e-09
1.78916168e-06	1.734761e-09
1.79094823e-06	1.614410e-09
1.79273655e-06	1.528460e-09
1.79452667e-06	2.101259e-09
1.79631857e-06	1.271888e-09
1.79811226e-06	1.586320e-09
1.79990774e-06	1.930212e-09
1.80170502e-06	1.473029e-09
1.80350409e-06	1.439506e-09
1.80530495e-06	1.759334e-09
1.80710762e-06	1.372271e-09
1.80891208e-06	1.420302e-09
1.81071835e-06	1.340709e-09
1.81252641e-06	1.329884e-09
1.81433629e-06	1.591756e-09
1.81614797e-06	2.046048e-09
1.81796146e-06	1.585710e-09
1.81977676e-06	1.622228e-09
1.82159388e-06	1.560864e-09
1.82341281e-06	1.413552e-09
1.82523355e-06	1.630971e-09
1.82705612e-06	1.702823e-09
1.82888050e-06	1.339045e-09
1.83070670e-06	1.723613e-09
1.83253473e-06	1.351802e-09
1.83436459e-06	2.040220e-09
1.83619627e-06	1.356691e-09
1.83802978e-06	1.787946e-09
1.83986512e-06	1.342590e-09
1.84170229e-06	2.021796e-09
1.84354130e-06	1.400150e-09
1.84538214e-06	1.891047e-09
1.84722483e-06	1.390304e-09
1.84906935e-06	2.083521e-09
1.85091571e-06	1.837735e-09
1.85276392e-06	2.170531e-09
1.85461397e-06	1.805644e-09
1.85646588e-06	1.618831e-09
1.85831963e-06	1.726667e-09
1.86017523e-06	1.610338e-09
1.86203268e-06	1.677714e-09
1.86389199e-06	1.910775e-09
1.86575315e-06	1.840748e-09
1.86761618e-06	1.609346e-09
1.86948106e-06	2.034289e-09
1.87134781e-06	1.665359e-09
1.87321642e-06	1.661328e-09
1.87508689e-06	1.989157e-09
1.87695924e-06	1.912551e-09
1.87883345e-06	1.874317e-09
1.88070954e-06	2.094543e-09
1.88258749e-06	1.995781e-09
1.88446733e-06	1.984318e-09
1.88634904e-06	2.243248e-09
1.88823263e-06	1.800789e-09
1.89011810e-06	1.539517e-09
1.89200545e-06	1.981417e-09
1.89389469e-06	1.424147e-09
1.89578581e-06	2.186432e-09
1.89767882e-06	1.843229e-09
1.89957373e-06	1.946602e-09
1.90147052e-06	1.437407e-09
1.90336921e-06	1.525478e-09
1.90526980e-06	1.825090e-09
1.90717228e-06	1.499602e-09
1.90907666e-06	2.079599e-09
1.91098294e-06	1.808576e-09
1.91289113e-06	1.614059e-09
1.91480122e-06	2.106413e-09
1.91671322e-06	1.811422e-09
1.91862713e-06	1.959492e-09
1.92054295e-06	2.090612e-09
1.92246069e-06	1.711515e-09
1.92438033e-06	2.076926e-09
1.92630190e-06	1.728132e-09
1.92822538e-06	1.894934e-09
1.93015079e-06	2.096031e-09
1.93207812e-06	2.163659e-09
1.93400737e-06	1.827895e-09
1.93593855e-06	1.974953e-09
1.93787165e-06	1.839146e-09
1.93980669e-06	1.512916e-09
1.94174366e-06	2.221533e-09
1.94368256e-06	1.926198e-09
1.94562340e-06	1.929671e-09
1.94756618e-06	1.735017e-09
1.94951089e-06	1.913016e-09
1.95145755e-06	2.054351e-09
1.95340615e-06	1.497974e-09
1.95535670e-06	1.864477e-09
1.95730920e-06	1.777019e-09
1.95926364e-06	2.182327e-09
1.96122004e-06	1.934966e-09
1.96317839e-06	2.010570e-09
1.96513870e-06	1.664730e-09
1.96710096e-06	1.952372e-09
1.96906519e-06	2.041638e-09
1.97103137e-06	1.843943e-09
1.97299952e-06	1.754367e-09
1.97496963e-06	2.036375e-09
1.97694171e-06	1.884111e-09
1.97891576e-06	2.334089e-09
1.98089178e-06	1.991864e-09
1.98286978e-06	1.705075e-09
1.98484975e-06	1.671870e-09
1.98683169e-06	1.699610e-09
1.98881562e-06	2.262065e-09
1.99080152e-06	1.556810e-09
1.99278941e-06	1.717361e-09
1.99477929e-06	2.071798e-09
1.99677115e-06	1.769977e-09
1.99876500e-06	2.178844e-09
2.00076084e-06	2.204848e-09
2.00275867e-06	2.058467e-09
2.00475850e-06	2.025606e-09
2.00676033e-06	2.291257e-09
2.00876415e-06	1.546295e-09
2.01076998e-06	1.747269e-09
2.01277780e-06	2.094266e-09
2.01478764e-06	1.905594e-09
2.01679948e-06	1.667143e-09
2.01881333e-06	1.565827e-09
2.02082919e-06	2.064749e-09
2.02284706e-06	1.981772e-09
2.02486695e-06	1.713556e-09
2.02688885e-06	1.950273e-09
2.02891278e-06	1.854566e-09
2.03093872e-06	1.763776e-09
2.03296669e-06	1.847833e-09
2.03499668e-06	1.912631e-09
2.03702870e-06	2.038015e-09
2.03906275e-06	1.854975e-09
2.04109883e-06	2.034179e-09
2.04313694e-06	1.969750e-09
2.04517709e-06	2.330211e-09
2.04721927e-06	1.967552e-09
2.04926350e-06	2.248864e-09
2.05130976e-06	2.213799e-09
2.05335807e-06	1.787050e-09
2.05540843e-06	2.364826e-09
2.05746083e-06	2.128944e-09
2.05951528e-06	2.241338e-09
2.06157178e-06	1.747288e-09
2.06363034e-06	2.155419e-09
2.06569095e-06	2.265461e-09
2.06775362e-06	1.727933e-09
2.06981835e-06	2.418011e-09
2.07188514e-06	2.179626e-09
2.07395399e-06	2.157804e-09
2.07602491e-06	2.076113e-09
2.07809790e-06	2.217225e-09
2.08017296e-06	2.217669e-09
2.08225009e-06	2.429274e-09
2.08432929e-06	1.954052e-09
2.08641057e-06	1.877487e-09
2.08849393e-06	1.940057e-09
2.09057937e-06	2.022866e-09
2.09266689e-06	2.409118e-09
2.09475649e-06	2.029398e-09
2.09684818e-06	2.022443e-09
2.09894197e-06	2.206233e-09
2.10103784e-06	2.100559e-09
2.10313580e-06	2.286140e-09
2.10523586e-06	2.314217e-09
2.10733802e-06	2.062540e-09
2.10944227e-06	2.413091e-09
2.11154863e-06	1.972689e-09
2.11365709e-06	2.197699e-09
2.11576765e-06	2.377493e-09
2.11788032e-06	2.355926e-09
2.11999511e-06	2.071166e-09
2.12211200e-06	2.422680e-09
2.12423101e-06	2.507616e-09
2.12635213e-06	2.325572e-09
2.12847537e-06	1.956813e-09
2.13060073e-06	2.272145e-09
2.13272822e-06	2.342867e-09
2.13485783e-06	2.308876e-09
2.13698956e-06	2.080187e-09
2.13912342e-06	2.470317e-09
2.14125942e-06	2.218296e-09
2.14339754e-06	1.969129e-09
2.14553781e-06	2.482498e-09
2.14768021e-06	2.563057e-09
2.14982474e-06	2.133500e-09
2.15197142e-06	2.418735e-09
2.15412025e-06	2.330861e-09
2.15627122e-06	2.534208e-09
2.15842433e-06	2.612666e-09
2.16057960e-06	2.162575e-09
2.16273702e-06	2.546157e-09
2.16489659e-06	2.424021e-09
2.16705832e-06	2.514453e-09
2.16922221e-06	2.464678e-09
2.17138826e-06	2.145715e-09
2.17355647e-06	2.547934e-09
2.17572684e-06	2.126077e-09
2.17789939e-06	2.540136e-09
2.18007410e-06	2.444089e-09
2.18225099e-06	2.425594e-09
2.18443005e-06	2.171536e-09
2.18661128e-06	2.189580e-09
2.18879469e-06	2.578849e-09
2.19098028e-06	2.381543e-09
2.19316806e-06	2.573704e-09
2.19535802e-06	2.478323e-09
2.19755017e-06	2.470187e-09
2.19974450e-06	2.529909e-09
2.20194103e-06	2.489834e-09
2.20413975e-06	2.452731e-09
2.20634066e-06	2.490125e-09
2.20854377e-06	2.117680e-09
2.21074909e-06	2.208085e-09
2.21295660e-06	2.568813e-09
2.21516632e-06	2.512223e-09
2.21737825e-06	2.496783e-09
2.21959238e-06	1.858168e-09
2.22180873e-06	2.334594e-09
2.22402729e-06	2.598263e-09
2.22624806e-06	2.558292e-09
2.22847105e-06	2.557979e-09
2.23069626e-06	2.632771e-09
2.23292369e-06	1.910001e-09
2.23515335e-06	2.535412e-09
2.23738523e-06	2.559930e-09
2.23961935e-06	2.695532e-09
2.24185569e-06	1.963423e-09
2.24409427e-06	2.650509e-09
2.24633508e-06	2.526229e-09
2.24857813e-06	2.631443e-09
2.25082341e-06	2.492420e-09
2.25307094e-06	2.596216e-09
2.25532072e-06	2.515406e-09
2.25757274e-06	2.630942e-09
2.25982701e-06	2.602543e-09
2.26208353e-06	2.661137e-09
2.26434231e-06	2.357203e-09
2.26660334e-06	2.543069e-09
2.26886662e-06	2.624481e-09
2.27113217e-06	2.603099e-09
2.27339998e-06	2.486763e-09
2.27567005e-06	2.577093e-09
2.27794240e-06	2.562721e-09
2.28021700e-06	2.379532e-09
2.28249389e-06	2.306187e-09
2.28477304e-06	2.666882e-09
2.28705447e-06	2.538571e-09
2.28933818e-06	2.668578e-09
2.29162417e-06	2.363856e-09
2.29391244e-06	1.875181e-09
2.29620300e-06	2.506803e-09
2.29849584e-06	2.284093e-09
2.30079097e-06	2.533841e-09
2.30308840e-06	2.176254e-09
2.30538812e-06	2.519395e-09
2.30769013e-06	2.377957e-09
2.30999445e-06	2.272121e-09
2.31230106e-06	2.503861e-09
2.31460998e-06	2.604332e-09
2.31692121e-06	2.588508e-09
2.31923474e-06	2.597952e-09
2.32155058e-06	2.632306e-09
2.32386873e-06	2.595397e-09
2.32618920e-06	2.537426e-09
2.32851199e-06	2.229947e-09
2.33083709e-06	2.525410e-09
2.33316452e-06	2.365328e-09
2.33549427e-06	2.581603e-09
2.33782635e-06	2.541822e-09
2.34016076e-06	2.575926e-09
2.34249749e-06	2.487993e-09
2.34483656e-06	1.988517e-09
2.34717797e-06	2.631982e-09
2.34952171e-06	2.358921e-09
2.35186780e-06	2.614897e-09
2.35421623e-06	2.591737e-09
2.35656700e-06	2.551415e-09
2.35892012e-06	2.404924e-09
2.36127559e-06	2.530957e-09
2.36363341e-06	2.578455e-09
2.36599358e-06	2.587358e-09
2.36835612e-06	2.604515e-09
2.37072101e-06	2.489580e-09
2.37308826e-06	2.040460e-09
2.37545788e-06	2.403064e-09
2.37782986e-06	2.696661e-09
2.38020421e-06	2.549727e-09
2.38258093e-06	2.297903e-09
2.38496003e-06	2.381012e-09
2.38734150e-06	2.311969e-09
2.38972535e-06	2.535905e-09
2.39211158e-06	2.228820e-09
2.39450019e-06	2.491763e-09
2.39689119e-06	2.484766e-09
2.39928457e-06	2.625664e-09
2.40168035e-06	2.109557e-09
2.40407851e-06	2.245098e-09
2.40647907e-06	2.687686e-09
2.40888203e-06	2.307915e-09
2.41128739e-06	2.520543e-09
2.41369515e-06	2.235428e-09
2.41610531e-06	1.939393e-09
2.41851788e-06	2.390585e-09
2.42093286e-06	2.524598e-09
2.42335026e-06	1.933661e-09
2.42577006e-06	2.039444e-09
2.42819228e-06	2.223632e-09
2.43061692e-06	2.274099e-09
2.43304398e-06	2.506525e-09
2.43547347e-06	2.412614e-09
2.43790538e-06	1.991472e-09
2.44033972e-06	2.416286e-09
2.44277649e-06	2.556222e-09
2.44521569e-06	2.375975e-09
2.44765733e-06	2.262876e-09
2.45010140e-06	2.128480e-09
2.45254792e-06	2.251957e-09
2.45499688e-06	2.277009e-09
2.45744829e-06	2.615265e-09
2.45990214e-06	2.078632e-09
2.46235844e-06	2.555225e-09
2.46481720e-06	2.464578e-09
2.46727841e-06	2.566933e-09
2.46974208e-06	2.092749e-09
2.47220821e-06	2.358366e-09
2.47467680e-06	2.278394e-09
2.47714786e-06	2.262630e-09
2.47962138e-06	2.090049e-09
2.48209737e-06	2.278651e-09
2.48457584e-06	2.051255e-09
2.48705678e-06	1.963790e-09
2.48954020e-06	1.954386e-09
2.49202610e-06	2.172060e-09
2.49451448e-06	2.184266e-09
2.49700534e-06	2.101797e-09
2.49949870e-06	2.178410e-09
2.50199454e-06	2.537992e-09
2.50449287e-06	2.182626e-09
2.50699370e-06	2.175836e-09
2.50949703e-06	2.346839e-09
2.51200285e-06	1.967243e-09
2.51451118e-06	2.127239e-09
2.51702201e-06	2.332586e-09
2.51953535e-06	1.983760e-09
2.52205120e-06	2.278170e-09
2.52456956e-06	2.052275e-09
2.52709044e-06	2.274454e-09
2.52961383e-06	2.197377e-09
2.53213975e-06	2.301916e-09
2.53466818e-06	1.974528e-09
2.53719914e-06	2.357869e-09
2.53973263e-06	1.982338e-09
2.54226865e-06	2.215441e-09
2.54480720e-06	2.362720e-09
2.54734828e-06	2.345733e-09
2.54989190e-06	2.258843e-09
2.55243806e-06	2.208302e-09
2.55498677e-06	2.160875e-09
2.55753802e-06	2.318745e-09
2.56009181e-06	1.993100e-09
2.56264816e-06	2.003447e-09
2.56520706e-06	2.265188e-09
2.56776851e-06	1.993920e-09
2.57033253e-06	2.442999e-09
2.57289910e-06	2.375069e-09
2.57546823e-06	2.134716e-09
2.57803993e-06	2.002473e-09
2.58061420e-06	2.313256e-09
2.58319104e-06	2.056382e-09
2.58577045e-06	2.179187e-09
2.58835244e-06	2.132976e-09
2.59093701e-06	2.459568e-09
2.59352415e-06	2.167758e-09
2.59611388e-06	2.035830e-09
2.59870620e-06	2.296098e-09
2.60130110e-06	2.060946e-09
2.60389860e-06	2.181842e-09
2.60649869e-06	2.031452e-09
2.60910137e-06	2.033757e-09
2.61170666e-06	2.428924e-09
2.61431454e-06	2.483914e-09
2.61692503e-06	2.160944e-09
2.61953813e-06	2.477923e-09
2.62215384e-06	2.227877e-09
2.62477215e-06	2.420610e-09
2.62739309e-06	2.173170e-09
2.63001663e-06	2.558894e-09
2.63264280e-06	2.044596e-09
2.63527160e-06	2.364769e-09
2.63790301e-06	2.503421e-09
2.64053706e-06	2.036891e-09
2.64317373e-06	2.030785e-09
2.64581304e-06	2.044099e-09
2.64845498e-06	2.086886e-09
2.65109956e-06	2.074389e-09
2.65374678e-06	2.523420e-09
2.65639665e-06	2.389137e-09
2.65904916e-06	2.358795e-09
2.66170431e-06	2.490909e-09
2.66436213e-06	2.382018e-09
2.66702259e-06	2.210298e-09
2.66968571e-06	2.043184e-09
2.67235149e-06	2.491283e-09
2.67501993e-06	2.297933e-09
2.67769104e-06	2.207986e-09
2.68036481e-06	2.148577e-09
2.68304126e-06	2.065250e-09
2.68572037e-06	2.045064e-09
2.68840216e-06	2.400229e-09
2.69108663e-06	2.046525e-09
2.69377378e-06	2.048648e-09
2.69646362e-06	2.103986e-09
2.69915613e-06	2.536118e-09
2.70185134e-06	2.059961e-09
2.70454924e-06	2.053513e-09
2.70724983e-06	2.109860e-09
2.70995312e-06	2.121141e-09
2.71265911e-06	2.374123e-09
2.71536780e-06	2.055517e-09
2.71807920e-06	2.281756e-09
2.72079330e-06	2.203929e-09
2.72351011e-06	2.199887e-09
2.72622964e-06	2.205855e-09
2.72895188e-06	2.060592e-09
2.73167684e-06	2.067130e-09
2.73440452e-06	2.221843e-09
2.73713492e-06	2.378198e-09
2.73986805e-06	2.122233e-09
2.74260391e-06	2.504696e-09
2.74534251e-06	2.112046e-09
2.74808383e-06	2.064120e-09
2.75082790e-06	2.236489e-09
2.75357470e-06	2.482306e-09
2.75632425e-06	2.386390e-09
2.75907654e-06	2.628420e-09
2.76183158e-06	2.533898e-09
2.76458937e-06	2.130731e-09
2.76734991e-06	2.266725e-09
2.77011322e-06	2.076843e-09
2.77287928e-06	2.217223e-09
2.77564810e-06	2.430697e-09
2.77841969e-06	2.138161e-09
2.78119404e-06	2.131504e-09
2.78397117e-06	2.284907e-09
2.78675106e-06	2.134130e-09
2.78953374e-06	2.078973e-09
2.79231919e-06	2.088144e-09
2.79510743e-06	2.187111e-09
2.79789844e-06	2.083103e-09
2.80069225e-06	2.082673e-09
2.80348884e-06	2.098095e-09
2.80628823e-06	2.289322e-09
2.80909041e-06	2.091103e-09
2.81189540e-06	2.278514e-09
2.81470318e-06	2.087181e-09
2.81751376e-06	2.093183e-09
2.82032715e-06	2.198528e-09
2.82314336e-06	2.086806e-09
2.82596237e-06	2.121835e-09
2.82878420e-06	2.141653e-09
2.83160884e-06	2.144341e-09
2.83443631e-06	2.181697e-09
2.83726660e-06	2.091545e-09
2.84009972e-06	2.139524e-09
2.84293566e-06	2.183735e-09
2.84577444e-06	2.229603e-09
2.84861605e-06	2.108414e-09
2.85146050e-06	2.107074e-09
2.85430779e-06	2.279756e-09
2.85715792e-06	2.136078e-09
2.86001090e-06	2.363930e-09
2.86286672e-06	2.361529e-09
2.86572540e-06	2.097791e-09
2.86858693e-06	2.102310e-09
2.87145132e-06	2.153344e-09
2.87431857e-06	2.516414e-09
2.87718869e-06	2.117198e-09
2.88006167e-06	2.348830e-09
2.88293752e-06	2.116740e-09
2.88581624e-06	2.226730e-09
2.88869783e-06	2.122303e-09
2.89158230e-06	2.215792e-09
2.89446965e-06	2.204752e-09
2.89735989e-06	2.330729e-09
2.90025301e-06	2.132462e-09
2.90314902e-06	2.506538e-09
2.90604792e-06	2.281280e-09
2.90894972e-06	2.105610e-09
2.91185441e-06	2.123976e-09
2.91476201e-06	2.269927e-09
2.91767251e-06	2.255408e-09
2.92058591e-06	2.107389e-09
2.92350222e-06	2.241441e-09
2.92642145e-06	2.138110e-09
2.92934359e-06	2.367063e-09
2.93226865e-06	2.294289e-09
2.93519663e-06	2.280240e-09
2.93812753e-06	2.138517e-09
2.94106136e-06	2.420667e-09
2.94399812e-06	2.297885e-09
2.94693781e-06	2.282483e-09
2.94988043e-06	2.440338e-09
2.95282600e-06	2.633207e-09
2.95577451e-06	2.186030e-09
2.95872596e-06	2.251190e-09
2.96168035e-06	2.291815e-09
2.96463770e-06	2.422107e-09
2.96759800e-06	2.434145e-09
2.97056126e-06	2.139112e-09
2.97352747e-06	2.181669e-09
2.97649665e-06	2.336891e-09
2.97946879e-06	2.162901e-09
2.98244390e-06	2.124282e-09
2.98542198e-06	2.180343e-09
2.98840304e-06	2.366644e-09
2.99138707e-06	2.192462e-09
2.99437408e-06	2.222627e-09
2.99736407e-06	2.515061e-09
3.00035705e-06	2.274868e-09
3.00335302e-06	2.124859e-09
3.00635198e-06	2.259463e-09
3.00935393e-06	2.342909e-09
3.01235888e-06	2.327250e-09
3.01536684e-06	2.533565e-09
3.01837779e-06	2.202996e-09
3.02139175e-06	2.307189e-09
3.02440873e-06	2.221988e-09
3.02742871e-06	2.473438e-09
3.03045171e-06	2.262315e-09
3.03347773e-06	2.197000e-09
3.03650677e-06	2.304821e-09
3.03953883e-06	2.227448e-09
3.04257392e-06	2.137465e-09
3.04561205e-06	2.560705e-09
3.04865320e-06	2.242972e-09
3.05169740e-06	2.258915e-09
3.05474463e-06	2.321939e-09
3.05779491e-06	2.395818e-09
3.06084823e-06	2.233137e-09
3.06390460e-06	2.123702e-09
3.06696402e-06	2.207257e-09
3.07002650e-06	2.281492e-09
3.07309203e-06	2.130522e-09
3.07616063e-06	2.454384e-09
3.07923229e-06	2.307778e-09
3.08230702e-06	2.292709e-09
3.08538481e-06	2.239460e-09
3.08846569e-06	2.264367e-09
3.09154963e-06	2.219824e-09
3.09463666e-06	2.199567e-09
3.09772677e-06	2.232637e-09
3.10081996e-06	2.189872e-09
3.10391625e-06	2.327244e-09
3.10701562e-06	2.152641e-09
3.11011809e-06	2.236924e-09
3.11322366e-06	2.249484e-09
3.11633233e-06	2.327042e-09
3.11944410e-06	2.383678e-09
3.12255898e-06	2.174768e-09
3.12567698e-06	2.285192e-09
3.12879808e-06	2.343174e-09
3.13192230e-06	2.372768e-09
3.13504964e-06	2.241777e-09
3.13818010e-06	2.170925e-09
3.14131369e-06	2.166931e-09
3.14445041e-06	2.360204e-09
3.14759026e-06	2.366628e-09
3.15073325e-06	2.161081e-09
3.15387937e-06	2.231406e-09
3.15702864e-06	2.279825e-09
3.16018105e-06	2.200796e-09
3.16333660e-06	2.147843e-09
3.16649531e-06	2.384389e-09
3.16965718e-06	2.452526e-09
3.17282220e-06	2.263333e-09
3.17599038e-06	2.239577e-09
3.17916172e-06	2.153805e-09
3.18233623e-06	2.561925e-09
3.18551391e-06	2.320471e-09
3.18869477e-06	2.163013e-09
3.19187880e-06	2.323974e-09
3.19506601e-06	2.347600e-09
3.19825640e-06	2.255425e-09
3.20144997e-06	2.144816e-09
3.20464674e-06	2.150909e-09
3.20784670e-06	2.388372e-09
3.21104985e-06	2.174157e-09
3.21425621e-06	2.311749e-09
3.21746576e-06	2.287194e-09
3.22067852e-06	2.280650e-09
3.22389449e-06	2.168402e-09
3.22711366e-06	2.344695e-09
3.23033606e-06	2.453993e-09
3.23356167e-06	2.247551e-09
3.23679050e-06	2.180572e-09
3.24002255e-06	2.580995e-09
3.24325783e-06	2.168340e-09
3.24649635e-06	2.363864e-09
3.24973809e-06	2.374384e-09
3.25298308e-06	2.253134e-09
3.25623130e-06	2.499153e-09
3.25948277e-06	2.163033e-09
3.26273748e-06	2.573707e-09
3.26599545e-06	2.462121e-09
3.26925667e-06	2.173638e-09
3.27252114e-06	2.648673e-09
3.27578887e-06	2.181748e-09
3.27905987e-06	2.498432e-09
3.28233413e-06	2.236133e-09
3.28561167e-06	2.259346e-09
3.28889247e-06	2.528749e-09
3.29217655e-06	2.264749e-09
3.29546391e-06	2.475829e-09
3.29875455e-06	2.259084e-09
3.30204848e-06	2.687762e-09
3.30534570e-06	2.197891e-09
3.30864621e-06	2.224958e-09
3.31195002e-06	2.133338e-09
3.31525712e-06	2.287909e-09
3.31856753e-06	2.352361e-09
3.32188124e-06	2.500850e-09
3.32519826e-06	2.546116e-09
3.32851860e-06	2.232551e-09
3.33184225e-06	2.213721e-09
3.33516921e-06	2.552646e-09
3.33849950e-06	2.325861e-09
3.34183312e-06	2.334322e-09
3.34517006e-06	2.292798e-09
3.34851034e-06	2.394155e-09
3.35185395e-06	2.572904e-09
3.35520090e-06	2.362933e-09
3.35855119e-06	2.311772e-09
3.36190483e-06	2.355787e-09
3.36526182e-06	2.363658e-09
3.36862216e-06	2.564322e-09
3.37198585e-06	2.556508e-09
3.37535290e-06	2.647289e-09
3.37872332e-06	2.384941e-09
3.38209710e-06	2.378252e-09
3.38547425e-06	2.314200e-09
3.38885477e-06	2.532427e-09
3.39223867e-06	2.213992e-09
3.39562594e-06	2.445765e-09
3.39901660e-06	2.404017e-09
3.40241065e-06	2.439023e-09
3.40580808e-06	2.459071e-09
3.40920890e-06	2.291920e-09
3.41261313e-06	2.207124e-09
3.41602075e-06	2.364391e-09
3.41943177e-06	2.541964e-09
3.42284620e-06	2.407817e-09
3.42626404e-06	2.234824e-09
3.42968529e-06	2.274071e-09
3.43310996e-06	2.328353e-09
3.43653804e-06	2.174997e-09
3.43996956e-06	2.433046e-09
3.44340449e-06	2.404192e-09
3.44684286e-06	2.245074e-09
3.45028466e-06	2.398558e-09
3.45372990e-06	2.416938e-09
3.45717857e-06	2.336535e-09
3.46063070e-06	2.576176e-09
3.46408626e-06	2.392808e-09
3.46754528e-06	2.191056e-09
3.47100775e-06	2.141020e-09
3.47447368e-06	2.373816e-09
3.47794307e-06	2.176066e-09
3.48141593e-06	2.234871e-09
3.48489225e-06	2.159508e-09
3.48837205e-06	2.462001e-09
3.49185532e-06	2.360810e-09
3.49534206e-06	2.477094e-09
3.49883229e-06	2.575785e-09
3.50232600e-06	2.517828e-09
3.50582321e-06	2.606765e-09
3.50932390e-06	2.507270e-09
3.51282809e-06	2.426994e-09
3.51633578e-06	2.177241e-09
3.51984697e-06	2.445613e-09
3.52336167e-06	2.560045e-09
3.52687988e-06	2.134074e-09
3.53040160e-06	2.658250e-09
3.53392683e-06	2.559281e-09
3.53745559e-06	2.471173e-09
3.54098787e-06	2.452109e-09
3.54452368e-06	2.372198e-09
3.54806302e-06	2.652867e-09
3.55160589e-06	2.484613e-09
3.55515230e-06	2.489447e-09
3.55870225e-06	2.477076e-09
3.56225575e-06	2.550728e-09
3.56581279e-06	2.414506e-09
3.56937339e-06	2.512156e-09
3.57293754e-06	2.441656e-09
3.57650525e-06	2.406442e-09
3.58007652e-06	2.512259e-09
3.58365136e-06	2.599078e-09
3.58722977e-06	2.546046e-09
3.59081175e-06	2.521662e-09
3.59439731e-06	2.605704e-09
3.59798645e-06	2.166597e-09
3.60157917e-06	2.176302e-09
3.60517548e-06	2.538703e-09
3.60877538e-06	2.312217e-09
3.61237888e-06	2.260839e-09
3.61598597e-06	2.333617e-09
3.61959667e-06	2.564776e-09
3.62321097e-06	2.607981e-09
3.62682888e-06	2.270760e-09
3.63045040e-06	2.403576e-09
3.63407554e-06	2.318454e-09
3.63770430e-06	2.209234e-09
3.64133669e-06	2.580393e-09
3.64497270e-06	2.643951e-09
3.64861234e-06	2.487178e-09
3.65225561e-06	2.194025e-09
3.65590252e-06	2.713504e-09
3.65955308e-06	2.588780e-09
3.66320728e-06	2.475649e-09
3.66686512e-06	2.581689e-09
3.67052662e-06	2.564464e-09
3.67419178e-06	2.228017e-09
3.67786060e-06	2.438559e-09
3.68153308e-06	2.492685e-09
3.68520923e-06	2.705678e-09
3.68888904e-06	2.328496e-09
3.69257254e-06	2.614509e-09
3.69625971e-06	2.181737e-09
3.69995056e-06	2.355523e-09
3.70364510e-06	2.553632e-09
3.70734332e-06	2.323777e-09
3.71104524e-06	2.294084e-09
3.71475086e-06	2.552148e-09
3.71846018e-06	2.527317e-09
3.72217320e-06	2.357304e-09
3.72588992e-06	2.563856e-09
3.72961036e-06	2.546909e-09
3.73333452e-06	2.594542e-09
3.73706239e-06	2.589467e-09
3.74079399e-06	2.663150e-09
3.74452931e-06	2.506256e-09
3.74826836e-06	2.186023e-09
3.75201114e-06	2.583212e-09
3.75575766e-06	2.524937e-09
3.75950793e-06	2.649455e-09
3.76326194e-06	2.696913e-09
3.76701969e-06	2.685526e-09
3.77078120e-06	2.461697e-09
3.77454647e-06	2.567984e-09
3.77831549e-06	2.423910e-09
3.78208828e-06	2.284724e-09
3.78586483e-06	2.391755e-09
3.78964516e-06	2.753470e-09
3.79342926e-06	2.210837e-09
3.79721714e-06	2.737125e-09
3.80100880e-06	2.678243e-09
3.80480425e-06	2.630492e-09
3.80860349e-06	2.657000e-09
3.81240652e-06	2.710649e-09
3.81621335e-06	2.486028e-09
3.82002398e-06	2.742477e-09
3.82383842e-06	2.665585e-09
3.82765666e-06	2.725681e-09
3.83147872e-06	2.446596e-09
3.83530459e-06	2.734643e-09
3.83913428e-06	2.612301e-09
3.84296780e-06	2.715329e-09
3.84680515e-06	2.265055e-09
3.85064633e-06	2.460250e-09
3.85449134e-06	2.700257e-09
3.85834019e-06	2.601363e-09
3.86219289e-06	2.460700e-09
3.86604943e-06	2.441915e-09
3.86990982e-06	2.690827e-09
3.87377407e-06	2.557647e-09
3.87764218e-06	2.650844e-09
3.88151415e-06	2.719401e-09
3.88538998e-06	2.603876e-09
3.88926969e-06	2.664744e-09
3.89315327e-06	2.704378e-09
3.89704073e-06	2.455119e-09
3.90093207e-06	2.690723e-09
3.90482729e-06	2.697015e-09
3.90872641e-06	2.658406e-09
3.91262941e-06	2.653172e-09
3.91653632e-06	2.561202e-09
3.92044713e-06	2.343531e-09
3.92436184e-06	2.372879e-09
3.92828046e-06	2.695942e-09
3.93220299e-06	2.257185e-09
3.93612944e-06	2.567669e-09
3.94005981e-06	2.441949e-09
3.94399411e-06	2.689162e-09
3.94793233e-06	2.459956e-09
3.95187449e-06	2.420589e-09
3.95582058e-06	2.747140e-09
3.95977062e-06	2.534890e-09
3.96372460e-06	2.221135e-09
3.96768252e-06	2.510650e-09
3.97164440e-06	2.501263e-09
3.97561023e-06	2.300300e-09
3.97958003e-06	2.609820e-09
3.98355379e-06	2.532791e-09
3.98753151e-06	2.559173e-09
3.99151321e-06	2.291336e-09
3.99549888e-06	2.638706e-09
3.99948854e-06	2.239623e-09
4.00348217e-06	2.717076e-09
