2.99769222e-07	5.959592e-16
3.00068553e-07	6.368988e-16
3.00368182e-07	6.535835e-16
3.00668111e-07	6.706820e-16
3.00968339e-07	6.882037e-16
3.01268867e-07	7.061585e-16
3.01569695e-07	7.245565e-16
3.01870824e-07	7.434080e-16
3.02172253e-07	7.627235e-16
3.02473983e-07	7.825137e-16
3.02776015e-07	8.027896e-16
3.03078348e-07	8.235623e-16
3.03380983e-07	8.448434e-16
3.03683920e-07	8.666444e-16
3.03987160e-07	8.889774e-16
3.04290702e-07	9.118544e-16
3.04594547e-07	9.352881e-16
3.04898696e-07	9.592910e-16
3.05203149e-07	9.838763e-16
3.05507906e-07	1.009057e-15
3.05812967e-07	1.034847e-15
3.06118332e-07	1.061259e-15
3.06424003e-07	1.088309e-15
3.06729978e-07	1.116010e-15
3.07036260e-07	1.144378e-15
3.07342847e-07	1.173426e-15
3.07649740e-07	1.203171e-15
3.07956940e-07	1.233628e-15
3.08264446e-07	1.264814e-15
3.08572260e-07	1.296743e-15
3.08880380e-07	1.329434e-15
3.09188809e-07	1.362903e-15
3.09497545e-07	1.397168e-15
3.09806590e-07	1.432246e-15
3.10115944e-07	1.468155e-15
3.10425606e-07	1.504914e-15
3.10735577e-07	1.542542e-15
3.11045858e-07	1.581058e-15
3.11356449e-07	1.620481e-15
3.11667350e-07	1.660831e-15
3.11978561e-07	1.702130e-15
3.12290084e-07	1.744397e-15
3.12601917e-07	1.787655e-15
3.12914061e-07	1.831924e-15
3.13226518e-07	1.877227e-15
3.13539286e-07	1.923587e-15
3.13852367e-07	1.971026e-15
3.14165760e-07	2.019568e-15
3.14479466e-07	2.069238e-15
3.14793485e-07	2.120059e-15
3.15107818e-07	2.172056e-15
3.15422465e-07	2.225256e-15
3.15737426e-07	2.279684e-15
3.16052702e-07	2.335366e-15
3.16368292e-07	2.392330e-15
3.16684197e-07	2.450602e-15
3.17000418e-07	2.510213e-15
3.17316955e-07	2.571189e-15
3.17633808e-07	2.633560e-15
3.17950977e-07	2.697356e-15
3.18268463e-07	2.762607e-15
3.18586266e-07	2.829345e-15
3.18904386e-07	2.897601e-15
3.19222824e-07	2.967407e-15
3.19541579e-07	3.038795e-15
3.19860654e-07	3.111801e-15
3.20180046e-07	3.186457e-15
3.20499758e-07	3.262799e-15
3.20819789e-07	3.340862e-15
3.21140139e-07	3.420683e-15
3.21460810e-07	3.502297e-15
3.21781800e-07	3.585743e-15
3.22103111e-07	3.671060e-15
3.22424743e-07	3.758285e-15
3.22746696e-07	3.847460e-15
3.23068971e-07	3.938624e-15
3.23391567e-07	4.031819e-15
3.23714485e-07	4.127087e-15
3.24037726e-07	4.224472e-15
3.24361290e-07	4.324016e-15
3.24685177e-07	4.425765e-15
3.25009387e-07	4.529764e-15
3.25333921e-07	4.636059e-15
3.25658779e-07	4.744697e-15
3.25983961e-07	4.855727e-15
3.26309468e-07	4.969198e-15
3.26635300e-07	5.085159e-15
3.26961458e-07	5.203662e-15
3.27287941e-07	5.324757e-15
3.27614750e-07	5.448499e-15
3.27941886e-07	5.574941e-15
3.28269348e-07	5.704137e-15
3.28597137e-07	5.836143e-15
3.28925253e-07	5.971016e-15
3.29253697e-07	6.108815e-15
3.29582469e-07	6.249597e-15
3.29911570e-07	6.393424e-15
3.30240998e-07	6.540355e-15
3.30570756e-07	6.690454e-15
3.30900844e-07	6.843784e-15
3.31231260e-07	7.000408e-15
3.31562007e-07	7.160395e-15
3.31893084e-07	7.323809e-15
3.32224491e-07	7.490720e-15
3.32556230e-07	7.661196e-15
3.32888300e-07	7.835309e-15
3.33220701e-07	8.013130e-15
3.33553434e-07	8.194733e-15
3.33886500e-07	8.380192e-15
3.34219898e-07	8.569583e-15
3.34553629e-07	8.762983e-15
3.34887693e-07	8.960472e-15
3.35222091e-07	9.162129e-15
3.35556822e-07	9.368035e-15
3.35891888e-07	9.578274e-15
3.36227289e-07	9.792931e-15
3.36563024e-07	1.001209e-14
3.36899095e-07	1.023584e-14
3.37235501e-07	1.046427e-14
3.37572243e-07	1.069747e-14
3.37909321e-07	1.093553e-14
3.38246736e-07	1.117855e-14
3.38584488e-07	1.142662e-14
3.38922578e-07	1.167984e-14
3.39261004e-07	1.193831e-14
3.39599769e-07	1.220212e-14
3.39938872e-07	1.247139e-14
3.40278313e-07	1.274621e-14
3.40618094e-07	1.302669e-14
3.40958214e-07	1.331294e-14
3.41298673e-07	1.360507e-14
3.41639473e-07	1.390319e-14
3.41980612e-07	1.420741e-14
3.42322093e-07	1.451785e-14
3.42663914e-07	1.483463e-14
3.43006076e-07	1.515786e-14
3.43348581e-07	1.548767e-14
3.43691427e-07	1.582418e-14
3.44034616e-07	1.616752e-14
3.44378147e-07	1.651780e-14
3.44722021e-07	1.687518e-14
3.45066239e-07	1.723976e-14
3.45410800e-07	1.761170e-14
3.45755706e-07	1.799113e-14
3.46100956e-07	1.837818e-14
3.46446550e-07	1.877300e-14
3.46792490e-07	1.917573e-14
3.47138775e-07	1.958651e-14
3.47485406e-07	2.000551e-14
3.47832383e-07	2.043285e-14
3.48179707e-07	2.086871e-14
3.48527377e-07	2.131323e-14
3.48875395e-07	2.176658e-14
3.49223760e-07	2.222892e-14
3.49572472e-07	2.270040e-14
3.49921534e-07	2.318120e-14
3.50270943e-07	2.367148e-14
3.50620702e-07	2.417143e-14
3.50970809e-07	2.468120e-14
3.51321267e-07	2.520099e-14
3.51672074e-07	2.573096e-14
3.52023232e-07	2.627132e-14
3.52374740e-07	2.682223e-14
3.52726599e-07	2.738390e-14
3.53078810e-07	2.795651e-14
3.53431372e-07	2.854026e-14
3.53784286e-07	2.913535e-14
3.54137553e-07	2.974198e-14
3.54491173e-07	3.036035e-14
3.54845145e-07	3.099069e-14
3.55199471e-07	3.163318e-14
3.55554151e-07	3.228803e-14
3.55909185e-07	3.295549e-14
3.56264573e-07	3.363587e-14
3.56620317e-07	3.432923e-14
3.56976415e-07	3.503588e-14
3.57332870e-07	3.575603e-14
3.57689680e-07	3.648993e-14
3.58046846e-07	3.723784e-14
3.58404369e-07	3.799997e-14
3.58762249e-07	3.877659e-14
3.59120487e-07	3.956794e-14
3.59479082e-07	4.037429e-14
3.59838035e-07	4.119587e-14
3.60197347e-07	4.203293e-14
3.60557017e-07	4.288538e-14
3.60917046e-07	4.375474e-14
3.61277436e-07	4.464014e-14
3.61638184e-07	4.554206e-14
3.61999294e-07	4.646085e-14
3.62360763e-07	4.739670e-14
3.62722594e-07	4.835028e-14
3.63084786e-07	4.932160e-14
3.63447339e-07	5.031089e-14
3.63810255e-07	5.131869e-14
3.64173533e-07	5.234508e-14
3.64537174e-07	5.339060e-14
3.64901178e-07	5.445541e-14
3.65265545e-07	5.553989e-14
3.65630276e-07	5.664437e-14
3.65995372e-07	5.776921e-14
3.66360832e-07	5.891472e-14
3.66726656e-07	6.008126e-14
3.67092847e-07	6.126914e-14
3.67459402e-07	6.247884e-14
3.67826324e-07	6.371041e-14
3.68193613e-07	6.496476e-14
3.68561267e-07	6.624186e-14
3.68929290e-07	6.754219e-14
3.69297679e-07	6.886585e-14
3.69666437e-07	7.021396e-14
3.70035562e-07	7.158601e-14
3.70405056e-07	7.298339e-14
3.70774920e-07	7.440554e-14
3.71145152e-07	7.585332e-14
3.71515754e-07	7.732728e-14
3.71886726e-07	7.882738e-14
3.72258069e-07	8.035490e-14
3.72629783e-07	8.191001e-14
3.73001867e-07	8.349225e-14
3.73374323e-07	8.510307e-14
3.73747152e-07	8.674247e-14
3.74120352e-07	8.841072e-14
3.74493925e-07	9.010872e-14
3.74867871e-07	9.183675e-14
3.75242191e-07	9.359634e-14
3.75616884e-07	9.538533e-14
3.75991951e-07	9.720779e-14
3.76367393e-07	9.906141e-14
3.76743210e-07	1.009468e-13
3.77119402e-07	1.028634e-13
3.77495970e-07	1.048197e-13
3.77872913e-07	1.068073e-13
3.78250233e-07	1.088287e-13
3.78627930e-07	1.108862e-13
3.79006004e-07	1.129793e-13
3.79384456e-07	1.151086e-13
3.79763285e-07	1.172740e-13
3.80142493e-07	1.194792e-13
3.80522079e-07	1.217206e-13
3.80902045e-07	1.240015e-13
3.81282390e-07	1.263223e-13
3.81663114e-07	1.286797e-13
3.82044219e-07	1.310798e-13
3.82425704e-07	1.335253e-13
3.82807570e-07	1.360093e-13
3.83189818e-07	1.385364e-13
3.83572447e-07	1.411038e-13
3.83955458e-07	1.437195e-13
3.84338852e-07	1.463761e-13
3.84722629e-07	1.490782e-13
3.85106789e-07	1.518300e-13
3.85491332e-07	1.546262e-13
3.85876259e-07	1.574695e-13
3.86261571e-07	1.603610e-13
3.86647268e-07	1.632991e-13
3.87033349e-07	1.662904e-13
3.87419816e-07	1.693300e-13
3.87806669e-07	1.724196e-13
3.88193909e-07	1.755642e-13
3.88581535e-07	1.787546e-13
3.88969548e-07	1.820059e-13
3.89357948e-07	1.853107e-13
3.89746737e-07	1.886648e-13
3.90135913e-07	1.920826e-13
3.90525478e-07	1.955496e-13
3.90915433e-07	1.990760e-13
3.91305776e-07	2.026635e-13
3.91696509e-07	2.063138e-13
3.92087633e-07	2.100182e-13
3.92479147e-07	2.137849e-13
3.92871052e-07	2.176128e-13
3.93263348e-07	2.215061e-13
3.93656036e-07	2.254615e-13
3.94049116e-07	2.294792e-13
3.94442589e-07	2.335596e-13
3.94836455e-07	2.377210e-13
3.95230713e-07	2.419264e-13
3.95625366e-07	2.462158e-13
3.96020412e-07	2.505770e-13
3.96415854e-07	2.550219e-13
3.96811689e-07	2.595201e-13
3.97207921e-07	2.640955e-13
3.97604547e-07	2.687432e-13
3.98001570e-07	2.734644e-13
3.98398990e-07	2.782533e-13
3.98796806e-07	2.831401e-13
3.99195019e-07	2.880813e-13
3.99593630e-07	2.931330e-13
3.99992639e-07	2.982395e-13
4.00392047e-07	3.034336e-13
4.00791853e-07	3.087213e-13
4.01192059e-07	3.140812e-13
4.01592664e-07	3.195334e-13
4.01993669e-07	3.250651e-13
4.02395074e-07	3.306806e-13
4.02796881e-07	3.363977e-13
4.03199088e-07	3.422005e-13
4.03601698e-07	3.480818e-13
4.04004709e-07	3.540778e-13
4.04408123e-07	3.601536e-13
4.04811939e-07	3.663090e-13
4.05216159e-07	3.725958e-13
4.05620782e-07	3.789749e-13
4.06025810e-07	3.854377e-13
4.06431241e-07	3.919696e-13
4.06837078e-07	3.986721e-13
4.07243320e-07	4.054395e-13
4.07649967e-07	4.123430e-13
4.08057021e-07	4.193276e-13
4.08464481e-07	4.264268e-13
4.08872348e-07	4.336107e-13
4.09280622e-07	4.409488e-13
4.09689304e-07	4.483721e-13
4.10098394e-07	4.559125e-13
4.10507892e-07	4.635054e-13
4.10917800e-07	4.713433e-13
4.11328116e-07	4.787231e-13
4.11738843e-07	4.872309e-13
4.12149979e-07	4.952008e-13
4.12561526e-07	5.036112e-13
4.12973484e-07	5.120320e-13
4.13385854e-07	5.205595e-13
4.13798635e-07	5.291854e-13
4.14211828e-07	5.379228e-13
4.14625434e-07	5.467764e-13
4.15039453e-07	5.559038e-13
4.15453885e-07	5.650535e-13
4.15868731e-07	5.743557e-13
4.16283991e-07	5.838773e-13
4.16699666e-07	5.934424e-13
4.17115756e-07	6.032037e-13
4.17532262e-07	6.130510e-13
4.17949183e-07	6.231061e-13
4.18366521e-07	6.332853e-13
4.18784276e-07	6.435348e-13
4.19202447e-07	6.540765e-13
4.19621036e-07	6.645581e-13
4.20040044e-07	6.755575e-13
4.20459469e-07	6.865039e-13
4.20879314e-07	6.975287e-13
4.21299577e-07	7.089214e-13
4.21720260e-07	7.199869e-13
4.22141364e-07	7.317029e-13
4.22562887e-07	7.437279e-13
4.22984832e-07	7.550402e-13
4.23407198e-07	7.676752e-13
4.23829986e-07	7.798997e-13
4.24253196e-07	7.925044e-13
4.24676828e-07	8.053543e-13
4.25100884e-07	8.181838e-13
4.25525363e-07	8.311554e-13
4.25950266e-07	8.445063e-13
4.26375593e-07	8.578964e-13
4.26801345e-07	8.716010e-13
4.27227522e-07	8.852748e-13
4.27654124e-07	8.993851e-13
4.28081153e-07	9.135541e-13
4.28508608e-07	9.280469e-13
4.28936489e-07	9.424367e-13
4.29364798e-07	9.571213e-13
4.29793535e-07	9.725544e-13
4.30222700e-07	9.878369e-13
4.30652293e-07	1.003243e-12
4.31082315e-07	1.018940e-12
4.31512767e-07	1.035022e-12
4.31943648e-07	1.051139e-12
4.32374960e-07	1.067520e-12
4.32806703e-07	1.084035e-12
4.33238876e-07	1.100648e-12
4.33671481e-07	1.117974e-12
4.34104518e-07	1.135353e-12
4.34537988e-07	1.152684e-12
4.34971890e-07	1.170569e-12
4.35406226e-07	1.188769e-12
4.35840995e-07	1.206695e-12
4.36276198e-07	1.225577e-12
4.36711836e-07	1.244117e-12
4.37147909e-07	1.263354e-12
4.37584417e-07	1.283054e-12
4.38021362e-07	1.302637e-12
4.38458742e-07	1.322361e-12
4.38896560e-07	1.342707e-12
4.39334814e-07	1.362782e-12
4.39773506e-07	1.383630e-12
4.40212636e-07	1.404965e-12
4.40652205e-07	1.426293e-12
4.41092212e-07	1.447730e-12
4.41532659e-07	1.469575e-12
4.41973546e-07	1.491658e-12
4.42414873e-07	1.514298e-12
4.42856641e-07	1.536469e-12
4.43298849e-07	1.559322e-12
4.43741500e-07	1.583564e-12
4.44184592e-07	1.607259e-12
4.44628127e-07	1.631448e-12
4.45072105e-07	1.655809e-12
4.45516526e-07	1.680378e-12
4.45961390e-07	1.694975e-12
4.46406699e-07	1.731048e-12
4.46852453e-07	1.756820e-12
4.47298652e-07	1.782694e-12
4.47745296e-07	1.809537e-12
4.48192386e-07	1.836314e-12
4.48639923e-07	1.860459e-12
4.49087906e-07	1.890484e-12
4.49536337e-07	1.919049e-12
4.49985216e-07	1.947091e-12
4.50434543e-07	1.975702e-12
4.50884319e-07	2.004476e-12
4.51334543e-07	2.033918e-12
4.51785218e-07	2.063478e-12
4.52236342e-07	2.093327e-12
4.52687917e-07	2.124503e-12
4.53139942e-07	2.155366e-12
4.53592419e-07	2.187001e-12
4.54045348e-07	2.218499e-12
4.54498729e-07	2.248503e-12
4.54952563e-07	2.283884e-12
4.55406850e-07	2.317117e-12
4.55861591e-07	2.350280e-12
4.56316785e-07	2.384619e-12
4.56772435e-07	2.419320e-12
4.57228539e-07	2.453845e-12
4.57685098e-07	2.488862e-12
4.58142114e-07	2.524481e-12
4.58599586e-07	2.560728e-12
4.59057514e-07	2.596916e-12
4.59515900e-07	2.635017e-12
4.59974744e-07	2.672689e-12
4.60434046e-07	2.710207e-12
4.60893806e-07	2.748453e-12
4.61354026e-07	2.788783e-12
4.61814705e-07	2.828282e-12
4.62275844e-07	2.868322e-12
4.62737444e-07	2.908556e-12
4.63199504e-07	2.950099e-12
4.63662026e-07	2.991609e-12
4.64125010e-07	3.033442e-12
4.64588456e-07	3.075208e-12
4.65052364e-07	3.118604e-12
4.65516737e-07	3.161000e-12
4.65981572e-07	3.208504e-12
4.66446872e-07	3.251756e-12
4.66912637e-07	3.294607e-12
4.67378866e-07	3.344281e-12
4.67845561e-07	3.388287e-12
4.68312722e-07	3.438685e-12
4.68780350e-07	3.477922e-12
4.69248445e-07	3.534998e-12
4.69717007e-07	3.580924e-12
4.70186036e-07	3.634187e-12
4.70655535e-07	3.682326e-12
4.71125502e-07	3.722139e-12
4.71595938e-07	3.786536e-12
4.72066844e-07	3.838754e-12
4.72538220e-07	3.890696e-12
4.73010067e-07	3.944625e-12
4.73482385e-07	3.999358e-12
4.73955175e-07	4.045681e-12
4.74428437e-07	4.108864e-12
4.74902171e-07	4.162373e-12
4.75376378e-07	4.218090e-12
4.75851059e-07	4.274123e-12
4.76326214e-07	4.337951e-12
4.76801844e-07	4.399295e-12
4.77277948e-07	4.453226e-12
4.77754528e-07	4.511082e-12
4.78231583e-07	4.576723e-12
4.78709115e-07	4.640218e-12
4.79187124e-07	4.702027e-12
4.79665610e-07	4.763491e-12
4.80144574e-07	4.814360e-12
4.80624016e-07	4.895540e-12
4.81103937e-07	4.957478e-12
4.81584337e-07	5.025965e-12
4.82065217e-07	5.090693e-12
4.82546577e-07	5.166410e-12
4.83028417e-07	5.224713e-12
4.83510739e-07	5.265714e-12
4.83993543e-07	5.356132e-12
4.84476828e-07	5.421118e-12
4.84960596e-07	5.505665e-12
4.85444847e-07	5.580908e-12
4.85929582e-07	5.663869e-12
4.86414801e-07	5.735297e-12
4.86900504e-07	5.812043e-12
4.87386692e-07	5.887417e-12
4.87873366e-07	5.917720e-12
4.88360525e-07	6.048177e-12
4.88848171e-07	6.122212e-12
4.89336304e-07	6.199644e-12
4.89824925e-07	6.226139e-12
4.90314033e-07	6.368453e-12
4.90803630e-07	6.443265e-12
4.91293716e-07	6.537860e-12
4.91784291e-07	6.624517e-12
4.92275355e-07	6.708557e-12
4.92766911e-07	6.790835e-12
4.93258957e-07	6.891500e-12
4.93751494e-07	6.978011e-12
4.94244523e-07	7.047872e-12
4.94738045e-07	7.152978e-12
4.95232059e-07	7.247430e-12
4.95726566e-07	7.344218e-12
4.96221568e-07	7.434358e-12
4.96717063e-07	7.527324e-12
4.97213054e-07	7.615190e-12
4.97709539e-07	7.719159e-12
4.98206521e-07	7.827769e-12
4.98703999e-07	7.922332e-12
4.99201973e-07	8.016806e-12
4.99700445e-07	8.123355e-12
5.00199414e-07	8.240330e-12
5.00698882e-07	8.352121e-12
5.01198848e-07	8.442892e-12
5.01699314e-07	8.551621e-12
5.02200279e-07	8.651387e-12
5.02701745e-07	8.780328e-12
5.03203711e-07	8.866547e-12
5.03706178e-07	8.987896e-12
5.04209148e-07	9.119902e-12
5.04712619e-07	9.219346e-12
5.05216594e-07	9.348534e-12
5.05721071e-07	9.444176e-12
5.06226052e-07	9.586483e-12
5.06731538e-07	9.677911e-12
5.07237528e-07	9.809931e-12
5.07744023e-07	9.949826e-12
5.08251025e-07	1.005048e-11
5.08758532e-07	1.016012e-11
5.09266546e-07	1.032595e-11
5.09775068e-07	1.045729e-11
5.10284097e-07	1.056921e-11
5.10793635e-07	1.060234e-11
5.11303681e-07	1.081807e-11
5.11814237e-07	1.094605e-11
5.12325302e-07	1.099179e-11
5.12836878e-07	1.120992e-11
5.13348965e-07	1.133138e-11
5.13861563e-07	1.150991e-11
5.14374672e-07	1.161733e-11
5.14888295e-07	1.182934e-11
5.15402430e-07	1.196641e-11
5.15917078e-07	1.211673e-11
5.16432240e-07	1.224779e-11
5.16947917e-07	1.239074e-11
5.17464109e-07	1.254715e-11
5.17980816e-07	1.270684e-11
5.18498039e-07	1.289041e-11
5.19015778e-07	1.303428e-11
5.19534035e-07	1.321450e-11
5.20052809e-07	1.337432e-11
5.20572101e-07	1.350417e-11
5.21091911e-07	1.368952e-11
5.21612241e-07	1.384838e-11
5.22133090e-07	1.404727e-11
5.22654459e-07	1.419199e-11
5.23176349e-07	1.435409e-11
5.23698760e-07	1.454520e-11
5.24221693e-07	1.461045e-11
5.24745148e-07	1.486907e-11
5.25269125e-07	1.507618e-11
5.25793626e-07	1.526781e-11
5.26318650e-07	1.545629e-11
5.26844199e-07	1.558441e-11
5.27370272e-07	1.580327e-11
5.27896871e-07	1.584160e-11
5.28423996e-07	1.621151e-11
5.28951647e-07	1.638986e-11
5.29479824e-07	1.655231e-11
5.30008530e-07	1.679574e-11
5.30537763e-07	1.698988e-11
5.31067524e-07	1.716223e-11
5.31597815e-07	1.738839e-11
5.32128635e-07	1.760526e-11
5.32659985e-07	1.776332e-11
5.33191866e-07	1.798633e-11
5.33724278e-07	1.821770e-11
5.34257221e-07	1.841163e-11
5.34790697e-07	1.864098e-11
5.35324705e-07	1.887691e-11
5.35859247e-07	1.906269e-11
5.36394322e-07	1.919525e-11
5.36929932e-07	1.955987e-11
5.37466076e-07	1.976725e-11
5.38002756e-07	2.003031e-11
5.38539972e-07	2.021882e-11
5.39077724e-07	2.034584e-11
5.39616013e-07	2.043332e-11
5.40154839e-07	2.078294e-11
5.40694204e-07	2.110276e-11
5.41234107e-07	2.141520e-11
5.41774550e-07	2.155445e-11
5.42315532e-07	2.165685e-11
5.42857054e-07	2.200479e-11
5.43399117e-07	2.203637e-11
5.43941721e-07	2.218284e-11
5.44484867e-07	2.289723e-11
5.45028555e-07	2.311800e-11
5.45572786e-07	2.346959e-11
5.46117561e-07	2.360269e-11
5.46662879e-07	2.371459e-11
5.47208743e-07	2.415972e-11
5.47755151e-07	2.450811e-11
5.48302105e-07	2.468080e-11
5.48849605e-07	2.509360e-11
5.49397651e-07	2.536150e-11
5.49946245e-07	2.572471e-11
5.50495387e-07	2.585582e-11
5.51045077e-07	2.632119e-11
5.51595316e-07	2.630121e-11
5.52146104e-07	2.693624e-11
5.52697443e-07	2.689956e-11
5.53249331e-07	2.745033e-11
5.53801771e-07	2.730693e-11
5.54354763e-07	2.798858e-11
5.54908307e-07	2.848630e-11
5.55462403e-07	2.867790e-11
5.56017053e-07	2.901717e-11
5.56572257e-07	2.902753e-11
5.57128015e-07	2.952217e-11
5.57684328e-07	2.980406e-11
5.58241196e-07	3.042117e-11
5.58798621e-07	3.080121e-11
5.59356602e-07	3.108224e-11
5.59915140e-07	3.143036e-11
5.60474236e-07	3.166145e-11
5.61033890e-07	3.209054e-11
5.61594104e-07	3.232949e-11
5.62154876e-07	3.292102e-11
5.62716209e-07	3.314164e-11
5.63278102e-07	3.358694e-11
5.63840556e-07	3.374099e-11
5.64403571e-07	3.427771e-11
5.64967149e-07	3.473938e-11
5.65531290e-07	3.496948e-11
5.66095994e-07	3.517083e-11
5.66661262e-07	3.578904e-11
5.67227094e-07	3.611411e-11
5.67793491e-07	3.623518e-11
5.68360454e-07	3.526077e-11
5.68927983e-07	3.698905e-11
5.69496079e-07	3.747784e-11
5.70064741e-07	3.786554e-11
5.70633972e-07	3.802272e-11
5.71203771e-07	3.831451e-11
5.71774140e-07	3.839609e-11
5.72345077e-07	3.913328e-11
5.72916585e-07	4.019839e-11
5.73488663e-07	4.072532e-11
5.74061313e-07	4.087933e-11
5.74634535e-07	4.111578e-11
5.75208328e-07	4.150974e-11
5.75782695e-07	4.229577e-11
5.76357636e-07	4.253527e-11
5.76933150e-07	4.325258e-11
5.77509239e-07	4.360680e-11
5.78085904e-07	4.324112e-11
5.78663144e-07	4.416748e-11
5.79240960e-07	4.410744e-11
5.79819354e-07	4.536678e-11
5.80398325e-07	4.501058e-11
5.80977874e-07	4.605941e-11
5.81558002e-07	4.543537e-11
5.82138709e-07	4.758902e-11
5.82719997e-07	4.761128e-11
5.83301864e-07	4.823371e-11
5.83884313e-07	4.758171e-11
5.84467343e-07	4.846566e-11
5.85050955e-07	4.927678e-11
5.85635150e-07	5.022441e-11
5.86219928e-07	4.970663e-11
5.86805291e-07	4.855782e-11
5.87391238e-07	5.147732e-11
5.87977770e-07	5.166991e-11
5.88564887e-07	5.215911e-11
5.89152591e-07	4.773968e-11
5.89740882e-07	5.197171e-11
5.90329760e-07	5.107406e-11
5.90919226e-07	5.407184e-11
5.91509281e-07	5.486553e-11
5.92099925e-07	5.290834e-11
5.92691158e-07	5.550231e-11
5.93282982e-07	5.575259e-11
5.93875397e-07	5.625937e-11
5.94468404e-07	5.677797e-11
5.95062003e-07	5.701919e-11
5.95656194e-07	5.882915e-11
5.96250979e-07	5.895130e-11
5.96846358e-07	5.640227e-11
5.97442331e-07	5.971999e-11
5.98038899e-07	5.985765e-11
5.98636063e-07	6.192481e-11
5.99233823e-07	6.091832e-11
5.99832181e-07	6.294233e-11
6.00431135e-07	5.723682e-11
6.01030688e-07	6.363121e-11
6.01630839e-07	6.367254e-11
6.02231590e-07	6.367734e-11
6.02832941e-07	6.609539e-11
6.03434892e-07	6.702323e-11
6.04037444e-07	6.551542e-11
6.04640598e-07	6.432772e-11
6.05244354e-07	6.746420e-11
6.05848713e-07	6.792690e-11
6.06453675e-07	6.868762e-11
6.07059241e-07	7.079687e-11
6.07665413e-07	7.124800e-11
6.08272189e-07	7.281879e-11
6.08879571e-07	7.413334e-11
6.09487560e-07	7.463629e-11
6.10096156e-07	7.560518e-11
6.10705360e-07	7.458672e-11
6.11315172e-07	7.715266e-11
6.11925592e-07	7.753364e-11
6.12536623e-07	7.710134e-11
6.13148263e-07	7.990641e-11
6.13760515e-07	7.957770e-11
6.14373377e-07	7.819562e-11
6.14986852e-07	8.144666e-11
6.15600939e-07	8.288385e-11
6.16215639e-07	8.252595e-11
6.16830953e-07	8.110668e-11
6.17446882e-07	8.479239e-11
6.18063426e-07	8.557896e-11
6.18680585e-07	8.729791e-11
6.19298360e-07	8.657200e-11
6.19916753e-07	8.662249e-11
6.20535763e-07	8.920347e-11
6.21155390e-07	8.831231e-11
6.21775637e-07	9.212985e-11
6.22396503e-07	9.174812e-11
6.23017989e-07	9.341380e-11
6.23640096e-07	9.194985e-11
6.24262823e-07	9.377488e-11
6.24886173e-07	9.498714e-11
6.25510145e-07	9.651646e-11
6.26134740e-07	9.412362e-11
6.26759959e-07	9.508373e-11
6.27385802e-07	9.717265e-11
6.28012270e-07	9.608543e-11
6.28639363e-07	9.762873e-11
6.29267083e-07	1.026368e-10
6.29895429e-07	1.015736e-10
6.30524403e-07	1.006087e-10
6.31154005e-07	1.016670e-10
6.31784236e-07	1.032130e-10
6.32415096e-07	1.015705e-10
6.33046586e-07	1.003489e-10
6.33678706e-07	1.086822e-10
6.34311458e-07	1.093144e-10
6.34944842e-07	1.089625e-10
6.35578858e-07	1.111858e-10
6.36213507e-07	1.129802e-10
6.36848789e-07	1.133243e-10
6.37484706e-07	1.102769e-10
6.38121259e-07	1.128502e-10
6.38758446e-07	1.127529e-10
6.39396270e-07	1.170156e-10
6.40034731e-07	1.177657e-10
6.40673830e-07	1.174793e-10
6.41313566e-07	1.179589e-10
6.41953941e-07	1.197670e-10
6.42594956e-07	1.219593e-10
6.43236611e-07	1.189854e-10
6.43878907e-07	1.205308e-10
6.44521844e-07	1.164057e-10
6.45165423e-07	1.237261e-10
6.45809644e-07	1.249296e-10
6.46454509e-07	1.240896e-10
6.47100018e-07	1.204707e-10
6.47746171e-07	1.208685e-10
6.48392970e-07	1.253101e-10
6.49040414e-07	1.320505e-10
6.49688505e-07	1.288796e-10
6.50337243e-07	1.339817e-10
6.50986629e-07	1.333323e-10
6.51636663e-07	1.241360e-10
6.52287347e-07	1.294008e-10
6.52938680e-07	1.290725e-10
6.53590663e-07	1.343548e-10
6.54243298e-07	1.356343e-10
6.54896584e-07	1.403735e-10
6.55550522e-07	1.389733e-10
6.56205114e-07	1.324961e-10
6.56860359e-07	1.364304e-10
6.57516258e-07	1.303698e-10
6.58172813e-07	1.427366e-10
6.58830023e-07	9.790829e-11
6.59487889e-07	1.314341e-10
6.60146412e-07	1.455139e-10
6.60805592e-07	1.530683e-10
6.61465431e-07	1.491349e-10
6.62125929e-07	1.533748e-10
6.62787086e-07	9.623500e-11
6.63448904e-07	1.276969e-10
6.64111382e-07	1.565800e-10
6.64774522e-07	1.433486e-10
6.65438324e-07	1.551287e-10
6.66102789e-07	1.582908e-10
6.66767917e-07	1.526515e-10
6.67433710e-07	1.509015e-10
6.68100167e-07	1.605150e-10
6.68767290e-07	1.637762e-10
6.69435079e-07	1.652893e-10
6.70103534e-07	1.684844e-10
6.70772657e-07	1.574263e-10
6.71442449e-07	1.724960e-10
6.72112909e-07	1.668959e-10
6.72784039e-07	1.756936e-10
6.73455838e-07	1.764943e-10
6.74128309e-07	1.615743e-10
6.74801451e-07	1.599724e-10
6.75475265e-07	1.735996e-10
6.76149752e-07	1.833118e-10
6.76824913e-07	1.651401e-10
6.77500748e-07	1.809333e-10
6.78177257e-07	1.839134e-10
6.78854443e-07	1.824358e-10
6.79532304e-07	1.813877e-10
6.80210842e-07	1.877028e-10
6.80890058e-07	1.893553e-10
6.81569952e-07	1.822727e-10
6.82250525e-07	1.862714e-10
6.82931777e-07	1.976193e-10
6.83613710e-07	1.952534e-10
6.84296323e-07	1.976356e-10
6.84979619e-07	2.019680e-10
6.85663596e-07	1.938828e-10
6.86348257e-07	2.032480e-10
6.87033601e-07	2.034264e-10
6.87719629e-07	1.445489e-10
6.88406343e-07	1.913494e-10
6.89093742e-07	2.030276e-10
6.89781828e-07	2.015605e-10
6.90470600e-07	1.991199e-10
6.91160061e-07	1.880708e-10
6.91850210e-07	1.848111e-10
6.92541048e-07	1.465022e-10
6.93232576e-07	1.846177e-10
6.93924794e-07	1.970889e-10
6.94617704e-07	1.920071e-10
6.95311305e-07	1.975616e-10
6.96005599e-07	2.018146e-10
6.96700587e-07	1.990011e-10
6.97396268e-07	2.018231e-10
6.98092644e-07	2.079548e-10
6.98789716e-07	2.150275e-10
6.99487483e-07	2.190442e-10
7.00185947e-07	2.018359e-10
7.00885109e-07	2.020137e-10
7.01584968e-07	2.209036e-10
7.02285527e-07	2.149124e-10
7.02986785e-07	2.012120e-10
7.03688744e-07	2.153112e-10
7.04391403e-07	2.117155e-10
7.05094764e-07	2.085199e-10
7.05798827e-07	2.352291e-10
7.06503593e-07	2.319460e-10
7.07209063e-07	1.962322e-10
7.07915238e-07	2.282763e-10
7.08622117e-07	2.235041e-10
7.09329703e-07	1.874846e-10
7.10037995e-07	2.252027e-10
7.10746994e-07	2.067359e-10
7.11456701e-07	2.344560e-10
7.12167117e-07	1.981743e-10
7.12878242e-07	2.225923e-10
7.13590078e-07	2.241314e-10
7.14302624e-07	2.018554e-10
7.15015881e-07	2.217165e-10
7.15729851e-07	1.991163e-10
7.16444534e-07	1.987716e-10
7.17159931e-07	2.165573e-10
7.17876041e-07	2.054443e-10
7.18592867e-07	2.092812e-10
7.19310409e-07	2.053112e-10
7.20028667e-07	2.107020e-10
7.20747642e-07	1.992719e-10
7.21467335e-07	1.731179e-10
7.22187747e-07	2.140032e-10
7.22908878e-07	2.158775e-10
7.23630730e-07	1.618932e-10
7.24353302e-07	1.929278e-10
7.25076595e-07	2.154957e-10
7.25800611e-07	2.025189e-10
7.26525350e-07	1.996418e-10
7.27250813e-07	2.180023e-10
7.27976999e-07	2.342077e-10
7.28703911e-07	2.198396e-10
7.29431549e-07	2.113861e-10
7.30159914e-07	1.972642e-10
7.30889005e-07	1.917938e-10
7.31618825e-07	2.391457e-10
7.32349374e-07	1.973346e-10
7.33080652e-07	2.300652e-10
7.33812660e-07	2.314987e-10
7.34545399e-07	2.390787e-10
7.35278870e-07	2.364982e-10
7.36013073e-07	2.297441e-10
7.36748009e-07	1.749186e-10
7.37483680e-07	2.358555e-10
7.38220084e-07	2.234077e-10
7.38957224e-07	2.450986e-10
7.39695101e-07	2.693797e-10
7.40433714e-07	2.241152e-10
7.41173064e-07	2.312694e-10
7.41913153e-07	1.812810e-10
7.42653981e-07	2.495716e-10
7.43395548e-07	2.628624e-10
7.44137856e-07	7.793186e-11
7.44880905e-07	2.574588e-10
7.45624697e-07	1.545342e-10
7.46369230e-07	2.391611e-10
7.47114508e-07	2.184716e-10
7.47860529e-07	2.707270e-10
7.48607296e-07	2.478220e-10
7.49354808e-07	2.757888e-10
7.50103066e-07	2.717912e-10
7.50852072e-07	2.190755e-10
7.51601826e-07	2.385055e-10
7.52352328e-07	2.537652e-10
7.53103580e-07	2.368497e-10
7.53855582e-07	2.605423e-10
7.54608334e-07	2.741566e-10
7.55361839e-07	2.761724e-10
7.56116095e-07	2.679718e-10
7.56871105e-07	2.577229e-10
7.57626869e-07	2.751967e-10
7.58383388e-07	2.848601e-10
7.59140662e-07	2.553429e-10
7.59898692e-07	2.798332e-10
7.60657479e-07	2.702778e-10
7.61417023e-07	3.004114e-10
7.62177326e-07	3.098525e-10
7.62938389e-07	3.194768e-10
7.63700211e-07	3.249322e-10
7.64462794e-07	3.196653e-10
7.65226138e-07	2.842859e-10
7.65990245e-07	3.205518e-10
7.66755115e-07	3.253530e-10
7.67520748e-07	3.072456e-10
7.68287146e-07	3.363180e-10
7.69054309e-07	3.188855e-10
7.69822238e-07	2.979838e-10
7.70590934e-07	2.869444e-10
7.71360398e-07	3.191653e-10
7.72130630e-07	2.992774e-10
7.72901631e-07	3.560070e-10
7.73673402e-07	3.291872e-10
7.74445944e-07	3.416882e-10
7.75219257e-07	3.450602e-10
7.75993342e-07	3.550619e-10
7.76768200e-07	3.487014e-10
7.77543832e-07	3.265168e-10
7.78320238e-07	3.538363e-10
7.79097420e-07	3.139264e-10
7.79875377e-07	3.596745e-10
7.80654112e-07	3.744123e-10
7.81433624e-07	3.655227e-10
7.82213914e-07	3.743869e-10
7.82994984e-07	3.800638e-10
7.83776833e-07	3.383043e-10
7.84559463e-07	3.565019e-10
7.85342875e-07	3.699675e-10
7.86127069e-07	3.808340e-10
7.86912046e-07	3.333390e-10
7.87697807e-07	3.854869e-10
7.88484352e-07	3.697667e-10
7.89271683e-07	3.692125e-10
7.90059800e-07	3.701485e-10
7.90848704e-07	3.976660e-10
7.91638396e-07	4.000821e-10
7.92428876e-07	4.057844e-10
7.93220146e-07	4.052379e-10
7.94012205e-07	4.058689e-10
7.94805056e-07	4.060893e-10
7.95598698e-07	4.139233e-10
7.96393133e-07	3.940202e-10
7.97188361e-07	4.322798e-10
7.97984383e-07	4.036598e-10
7.98781200e-07	4.159616e-10
7.99578813e-07	4.253755e-10
8.00377222e-07	4.014023e-10
8.01176428e-07	4.222570e-10
8.01976433e-07	4.271064e-10
8.02777236e-07	4.293420e-10
8.03578839e-07	3.557661e-10
8.04381242e-07	3.968145e-10
8.05184446e-07	4.240953e-10
8.05988453e-07	3.900545e-10
8.06793262e-07	2.923294e-10
8.07598875e-07	2.601460e-10
8.08405293e-07	3.806392e-10
8.09212515e-07	3.338118e-10
8.10020544e-07	3.499010e-10
8.10829379e-07	3.154742e-10
8.11639023e-07	3.122279e-10
8.12449474e-07	2.606458e-10
8.13260735e-07	2.798648e-10
8.14072806e-07	3.720732e-10
8.14885688e-07	2.416729e-10
8.15699382e-07	2.562567e-10
8.16513888e-07	3.923751e-10
8.17329207e-07	3.919876e-10
8.18145341e-07	3.995634e-10
8.18962289e-07	3.748312e-10
8.19780053e-07	3.592979e-10
8.20598634e-07	3.555951e-10
8.21418032e-07	4.064245e-10
8.22238248e-07	4.211785e-10
8.23059284e-07	5.853498e-11
8.23881139e-07	3.830265e-10
8.24703815e-07	3.185612e-10
8.25527312e-07	4.102094e-10
8.26351632e-07	3.689751e-10
8.27176774e-07	4.174576e-10
8.28002741e-07	4.798830e-10
8.28829533e-07	3.221999e-10
8.29657150e-07	2.814521e-10
8.30485593e-07	4.464565e-10
8.31314864e-07	3.813626e-10
8.32144962e-07	4.927598e-10
8.32975890e-07	4.833823e-10
8.33807647e-07	4.466344e-10
8.34640235e-07	2.949781e-10
8.35473654e-07	2.022869e-10
8.36307906e-07	3.682438e-10
8.37142990e-07	3.948708e-10
8.37978908e-07	4.283513e-10
8.38815661e-07	3.261991e-10
8.39653250e-07	4.451765e-10
8.40491675e-07	3.619705e-10
8.41330937e-07	3.943534e-10
8.42171037e-07	4.197535e-10
8.43011976e-07	4.085444e-10
8.43853755e-07	4.246510e-10
8.44696374e-07	4.807147e-10
8.45539834e-07	4.383726e-10
8.46384137e-07	2.462660e-10
8.47229283e-07	4.398656e-10
8.48075273e-07	4.322217e-10
8.48922108e-07	4.850290e-10
8.49769788e-07	4.827069e-10
8.50618314e-07	4.482543e-10
8.51467688e-07	4.686884e-10
8.52317910e-07	4.594800e-10
8.53168981e-07	4.988749e-10
8.54020902e-07	5.118377e-10
8.54873674e-07	4.461171e-10
8.55727297e-07	3.576416e-10
8.56581772e-07	4.044478e-10
8.57437101e-07	4.605375e-10
8.58293284e-07	4.589391e-10
8.59150321e-07	5.247639e-10
8.60008215e-07	4.304812e-10
8.60866965e-07	5.323764e-10
8.61726572e-07	5.219655e-10
8.62587038e-07	5.311776e-10
8.63448363e-07	5.268520e-10
8.64310548e-07	5.349418e-10
8.65173595e-07	5.341781e-10
8.66037502e-07	5.194070e-10
8.66902273e-07	5.904670e-10
8.67767907e-07	5.132139e-10
8.68634405e-07	6.266926e-10
8.69501769e-07	5.097807e-10
8.70369999e-07	5.201202e-10
8.71239096e-07	3.855247e-10
8.72109060e-07	6.096453e-10
8.72979893e-07	5.977017e-10
8.73851596e-07	6.398076e-10
8.74724169e-07	6.144835e-10
8.75597614e-07	5.581279e-10
8.76471930e-07	6.116420e-10
8.77347120e-07	6.762977e-10
8.78223184e-07	5.542497e-10
8.79100122e-07	6.500520e-10
8.79977936e-07	6.639120e-10
8.80856627e-07	6.045177e-10
8.81736195e-07	6.231250e-10
8.82616641e-07	6.566105e-10
8.83497966e-07	5.990545e-10
8.84380172e-07	6.314205e-10
8.85263258e-07	6.860094e-10
8.86147226e-07	6.108509e-10
8.87032077e-07	5.905501e-10
8.87917812e-07	6.549675e-10
8.88804430e-07	6.220257e-10
8.89691935e-07	6.461393e-10
8.90580325e-07	6.824036e-10
8.91469602e-07	5.219091e-10
8.92359768e-07	5.371898e-10
8.93250822e-07	5.503795e-10
8.94142766e-07	6.616047e-10
8.95035601e-07	5.882013e-10
8.95929327e-07	5.787354e-10
8.96823946e-07	5.375162e-10
8.97719458e-07	2.632049e-10
8.98615864e-07	6.331475e-10
8.99513165e-07	6.547333e-10
9.00411362e-07	6.866151e-10
9.01310456e-07	6.459357e-10
9.02210448e-07	6.568179e-10
9.03111339e-07	5.722275e-10
9.04013129e-07	5.608195e-10
9.04915820e-07	6.273234e-10
9.05819412e-07	5.772338e-10
9.06723906e-07	6.918571e-10
9.07629303e-07	5.427550e-10
9.08535605e-07	7.311167e-10
9.09442811e-07	5.383161e-10
9.10350924e-07	6.600514e-10
9.11259943e-07	7.277548e-10
9.12169869e-07	6.679091e-10
9.13080705e-07	3.831533e-10
9.13992450e-07	7.163741e-10
9.14905105e-07	7.372287e-10
9.15818672e-07	1.132080e-10
9.16733151e-07	4.608427e-10
9.17648543e-07	2.925451e-10
9.18564849e-07	6.259735e-10
9.19482070e-07	4.666174e-10
9.20400207e-07	4.743728e-10
9.21319260e-07	4.884058e-10
9.22239232e-07	4.848825e-10
9.23160122e-07	2.614320e-10
9.24081931e-07	3.511232e-10
9.25004661e-07	7.065236e-10
9.25928313e-07	9.943305e-11
9.26852887e-07	5.100815e-10
9.27778384e-07	3.064405e-10
9.28704805e-07	8.601863e-11
9.29632151e-07	2.873156e-10
9.30560423e-07	5.543412e-10
9.31489622e-07	5.983682e-10
9.32419749e-07	1.122950e-10
9.33350805e-07	1.303493e-10
9.34282790e-07	2.817797e-10
9.35215706e-07	4.123546e-10
9.36149554e-07	3.973292e-10
9.37084334e-07	5.353521e-10
9.38020047e-07	4.652347e-11
9.38956695e-07	1.693248e-10
9.39894278e-07	3.435163e-10
9.40832797e-07	5.904453e-10
9.41772253e-07	9.126392e-11
9.42712648e-07	2.633440e-10
9.43653981e-07	1.603750e-10
9.44596255e-07	2.038628e-10
9.45539469e-07	4.331156e-10
9.46483625e-07	4.938354e-10
9.47428724e-07	2.358139e-10
9.48374767e-07	3.701645e-10
9.49321755e-07	3.542782e-10
9.50269687e-07	3.746175e-10
9.51218567e-07	5.020103e-10
9.52168394e-07	3.291608e-10
9.53119169e-07	3.033551e-10
9.54070894e-07	5.897139e-10
9.55023569e-07	5.214375e-10
9.55977196e-07	2.850410e-10
9.56931774e-07	1.403128e-10
9.57887306e-07	5.144340e-10
9.58843792e-07	4.779253e-10
9.59801233e-07	2.931005e-10
9.60759630e-07	1.849882e-10
9.61718984e-07	4.279668e-10
9.62679296e-07	1.712697e-10
9.63640567e-07	1.293302e-10
9.64602798e-07	4.914508e-10
9.65565990e-07	3.760491e-10
9.66530143e-07	5.277280e-10
9.67495259e-07	4.004000e-10
9.68461339e-07	2.214585e-10
9.69428384e-07	2.751698e-10
9.70396394e-07	6.194744e-10
9.71365371e-07	5.540853e-10
9.72335315e-07	4.722843e-10
9.73306228e-07	3.723137e-10
9.74278110e-07	1.507251e-10
9.75250963e-07	2.318115e-10
9.76224787e-07	5.310321e-10
9.77199584e-07	4.228009e-10
9.78175354e-07	4.063821e-10
9.79152098e-07	3.761523e-10
9.80129818e-07	5.845803e-10
9.81108514e-07	4.797993e-10
9.82088187e-07	4.757979e-10
9.83068838e-07	4.796865e-10
9.84050469e-07	4.164823e-10
9.85033080e-07	3.465456e-10
9.86016672e-07	3.962037e-10
9.87001246e-07	5.300413e-10
9.87986804e-07	3.748585e-10
9.88973345e-07	4.964624e-10
9.89960871e-07	4.665924e-10
9.90949384e-07	5.091324e-10
9.91938884e-07	4.739628e-10
9.92929371e-07	5.109200e-10
9.93920848e-07	6.586507e-10
9.94913315e-07	5.278066e-10
9.95906773e-07	4.851785e-10
9.96901223e-07	4.728437e-10
9.97896665e-07	6.377035e-10
9.98893102e-07	6.663234e-10
9.99890534e-07	6.295316e-10
1.00088896e-06	3.980289e-10
1.00188839e-06	4.076490e-10
1.00288881e-06	5.734493e-10
1.00389023e-06	6.798059e-10
1.00489265e-06	5.627867e-10
1.00589607e-06	5.515824e-10
1.00690050e-06	6.923866e-10
1.00790593e-06	6.329981e-10
1.00891236e-06	7.202618e-10
1.00991979e-06	7.023720e-10
1.01092824e-06	4.886980e-10
1.01193769e-06	7.044772e-10
1.01294814e-06	5.962992e-10
1.01395961e-06	6.783100e-10
1.01497209e-06	7.204886e-10
1.01598557e-06	7.560950e-10
1.01700007e-06	6.767510e-10
1.01801558e-06	6.794804e-10
1.01903211e-06	7.945229e-10
1.02004965e-06	5.133295e-10
1.02106821e-06	7.793979e-10
1.02208778e-06	7.770660e-10
1.02310838e-06	6.550948e-10
1.02412999e-06	7.189356e-10
1.02515262e-06	7.694596e-10
1.02617627e-06	6.726883e-10
1.02720095e-06	7.897350e-10
1.02822665e-06	7.320551e-10
1.02925337e-06	7.366598e-10
1.03028112e-06	7.444256e-10
1.03130989e-06	8.230039e-10
1.03233969e-06	7.717720e-10
1.03337052e-06	8.272655e-10
1.03440238e-06	8.926645e-10
1.03543527e-06	8.486884e-10
1.03646919e-06	8.992106e-10
1.03750414e-06	7.725599e-10
1.03854013e-06	8.274852e-10
1.03957715e-06	8.872620e-10
1.04061521e-06	8.996762e-10
1.04165430e-06	8.014428e-10
1.04269443e-06	8.058508e-10
1.04373560e-06	8.611232e-10
1.04477781e-06	8.379754e-10
1.04582106e-06	9.136640e-10
1.04686535e-06	7.379247e-10
1.04791068e-06	7.918568e-10
1.04895706e-06	8.734830e-10
1.05000448e-06	8.443514e-10
1.05105295e-06	8.122795e-10
1.05210246e-06	8.069598e-10
1.05315303e-06	9.826450e-10
1.05420464e-06	9.805665e-10
1.05525730e-06	1.030565e-09
1.05631102e-06	9.611555e-10
1.05736578e-06	1.009982e-09
1.05842160e-06	1.029698e-09
1.05947847e-06	9.204159e-10
1.06053640e-06	8.786515e-10
1.06159539e-06	9.800680e-10
1.06265543e-06	1.007709e-09
1.06371653e-06	9.680797e-10
1.06477869e-06	1.061890e-09
1.06584191e-06	9.777434e-10
1.06690619e-06	9.715334e-10
1.06797154e-06	1.008213e-09
1.06903795e-06	8.834733e-10
1.07010542e-06	1.056216e-09
1.07117396e-06	9.230780e-10
1.07224357e-06	1.100141e-09
1.07331424e-06	1.070843e-09
1.07438599e-06	1.156378e-09
1.07545880e-06	1.104068e-09
1.07653269e-06	9.642680e-10
1.07760765e-06	1.008597e-09
1.07868368e-06	6.411071e-10
1.07976078e-06	9.912665e-10
1.08083896e-06	1.086576e-09
1.08191822e-06	1.069090e-09
1.08299856e-06	1.110891e-09
1.08407997e-06	1.103656e-09
1.08516247e-06	1.027648e-09
1.08624604e-06	8.961951e-10
1.08733070e-06	9.137521e-10
1.08841644e-06	9.895217e-10
1.08950326e-06	8.243135e-10
1.09059117e-06	9.404787e-10
1.09168017e-06	4.272620e-10
1.09277025e-06	4.403445e-10
1.09386142e-06	4.704913e-10
1.09495368e-06	4.659019e-10
1.09604703e-06	2.814260e-10
1.09714148e-06	5.201756e-10
1.09823701e-06	7.804154e-10
1.09933364e-06	7.597799e-10
1.10043137e-06	4.602930e-10
1.10153019e-06	5.337863e-10
1.10263011e-06	5.701190e-10
1.10373113e-06	9.367065e-10
1.10483324e-06	6.439488e-10
1.10593646e-06	4.561172e-10
1.10704078e-06	7.029891e-10
1.10814620e-06	6.107929e-10
1.10925273e-06	5.639620e-10
1.11036036e-06	1.797047e-10
1.11146909e-06	6.307411e-10
1.11257893e-06	6.635472e-10
1.11368989e-06	6.379533e-10
1.11480195e-06	2.134325e-10
1.11591512e-06	7.515748e-10
1.11702940e-06	3.608755e-10
1.11814480e-06	7.208599e-10
1.11926130e-06	2.661115e-10
1.12037893e-06	1.102891e-10
1.12149767e-06	7.461226e-10
1.12261752e-06	7.590227e-10
1.12373850e-06	6.882946e-10
1.12486059e-06	6.808548e-10
1.12598381e-06	6.940436e-10
1.12710815e-06	7.646509e-10
1.12823361e-06	2.617869e-10
1.12936019e-06	1.882088e-10
1.13048790e-06	6.768600e-10
1.13161673e-06	4.684700e-10
1.13274669e-06	8.528950e-10
1.13387778e-06	7.861531e-10
1.13501000e-06	5.288994e-10
1.13614335e-06	5.823812e-10
1.13727783e-06	6.412816e-10
1.13841345e-06	8.651748e-10
1.13955019e-06	8.382541e-10
1.14068808e-06	7.484680e-10
1.14182710e-06	5.182160e-10
1.14296725e-06	5.848383e-10
1.14410855e-06	2.415587e-10
1.14525098e-06	6.734458e-10
1.14639456e-06	3.781721e-10
1.14753928e-06	5.843986e-10
1.14868514e-06	4.152284e-10
1.14983214e-06	2.637105e-10
1.15098029e-06	4.815017e-10
1.15212959e-06	8.436279e-10
1.15328003e-06	3.047432e-10
1.15443162e-06	4.077404e-10
1.15558437e-06	4.988774e-10
1.15673826e-06	7.656973e-10
1.15789331e-06	5.119485e-10
1.15904951e-06	7.209638e-10
1.16020686e-06	6.309382e-10
1.16136537e-06	6.384806e-10
1.16252504e-06	1.321138e-10
1.16368586e-06	1.436554e-10
1.16484784e-06	4.819785e-10
1.16601099e-06	7.082530e-10
1.16717529e-06	5.159912e-10
1.16834076e-06	1.619164e-10
1.16950739e-06	1.928959e-10
1.17067519e-06	4.405819e-10
1.17184415e-06	7.979000e-10
1.17301428e-06	6.395528e-10
1.17418558e-06	6.095165e-10
1.17535805e-06	7.310219e-10
1.17653168e-06	5.394741e-10
1.17770650e-06	5.150438e-10
1.17888248e-06	4.196564e-10
1.18005964e-06	3.867556e-10
1.18123797e-06	6.345976e-10
1.18241748e-06	1.604489e-10
1.18359817e-06	4.704271e-10
1.18478003e-06	5.825738e-10
1.18596308e-06	2.609159e-10
1.18714731e-06	9.645201e-10
1.18833272e-06	7.827953e-10
1.18951931e-06	4.406235e-10
1.19070709e-06	5.075567e-10
1.19189606e-06	6.942351e-10
1.19308621e-06	9.243687e-10
1.19427755e-06	7.721299e-10
1.19547008e-06	9.560756e-10
1.19666380e-06	8.634148e-10
1.19785872e-06	8.484152e-10
1.19905482e-06	5.416046e-10
1.20025212e-06	9.947713e-10
1.20145062e-06	8.987574e-10
1.20265031e-06	8.454334e-10
1.20385120e-06	1.115675e-09
1.20505329e-06	7.712461e-10
1.20625658e-06	7.573792e-10
1.20746108e-06	9.605871e-10
1.20866677e-06	9.923947e-10
1.20987367e-06	4.855132e-10
1.21108177e-06	9.200803e-10
1.21229108e-06	7.435017e-10
1.21350160e-06	9.331405e-10
1.21471333e-06	1.022299e-09
1.21592626e-06	7.186619e-10
1.21714041e-06	9.530302e-10
1.21835577e-06	1.098342e-09
1.21957234e-06	1.233197e-09
1.22079013e-06	7.925999e-10
1.22200914e-06	1.064594e-09
1.22322936e-06	9.084004e-10
1.22445080e-06	1.127102e-09
1.22567346e-06	9.776717e-10
1.22689734e-06	9.580037e-10
1.22812244e-06	1.070086e-09
1.22934876e-06	9.167845e-10
1.23057631e-06	8.727726e-10
1.23180509e-06	7.770230e-10
1.23303509e-06	1.102191e-09
1.23426633e-06	9.563716e-10
1.23549879e-06	9.694416e-10
1.23673248e-06	8.626669e-10
1.23796740e-06	1.058397e-09
1.23920356e-06	1.169838e-09
1.24044095e-06	1.025929e-09
1.24167957e-06	1.228494e-09
1.24291944e-06	9.953326e-10
1.24416054e-06	1.062084e-09
1.24540288e-06	1.323310e-09
1.24664646e-06	1.316588e-09
1.24789128e-06	1.293754e-09
1.24913735e-06	1.336027e-09
1.25038466e-06	1.365591e-09
1.25163321e-06	1.276900e-09
1.25288301e-06	1.371313e-09
1.25413407e-06	1.376734e-09
1.25538636e-06	9.706425e-10
1.25663991e-06	1.286814e-09
1.25789472e-06	1.152404e-09
1.25915077e-06	1.442501e-09
1.26040808e-06	1.030439e-09
1.26166664e-06	1.317716e-09
1.26292646e-06	1.454332e-09
1.26418754e-06	1.368996e-09
1.26544988e-06	1.386623e-09
1.26671348e-06	1.490502e-09
1.26797834e-06	1.540645e-09
1.26924446e-06	1.373191e-09
1.27051185e-06	6.756057e-10
1.27178050e-06	1.528047e-09
1.27305042e-06	1.246983e-09
1.27432161e-06	1.681170e-09
1.27559407e-06	1.464300e-09
1.27686780e-06	1.304506e-09
1.27814280e-06	1.527677e-09
1.27941907e-06	1.267806e-09
1.28069662e-06	1.291853e-09
1.28197544e-06	1.249798e-09
1.28325554e-06	7.234967e-10
1.28453692e-06	1.292166e-09
1.28581958e-06	1.447073e-09
1.28710351e-06	1.596191e-09
1.28838874e-06	1.447964e-09
1.28967524e-06	9.918021e-10
1.29096303e-06	1.441295e-09
1.29225210e-06	1.427143e-09
1.29354246e-06	1.704663e-09
1.29483411e-06	1.106236e-09
1.29612705e-06	1.446742e-09
1.29742128e-06	1.336656e-09
1.29871681e-06	1.576542e-09
1.30001362e-06	1.779588e-09
1.30131174e-06	1.342614e-09
1.30261114e-06	1.321264e-09
1.30391185e-06	1.383153e-09
1.30521385e-06	1.463298e-09
1.30651716e-06	1.295472e-09
1.30782176e-06	1.294618e-09
1.30912767e-06	4.577249e-10
1.31043489e-06	9.406191e-10
1.31174340e-06	7.172900e-10
1.31305323e-06	1.442581e-09
1.31436436e-06	1.215617e-09
1.31567680e-06	1.414055e-09
1.31699055e-06	8.620856e-10
1.31830562e-06	1.242313e-09
1.31962199e-06	1.092188e-09
1.32093969e-06	1.108110e-09
1.32225869e-06	1.282714e-09
1.32357902e-06	1.217190e-09
1.32490066e-06	1.169832e-09
1.32622362e-06	7.504882e-10
1.32754791e-06	1.630304e-09
1.32887351e-06	7.506359e-10
1.33020044e-06	5.969888e-10
1.33152870e-06	1.258653e-09
1.33285828e-06	4.812540e-10
1.33418918e-06	8.109506e-10
1.33552142e-06	8.190323e-10
1.33685499e-06	5.518378e-10
1.33818989e-06	4.840694e-10
1.33952612e-06	7.567389e-10
1.34086369e-06	8.062193e-10
1.34220259e-06	1.078248e-09
1.34354283e-06	2.982202e-10
1.34488441e-06	1.889710e-10
1.34622732e-06	8.465749e-10
1.34757158e-06	4.311363e-10
1.34891718e-06	5.950154e-10
1.35026412e-06	3.043985e-10
1.35161241e-06	2.498697e-10
1.35296205e-06	4.418249e-10
1.35431303e-06	3.364121e-10
1.35566536e-06	2.562166e-10
1.35701905e-06	4.605723e-10
1.35837408e-06	2.169438e-10
1.35973047e-06	4.595118e-10
1.36108821e-06	1.964984e-10
1.36244730e-06	3.195974e-10
1.36380776e-06	6.507647e-10
1.36516957e-06	5.975580e-10
1.36653274e-06	4.094313e-10
1.36789728e-06	3.825774e-10
1.36926317e-06	3.172819e-10
1.37063043e-06	3.333718e-10
1.37199906e-06	5.713196e-10
1.37336905e-06	6.756188e-10
1.37474041e-06	5.379655e-10
1.37611314e-06	3.634235e-10
1.37748724e-06	8.635012e-10
1.37886271e-06	4.415971e-10
1.38023956e-06	3.570358e-10
1.38161778e-06	7.534217e-10
1.38299737e-06	4.536308e-10
1.38437835e-06	3.305656e-10
1.38576070e-06	3.078979e-10
1.38714443e-06	5.211577e-10
1.38852955e-06	6.971138e-10
1.38991605e-06	2.259251e-10
1.39130393e-06	6.496264e-10
1.39269320e-06	2.542945e-10
1.39408385e-06	7.797872e-10
1.39547590e-06	4.588261e-10
1.39686933e-06	4.346309e-10
1.39826416e-06	6.140495e-10
1.39966038e-06	2.422688e-10
1.40105799e-06	2.548170e-10
1.40245700e-06	6.807784e-10
1.40385740e-06	6.492218e-10
1.40525921e-06	2.914839e-10
1.40666241e-06	2.571213e-10
1.40806702e-06	6.185702e-10
1.40947302e-06	4.812900e-10
1.41088043e-06	3.296905e-10
1.41228925e-06	5.116278e-10
1.41369947e-06	4.022375e-10
1.41511110e-06	6.125264e-10
1.41652415e-06	8.511052e-10
1.41793860e-06	4.610468e-10
1.41935446e-06	3.596644e-10
1.42077174e-06	2.382493e-10
1.42219043e-06	3.268520e-10
1.42361054e-06	2.749201e-10
1.42503207e-06	4.118372e-10
1.42645502e-06	6.100419e-10
1.42787939e-06	4.364940e-10
1.42930518e-06	3.138368e-10
1.43073239e-06	6.109806e-10
1.43216103e-06	3.307406e-10
1.43359110e-06	5.724097e-10
1.43502259e-06	5.711601e-10
1.43645551e-06	4.501189e-10
1.43788987e-06	4.882110e-10
1.43932565e-06	5.953514e-10
1.44076287e-06	4.914807e-10
1.44220153e-06	5.622647e-10
1.44364162e-06	7.738128e-10
1.44508315e-06	4.175959e-10
1.44652612e-06	6.144015e-10
1.44797053e-06	4.465347e-10
1.44941638e-06	6.889357e-10
1.45086368e-06	3.508016e-10
1.45231242e-06	6.347374e-10
1.45376261e-06	3.933027e-10
1.45521424e-06	6.568403e-10
1.45666733e-06	2.647524e-10
1.45812186e-06	3.120338e-10
1.45957785e-06	3.406968e-10
1.46103529e-06	7.010082e-10
1.46249419e-06	4.047635e-10
1.46395455e-06	3.829980e-10
1.46541636e-06	8.149252e-10
1.46687963e-06	4.227117e-10
1.46834437e-06	5.541526e-10
1.46981056e-06	6.454641e-10
1.47127822e-06	6.972560e-10
1.47274735e-06	8.946181e-10
1.47421794e-06	3.835980e-10
1.47569000e-06	3.688700e-10
1.47716353e-06	5.521647e-10
1.47863854e-06	3.486164e-10
1.48011501e-06	4.926465e-10
1.48159296e-06	6.546695e-10
1.48307239e-06	9.906424e-10
1.48455329e-06	4.156987e-10
1.48603567e-06	5.301633e-10
1.48751953e-06	7.868532e-10
1.48900488e-06	8.610350e-10
1.49049170e-06	5.170381e-10
1.49198001e-06	7.598139e-10
1.49346981e-06	3.807017e-10
1.49496110e-06	1.077418e-09
1.49645387e-06	4.097673e-10
1.49794813e-06	9.613871e-10
1.49944389e-06	8.934444e-10
1.50094114e-06	6.630132e-10
1.50243989e-06	6.568047e-10
1.50394013e-06	6.276984e-10
1.50544187e-06	7.243730e-10
1.50694511e-06	6.055844e-10
1.50844985e-06	8.079417e-10
1.50995609e-06	7.039378e-10
1.51146384e-06	6.729688e-10
1.51297309e-06	1.039661e-09
1.51448385e-06	7.052345e-10
1.51599612e-06	1.022328e-09
1.51750990e-06	5.607066e-10
1.51902519e-06	4.406820e-10
1.52054199e-06	8.164674e-10
1.52206031e-06	5.485063e-10
1.52358014e-06	7.227037e-10
1.52510149e-06	7.203490e-10
1.52662436e-06	1.177824e-09
1.52814875e-06	6.686519e-10
1.52967467e-06	1.396778e-09
1.53120210e-06	4.214981e-10
1.53273107e-06	9.366071e-10
1.53426156e-06	5.905894e-10
1.53579357e-06	8.011068e-10
1.53732712e-06	4.312977e-10
1.53886220e-06	8.505384e-10
1.54039881e-06	1.064719e-09
1.54193695e-06	9.458874e-10
1.54347663e-06	1.045392e-09
1.54501785e-06	1.376394e-09
1.54656061e-06	6.250147e-10
1.54810491e-06	1.132391e-09
1.54965075e-06	8.472517e-10
1.55119813e-06	1.086830e-09
1.55274706e-06	1.095391e-09
1.55429754e-06	1.248622e-09
1.55584956e-06	1.160114e-09
1.55740313e-06	8.717808e-10
1.55895826e-06	1.164596e-09
1.56051494e-06	1.282355e-09
1.56207317e-06	1.250788e-09
1.56363296e-06	1.305548e-09
1.56519430e-06	8.309908e-10
1.56675721e-06	1.246991e-09
1.56832167e-06	1.222408e-09
1.56988770e-06	1.293067e-09
1.57145529e-06	1.111596e-09
1.57302445e-06	7.303467e-10
1.57459517e-06	1.290913e-09
1.57616746e-06	1.170601e-09
1.57774132e-06	1.447281e-09
1.57931676e-06	1.425430e-09
1.58089376e-06	1.492714e-09
1.58247234e-06	7.492967e-10
1.58405250e-06	1.209318e-09
1.58563424e-06	1.368115e-09
1.58721755e-06	1.167031e-09
1.58880245e-06	1.613454e-09
1.59038892e-06	8.234193e-10
1.59197699e-06	1.216832e-09
1.59356663e-06	1.583693e-09
1.59515787e-06	1.724701e-09
1.59675069e-06	1.475659e-09
1.59834511e-06	1.169688e-09
1.59994111e-06	1.431232e-09
1.60153872e-06	1.423243e-09
1.60313791e-06	1.284953e-09
1.60473870e-06	1.773395e-09
1.60634109e-06	1.519802e-09
1.60794509e-06	1.641232e-09
1.60955068e-06	1.602662e-09
1.61115787e-06	1.589009e-09
1.61276668e-06	1.550069e-09
1.61437708e-06	1.705181e-09
1.61598910e-06	1.544416e-09
1.61760272e-06	1.686384e-09
1.61921796e-06	1.469253e-09
1.62083481e-06	1.702330e-09
1.62245327e-06	1.597130e-09
1.62407335e-06	1.491668e-09
1.62569505e-06	1.643939e-09
1.62731837e-06	1.608190e-09
1.62894330e-06	1.819541e-09
1.63056986e-06	1.731555e-09
1.63219805e-06	6.588154e-10
1.63382786e-06	1.793510e-09
1.63545930e-06	1.597934e-09
1.63709236e-06	1.638652e-09
1.63872706e-06	1.674960e-09
1.64036339e-06	1.553394e-09
1.64200135e-06	2.065038e-09
1.64364095e-06	1.837235e-09
1.64528219e-06	1.718747e-09
1.64692506e-06	1.805085e-09
1.64856958e-06	1.789150e-09
1.65021574e-06	1.868873e-09
1.65186354e-06	1.696076e-09
1.65351299e-06	1.936686e-09
1.65516408e-06	1.907310e-09
1.65681682e-06	1.956598e-09
1.65847122e-06	1.859483e-09
1.66012726e-06	1.807428e-09
1.66178496e-06	1.796229e-09
1.66344431e-06	1.910398e-09
1.66510532e-06	1.954879e-09
1.66676799e-06	1.762192e-09
1.66843232e-06	1.908695e-09
1.67009831e-06	1.401277e-09
1.67176597e-06	1.373150e-09
1.67343529e-06	1.885594e-09
1.67510628e-06	1.818246e-09
1.67677893e-06	1.918515e-09
1.67845326e-06	1.423383e-09
1.68012926e-06	1.928141e-09
1.68180693e-06	2.200991e-09
1.68348627e-06	1.631813e-09
1.68516730e-06	1.727997e-09
1.68685000e-06	1.142211e-09
1.68853438e-06	1.893935e-09
1.69022045e-06	2.007855e-09
1.69190819e-06	1.459208e-09
1.69359763e-06	2.079452e-09
1.69528875e-06	1.370666e-09
1.69698156e-06	1.775137e-09
1.69867605e-06	2.019555e-09
1.70037225e-06	1.684986e-09
1.70207013e-06	1.891563e-09
1.70376971e-06	1.370562e-09
1.70547099e-06	1.716109e-09
1.70717396e-06	1.836338e-09
1.70887864e-06	1.802595e-09
1.71058502e-06	2.086223e-09
1.71229310e-06	1.817586e-09
1.71400289e-06	1.523071e-09
1.71571438e-06	1.292658e-09
1.71742759e-06	1.249218e-09
1.71914250e-06	1.317460e-09
1.72085913e-06	1.122355e-09
1.72257747e-06	1.292235e-09
1.72429753e-06	1.894276e-09
1.72601931e-06	1.735991e-09
1.72774280e-06	1.313818e-09
1.72946801e-06	1.151077e-09
1.73119495e-06	1.521267e-09
1.73292362e-06	1.464795e-09
1.73465400e-06	1.311715e-09
1.73638612e-06	1.647248e-09
1.73811997e-06	1.465071e-09
1.73985554e-06	9.181492e-10
1.74159285e-06	1.582327e-09
1.74333190e-06	1.588384e-09
1.74507268e-06	1.032236e-09
1.74681520e-06	5.140119e-10
1.74855946e-06	1.852784e-09
1.75030546e-06	6.497613e-10
1.75205321e-06	6.999236e-10
1.75380270e-06	1.242077e-09
1.75555393e-06	5.772161e-10
1.75730692e-06	7.520314e-10
1.75906165e-06	1.706232e-09
1.76081814e-06	1.516403e-09
1.76257638e-06	1.521334e-09
1.76433638e-06	1.426202e-09
1.76609814e-06	1.498828e-09
1.76786165e-06	5.120528e-10
1.76962693e-06	1.764999e-09
1.77139397e-06	1.291579e-09
1.77316277e-06	9.921902e-10
1.77493334e-06	1.018963e-09
1.77670567e-06	1.159227e-09
1.77847978e-06	7.879203e-10
1.78025566e-06	1.099328e-09
1.78203331e-06	7.994959e-10
1.78381274e-06	1.046985e-09
1.78559394e-06	1.420960e-09
1.78737692e-06	1.367924e-09
1.78916168e-06	1.173582e-09
1.79094823e-06	9.546031e-10
1.79273655e-06	8.130638e-10
1.79452667e-06	1.609169e-09
1.79631857e-06	5.304554e-10
1.79811226e-06	1.020764e-09
1.79990774e-06	1.359846e-09
1.80170502e-06	8.173893e-10
1.80350409e-06	7.762808e-10
1.80530495e-06	1.230855e-09
1.80710762e-06	7.204142e-10
1.80891208e-06	7.298014e-10
1.81071835e-06	6.018949e-10
1.81252641e-06	6.009357e-10
1.81433629e-06	9.721971e-10
1.81614797e-06	1.543468e-09
1.81796146e-06	9.059392e-10
1.81977676e-06	9.752254e-10
1.82159388e-06	8.113731e-10
1.82341281e-06	6.575930e-10
1.82523355e-06	1.011704e-09
1.82705612e-06	9.910288e-10
1.82888050e-06	5.764257e-10
1.83070670e-06	1.064689e-09
1.83253473e-06	6.202334e-10
1.83436459e-06	1.543541e-09
1.83619627e-06	6.244450e-10
1.83802978e-06	1.189300e-09
1.83986512e-06	5.880087e-10
1.84170229e-06	1.447801e-09
1.84354130e-06	6.806276e-10
1.84538214e-06	1.327030e-09
1.84722483e-06	6.277187e-10
1.84906935e-06	1.589302e-09
1.85091571e-06	1.288154e-09
1.85276392e-06	1.622400e-09
1.85461397e-06	1.124257e-09
1.85646588e-06	9.988435e-10
1.85831963e-06	1.084022e-09
1.86017523e-06	9.969529e-10
1.86203268e-06	9.761000e-10
1.86389199e-06	1.215561e-09
1.86575315e-06	1.220082e-09
1.86761618e-06	9.217517e-10
1.86948106e-06	1.430893e-09
1.87134781e-06	1.046396e-09
1.87321642e-06	1.038403e-09
1.87508689e-06	1.328459e-09
1.87695924e-06	1.271657e-09
1.87883345e-06	1.178298e-09
1.88070954e-06	1.574376e-09
1.88258749e-06	1.421620e-09
1.88446733e-06	1.351182e-09
1.88634904e-06	1.779850e-09
1.88823263e-06	1.267053e-09
1.89011810e-06	8.575905e-10
1.89200545e-06	1.328051e-09
1.89389469e-06	6.279408e-10
1.89578581e-06	1.628803e-09
1.89767882e-06	1.231099e-09
1.89957373e-06	1.338679e-09
1.90147052e-06	6.709322e-10
1.90336921e-06	8.507098e-10
1.90526980e-06	1.199487e-09
1.90717228e-06	7.978561e-10
1.90907666e-06	1.508881e-09
1.91098294e-06	1.244226e-09
1.91289113e-06	9.589307e-10
1.91480122e-06	1.549858e-09
1.91671322e-06	1.139238e-09
1.91862713e-06	1.443719e-09
1.92054295e-06	1.444678e-09
1.92246069e-06	1.059619e-09
1.92438033e-06	1.493770e-09
1.92630190e-06	1.082701e-09
1.92822538e-06	1.277828e-09
1.93015079e-06	1.521484e-09
1.93207812e-06	1.588248e-09
1.93400737e-06	1.045590e-09
1.93593855e-06	1.301931e-09
1.93787165e-06	1.170076e-09
1.93980669e-06	7.323068e-10
1.94174366e-06	1.651018e-09
1.94368256e-06	1.264762e-09
1.94562340e-06	1.353955e-09
1.94756618e-06	1.045465e-09
1.94951089e-06	1.290198e-09
1.95145755e-06	1.452955e-09
1.95340615e-06	6.883557e-10
1.95535670e-06	1.146901e-09
1.95730920e-06	1.081521e-09
1.95926364e-06	1.642361e-09
1.96122004e-06	1.317617e-09
1.96317839e-06	1.419318e-09
1.96513870e-06	9.310135e-10
1.96710096e-06	1.397329e-09
1.96906519e-06	1.396955e-09
1.97103137e-06	1.164805e-09
1.97299952e-06	1.021481e-09
1.97496963e-06	1.464553e-09
1.97694171e-06	1.227455e-09
1.97891576e-06	1.830687e-09
1.98089178e-06	1.377358e-09
1.98286978e-06	9.810112e-10
1.98484975e-06	9.757338e-10
1.98683169e-06	1.000457e-09
1.98881562e-06	1.719833e-09
1.99080152e-06	7.604449e-10
1.99278941e-06	1.001929e-09
1.99477929e-06	1.491975e-09
1.99677115e-06	1.040247e-09
1.99876500e-06	1.571881e-09
2.00076084e-06	1.624533e-09
2.00275867e-06	1.489220e-09
2.00475850e-06	1.393111e-09
2.00676033e-06	1.699504e-09
2.00876415e-06	7.091866e-10
2.01076998e-06	1.033521e-09
2.01277780e-06	1.527007e-09
2.01478764e-06	1.300397e-09
2.01679948e-06	9.108278e-10
2.01881333e-06	7.448939e-10
2.02082919e-06	1.414795e-09
2.02284706e-06	1.327290e-09
2.02486695e-06	1.035097e-09
2.02688885e-06	1.365311e-09
2.02891278e-06	1.137811e-09
2.03093872e-06	1.077634e-09
2.03296669e-06	1.201635e-09
2.03499668e-06	1.239178e-09
2.03702870e-06	1.468016e-09
2.03906275e-06	1.247630e-09
2.04109883e-06	1.430666e-09
2.04313694e-06	1.397293e-09
2.04517709e-06	1.752497e-09
2.04721927e-06	1.378661e-09
2.04926350e-06	1.705063e-09
2.05130976e-06	1.687472e-09
2.05335807e-06	9.959242e-10
2.05540843e-06	1.844167e-09
2.05746083e-06	1.566555e-09
2.05951528e-06	1.709355e-09
2.06157178e-06	1.057437e-09
2.06363034e-06	1.573332e-09
2.06569095e-06	1.703094e-09
2.06775362e-06	1.024406e-09
2.06981835e-06	1.926418e-09
2.07188514e-06	1.638296e-09
2.07395399e-06	1.598828e-09
2.07602491e-06	1.505452e-09
2.07809790e-06	1.707043e-09
2.08017296e-06	1.724788e-09
2.08225009e-06	1.917529e-09
2.08432929e-06	1.348740e-09
2.08641057e-06	1.162188e-09
2.08849393e-06	1.337731e-09
2.09057937e-06	1.465111e-09
2.09266689e-06	1.918829e-09
2.09475649e-06	1.414481e-09
2.09684818e-06	1.459943e-09
2.09894197e-06	1.706941e-09
2.10103784e-06	1.565586e-09
2.10313580e-06	1.773102e-09
2.10523586e-06	1.754637e-09
2.10733802e-06	1.446664e-09
2.10944227e-06	1.932087e-09
2.11154863e-06	1.360244e-09
2.11365709e-06	1.662572e-09
2.11576765e-06	1.885460e-09
2.11788032e-06	1.830886e-09
2.11999511e-06	1.487431e-09
2.12211200e-06	1.915689e-09
2.12423101e-06	1.990252e-09
2.12635213e-06	1.819288e-09
2.12847537e-06	1.293982e-09
2.13060073e-06	1.671583e-09
2.13272822e-06	1.834782e-09
2.13485783e-06	1.781968e-09
2.13698956e-06	1.500603e-09
2.13912342e-06	1.975496e-09
2.14125942e-06	1.629382e-09
2.14339754e-06	1.268969e-09
2.14553781e-06	2.009335e-09
2.14768021e-06	2.076981e-09
2.14982474e-06	1.511220e-09
2.15197142e-06	1.917064e-09
2.15412025e-06	1.849159e-09
2.15627122e-06	2.049879e-09
2.15842433e-06	2.129801e-09
2.16057960e-06	1.617542e-09
2.16273702e-06	2.060488e-09
2.16489659e-06	1.908267e-09
2.16705832e-06	2.032156e-09
2.16922221e-06	1.969009e-09
2.17138826e-06	1.537460e-09
2.17355647e-06	2.050053e-09
2.17572684e-06	1.571717e-09
2.17789939e-06	2.047015e-09
2.18007410e-06	1.907094e-09
2.18225099e-06	1.871765e-09
2.18443005e-06	1.602423e-09
2.18661128e-06	1.554900e-09
2.18879469e-06	2.050197e-09
2.19098028e-06	1.818205e-09
2.19316806e-06	2.063813e-09
2.19535802e-06	1.951828e-09
2.19755017e-06	1.949643e-09
2.19974450e-06	2.021318e-09
2.20194103e-06	1.953918e-09
2.20413975e-06	1.898662e-09
2.20634066e-06	1.950998e-09
2.20854377e-06	1.410675e-09
2.21074909e-06	1.541140e-09
2.21295660e-06	2.015975e-09
2.21516632e-06	1.979857e-09
2.21737825e-06	1.935315e-09
2.21959238e-06	1.054185e-09
2.22180873e-06	1.764278e-09
2.22402729e-06	2.043206e-09
2.22624806e-06	2.006768e-09
2.22847105e-06	2.009473e-09
2.23069626e-06	2.109455e-09
2.23292369e-06	1.120339e-09
2.23515335e-06	1.989555e-09
2.23738523e-06	2.031051e-09
2.23961935e-06	2.155151e-09
2.24185569e-06	1.241748e-09
2.24409427e-06	2.100933e-09
2.24633508e-06	1.968472e-09
2.24857813e-06	2.071648e-09
2.25082341e-06	1.919310e-09
2.25307094e-06	2.054397e-09
2.25532072e-06	1.983955e-09
2.25757274e-06	2.064380e-09
2.25982701e-06	2.041551e-09
2.26208353e-06	2.119248e-09
2.26434231e-06	1.763859e-09
2.26660334e-06	1.946340e-09
2.26886662e-06	2.019308e-09
2.27113217e-06	2.047591e-09
2.27339998e-06	1.924379e-09
2.27567005e-06	2.014947e-09
2.27794240e-06	1.995526e-09
2.28021700e-06	1.697529e-09
2.28249389e-06	1.654979e-09
2.28477304e-06	2.088927e-09
2.28705447e-06	1.937689e-09
2.28933818e-06	2.092338e-09
2.29162417e-06	1.753403e-09
2.29391244e-06	1.029210e-09
2.29620300e-06	1.862665e-09
2.29849584e-06	1.493088e-09
2.30079097e-06	1.887102e-09
2.30308840e-06	1.491687e-09
2.30538812e-06	1.907947e-09
2.30769013e-06	1.739897e-09
2.30999445e-06	1.568189e-09
2.31230106e-06	1.873916e-09
2.31460998e-06	1.951465e-09
2.31692121e-06	1.973325e-09
2.31923474e-06	2.018480e-09
2.32155058e-06	2.011986e-09
2.32386873e-06	1.944804e-09
2.32618920e-06	1.901788e-09
2.32851199e-06	1.356773e-09
2.33083709e-06	1.943154e-09
2.33316452e-06	1.712569e-09
2.33549427e-06	1.814171e-09
2.33782635e-06	1.868544e-09
2.34016076e-06	1.912691e-09
2.34249749e-06	1.796127e-09
2.34483656e-06	1.151674e-09
2.34717797e-06	2.024142e-09
2.34952171e-06	1.565458e-09
2.35186780e-06	2.034660e-09
2.35421623e-06	1.960399e-09
2.35656700e-06	1.968249e-09
2.35892012e-06	1.761698e-09
2.36127559e-06	1.892332e-09
2.36363341e-06	1.996939e-09
2.36599358e-06	1.964159e-09
2.36835612e-06	2.035264e-09
2.37072101e-06	1.781190e-09
2.37308826e-06	1.176940e-09
2.37545788e-06	1.788275e-09
2.37782986e-06	2.097018e-09
2.38020421e-06	1.891159e-09
2.38258093e-06	1.595020e-09
2.38496003e-06	1.699706e-09
2.38734150e-06	1.656625e-09
2.38972535e-06	1.947063e-09
2.39211158e-06	1.532188e-09
2.39450019e-06	1.865850e-09
2.39689119e-06	1.815584e-09
2.39928457e-06	2.014914e-09
2.40168035e-06	1.393101e-09
2.40407851e-06	1.372527e-09
2.40647907e-06	2.075526e-09
2.40888203e-06	1.587120e-09
2.41128739e-06	1.903225e-09
2.41369515e-06	1.421322e-09
2.41610531e-06	1.043403e-09
2.41851788e-06	1.584504e-09
2.42093286e-06	1.922719e-09
2.42335026e-06	1.030150e-09
2.42577006e-06	1.291812e-09
2.42819228e-06	1.542142e-09
2.43061692e-06	1.521280e-09
2.43304398e-06	1.928933e-09
2.43547347e-06	1.697812e-09
2.43790538e-06	1.183503e-09
2.44033972e-06	1.805733e-09
2.44277649e-06	1.917613e-09
2.44521569e-06	1.715178e-09
2.44765733e-06	1.550987e-09
2.45010140e-06	1.382931e-09
2.45254792e-06	1.472801e-09
2.45499688e-06	1.583832e-09
2.45744829e-06	2.007980e-09
2.45990214e-06	1.296696e-09
2.46235844e-06	1.953567e-09
2.46481720e-06	1.897608e-09
2.46727841e-06	1.937435e-09
2.46974208e-06	1.368248e-09
2.47220821e-06	1.527740e-09
2.47467680e-06	1.571788e-09
2.47714786e-06	1.586374e-09
2.47962138e-06	1.356003e-09
2.48209737e-06	1.530751e-09
2.48457584e-06	1.256208e-09
2.48705678e-06	1.061299e-09
2.48954020e-06	1.017218e-09
2.49202610e-06	1.394756e-09
2.49451448e-06	1.494065e-09
2.49700534e-06	1.244602e-09
2.49949870e-06	1.455239e-09
2.50199454e-06	1.900984e-09
2.50449287e-06	1.316550e-09
2.50699370e-06	1.496544e-09
2.50949703e-06	1.646105e-09
2.51200285e-06	1.030190e-09
2.51451118e-06	1.386483e-09
2.51702201e-06	1.687220e-09
2.51953535e-06	1.116096e-09
2.52205120e-06	1.475105e-09
2.52456956e-06	1.224474e-09
2.52709044e-06	1.519735e-09
2.52961383e-06	1.436209e-09
2.53213975e-06	1.670830e-09
2.53466818e-06	1.064733e-09
2.53719914e-06	1.604587e-09
2.53973263e-06	1.083246e-09
2.54226865e-06	1.526324e-09
2.54480720e-06	1.711364e-09
2.54734828e-06	1.642644e-09
2.54989190e-06	1.486931e-09
2.55243806e-06	1.436605e-09
2.55498677e-06	1.418539e-09
2.55753802e-06	1.590414e-09
2.56009181e-06	1.053758e-09
2.56264816e-06	1.117350e-09
2.56520706e-06	1.499357e-09
2.56776851e-06	1.068897e-09
2.57033253e-06	1.853420e-09
2.57289910e-06	1.667997e-09
2.57546823e-06	1.407895e-09
2.57803993e-06	1.101984e-09
2.58061420e-06	1.649493e-09
2.58319104e-06	1.236653e-09
2.58577045e-06	1.471272e-09
2.58835244e-06	1.305420e-09
2.59093701e-06	1.779480e-09
2.59352415e-06	1.420577e-09
2.59611388e-06	1.160655e-09
2.59870620e-06	1.686121e-09
2.60130110e-06	1.229358e-09
2.60389860e-06	1.449773e-09
2.60649869e-06	1.145775e-09
2.60910137e-06	1.176279e-09
2.61170666e-06	1.770054e-09
2.61431454e-06	1.823368e-09
2.61692503e-06	1.348435e-09
2.61953813e-06	1.806371e-09
2.62215384e-06	1.482964e-09
2.62477215e-06	1.713688e-09
2.62739309e-06	1.340970e-09
2.63001663e-06	1.870299e-09
2.63264280e-06	1.183649e-09
2.63527160e-06	1.747806e-09
2.63790301e-06	1.849830e-09
2.64053706e-06	1.106422e-09
2.64317373e-06	1.116705e-09
2.64581304e-06	1.135284e-09
2.64845498e-06	1.232525e-09
2.65109956e-06	1.238076e-09
2.65374678e-06	1.866145e-09
2.65639665e-06	1.595491e-09
2.65904916e-06	1.682502e-09
2.66170431e-06	1.798529e-09
2.66436213e-06	1.679429e-09
2.66702259e-06	1.340707e-09
2.66968571e-06	1.161841e-09
2.67235149e-06	1.807517e-09
2.67501993e-06	1.564152e-09
2.67769104e-06	1.338660e-09
2.68036481e-06	1.379882e-09
2.68304126e-06	1.172141e-09
2.68572037e-06	1.114740e-09
2.68840216e-06	1.626878e-09
2.69108663e-06	1.118341e-09
2.69377378e-06	1.126278e-09
2.69646362e-06	1.251956e-09
2.69915613e-06	1.867119e-09
2.70185134e-06	1.184926e-09
2.70454924e-06	1.150682e-09
2.70724983e-06	1.279443e-09
2.70995312e-06	1.278384e-09
2.71265911e-06	1.698986e-09
2.71536780e-06	1.152062e-09
2.71807920e-06	1.527488e-09
2.72079330e-06	1.374098e-09
2.72351011e-06	1.434886e-09
2.72622964e-06	1.355888e-09
2.72895188e-06	1.138921e-09
2.73167684e-06	1.173294e-09
2.73440452e-06	1.490898e-09
2.73713492e-06	1.644460e-09
2.73986805e-06	1.322974e-09
2.74260391e-06	1.855117e-09
2.74534251e-06	1.288465e-09
2.74808383e-06	1.177911e-09
2.75082790e-06	1.507384e-09
2.75357470e-06	1.849472e-09
2.75632425e-06	1.766855e-09
2.75907654e-06	2.032934e-09
2.76183158e-06	1.871288e-09
2.76458937e-06	1.301999e-09
2.76734991e-06	1.479365e-09
2.77011322e-06	1.177004e-09
2.77287928e-06	1.404001e-09
2.77564810e-06	1.750581e-09
2.77841969e-06	1.298719e-09
2.78119404e-06	1.256725e-09
2.78397117e-06	1.577859e-09
2.78675106e-06	1.328067e-09
2.78953374e-06	1.168023e-09
2.79231919e-06	1.204573e-09
2.79510743e-06	1.416295e-09
2.79789844e-06	1.201724e-09
2.80069225e-06	1.163504e-09
2.80348884e-06	1.232936e-09
2.80628823e-06	1.630051e-09
2.80909041e-06	1.218003e-09
2.81189540e-06	1.618102e-09
2.81470318e-06	1.164238e-09
2.81751376e-06	1.212424e-09
2.82032715e-06	1.386247e-09
2.82314336e-06	1.178812e-09
2.82596237e-06	1.266377e-09
2.82878420e-06	1.327877e-09
2.83160884e-06	1.356520e-09
2.83443631e-06	1.419709e-09
2.83726660e-06	1.173636e-09
2.84009972e-06	1.317713e-09
2.84293566e-06	1.332091e-09
2.84577444e-06	1.494487e-09
2.84861605e-06	1.195069e-09
2.85146050e-06	1.228498e-09
2.85430779e-06	1.556904e-09
2.85715792e-06	1.345096e-09
2.86001090e-06	1.665482e-09
2.86286672e-06	1.742633e-09
2.86572540e-06	1.181722e-09
2.86858693e-06	1.241206e-09
2.87145132e-06	1.281396e-09
2.87431857e-06	1.921668e-09
2.87718869e-06	1.248460e-09
2.88006167e-06	1.720777e-09
2.88293752e-06	1.256062e-09
2.88581624e-06	1.454197e-09
2.88869783e-06	1.254261e-09
2.89158230e-06	1.391770e-09
2.89446965e-06	1.438107e-09
2.89735989e-06	1.617856e-09
2.90025301e-06	1.315170e-09
2.90314902e-06	1.955487e-09
2.90604792e-06	1.566185e-09
2.90894972e-06	1.219823e-09
2.91185441e-06	1.280140e-09
2.91476201e-06	1.478045e-09
2.91767251e-06	1.563086e-09
2.92058591e-06	1.210479e-09
2.92350222e-06	1.432012e-09
2.92642145e-06	1.298419e-09
2.92934359e-06	1.640637e-09
2.93226865e-06	1.589108e-09
2.93519663e-06	1.587039e-09
2.93812753e-06	1.288583e-09
2.94106136e-06	1.773965e-09
2.94399812e-06	1.611751e-09
2.94693781e-06	1.515250e-09
2.94988043e-06	1.874952e-09
2.95282600e-06	2.076210e-09
2.95577451e-06	1.405443e-09
2.95872596e-06	1.535133e-09
2.96168035e-06	1.650385e-09
2.96463770e-06	1.767792e-09
2.96759800e-06	1.767849e-09
2.97056126e-06	1.308920e-09
2.97352747e-06	1.415816e-09
2.97649665e-06	1.668632e-09
2.97946879e-06	1.369197e-09
2.98244390e-06	1.261435e-09
2.98542198e-06	1.413576e-09
2.98840304e-06	1.703611e-09
2.99138707e-06	1.342404e-09
2.99437408e-06	1.459071e-09
2.99736407e-06	1.929537e-09
3.00035705e-06	1.599167e-09
3.00335302e-06	1.292778e-09
3.00635198e-06	1.572475e-09
3.00935393e-06	1.703097e-09
3.01235888e-06	1.687643e-09
3.01536684e-06	1.924910e-09
3.01837779e-06	1.444500e-09
3.02139175e-06	1.648148e-09
3.02440873e-06	1.468463e-09
3.02742871e-06	1.865601e-09
3.03045171e-06	1.547741e-09
3.03347773e-06	1.391137e-09
3.03650677e-06	1.644584e-09
3.03953883e-06	1.534081e-09
3.04257392e-06	1.331059e-09
3.04561205e-06	1.972820e-09
3.04865320e-06	1.569550e-09
3.05169740e-06	1.609747e-09
3.05474463e-06	1.645158e-09
3.05779491e-06	1.798958e-09
3.06084823e-06	1.524386e-09
3.06390460e-06	1.276490e-09
3.06696402e-06	1.511712e-09
3.07002650e-06	1.614050e-09
3.07309203e-06	1.304267e-09
3.07616063e-06	1.886996e-09
3.07923229e-06	1.675468e-09
3.08230702e-06	1.642464e-09
3.08538481e-06	1.501207e-09
3.08846569e-06	1.578057e-09
3.09154963e-06	1.462955e-09
3.09463666e-06	1.436168e-09
3.09772677e-06	1.492599e-09
3.10081996e-06	1.458523e-09
3.10391625e-06	1.742624e-09
3.10701562e-06	1.321289e-09
3.11011809e-06	1.428685e-09
3.11322366e-06	1.632500e-09
3.11633233e-06	1.609597e-09
3.11944410e-06	1.767315e-09
3.12255898e-06	1.381111e-09
3.12567698e-06	1.664071e-09
3.12879808e-06	1.650045e-09
3.13192230e-06	1.725531e-09
3.13504964e-06	1.499869e-09
3.13818010e-06	1.402358e-09
3.14131369e-06	1.425546e-09
3.14445041e-06	1.754291e-09
3.14759026e-06	1.702643e-09
3.15073325e-06	1.375852e-09
3.15387937e-06	1.572365e-09
3.15702864e-06	1.608714e-09
3.16018105e-06	1.475511e-09
3.16333660e-06	1.325504e-09
3.16649531e-06	1.751293e-09
3.16965718e-06	1.886540e-09
3.17282220e-06	1.591674e-09
3.17599038e-06	1.495689e-09
3.17916172e-06	1.420176e-09
3.18233623e-06	2.029116e-09
3.18551391e-06	1.637118e-09
3.18869477e-06	1.422230e-09
3.19187880e-06	1.734883e-09
3.19506601e-06	1.667191e-09
3.19825640e-06	1.588852e-09
3.20144997e-06	1.354212e-09
3.20464674e-06	1.364119e-09
3.20784670e-06	1.799179e-09
3.21104985e-06	1.449075e-09
3.21425621e-06	1.695354e-09
3.21746576e-06	1.682957e-09
3.22067852e-06	1.563902e-09
3.22389449e-06	1.342703e-09
3.22711366e-06	1.698812e-09
3.23033606e-06	1.908402e-09
3.23356167e-06	1.579992e-09
3.23679050e-06	1.480597e-09
3.24002255e-06	2.030122e-09
3.24325783e-06	1.364606e-09
3.24649635e-06	1.765300e-09
3.24973809e-06	1.806931e-09
3.25298308e-06	1.654084e-09
3.25623130e-06	1.960592e-09
3.25948277e-06	1.370125e-09
3.26273748e-06	2.063462e-09
3.26599545e-06	1.933720e-09
3.26925667e-06	1.476989e-09
3.27252114e-06	2.164828e-09
3.27578887e-06	1.492218e-09
3.27905987e-06	1.959081e-09
3.28233413e-06	1.570303e-09
3.28561167e-06	1.584957e-09
3.28889247e-06	2.043335e-09
3.29217655e-06	1.627624e-09
3.29546391e-06	1.933051e-09
3.29875455e-06	1.617456e-09
3.30204848e-06	2.178387e-09
3.30534570e-06	1.539934e-09
3.30864621e-06	1.569526e-09
3.31195002e-06	1.290199e-09
3.31525712e-06	1.691456e-09
3.31856753e-06	1.760600e-09
3.32188124e-06	1.818385e-09
3.32519826e-06	1.948367e-09
3.32851860e-06	1.552355e-09
3.33184225e-06	1.515284e-09
3.33516921e-06	2.008223e-09
3.33849950e-06	1.628639e-09
3.34183312e-06	1.633049e-09
3.34517006e-06	1.643148e-09
3.34851034e-06	1.789978e-09
3.35185395e-06	2.042009e-09
3.35520090e-06	1.806170e-09
3.35855119e-06	1.675867e-09
3.36190483e-06	1.724790e-09
3.36526182e-06	1.737575e-09
3.36862216e-06	1.980661e-09
3.37198585e-06	2.061231e-09
3.37535290e-06	2.179579e-09
3.37872332e-06	1.878194e-09
3.38209710e-06	1.847707e-09
3.38547425e-06	1.674516e-09
3.38885477e-06	2.037996e-09
3.39223867e-06	1.550218e-09
3.39562594e-06	1.881590e-09
3.39901660e-06	1.880118e-09
3.40241065e-06	1.933122e-09
3.40580808e-06	1.975546e-09
3.40920890e-06	1.615601e-09
3.41261313e-06	1.521800e-09
3.41602075e-06	1.827596e-09
3.41943177e-06	1.991217e-09
3.42284620e-06	1.886444e-09
3.42626404e-06	1.583053e-09
3.42968529e-06	1.608495e-09
3.43310996e-06	1.757643e-09
3.43653804e-06	1.425619e-09
3.43996956e-06	1.931135e-09
3.44340449e-06	1.866157e-09
3.44684286e-06	1.582634e-09
3.45028466e-06	1.964837e-09
3.45372990e-06	1.872482e-09
3.45717857e-06	1.767197e-09
3.46063070e-06	2.133012e-09
3.46408626e-06	1.855185e-09
3.46754528e-06	1.541579e-09
3.47100775e-06	1.365348e-09
3.47447368e-06	1.879415e-09
3.47794307e-06	1.503442e-09
3.48141593e-06	1.579078e-09
3.48489225e-06	1.442811e-09
3.48837205e-06	1.937104e-09
3.49185532e-06	1.815989e-09
3.49534206e-06	1.924485e-09
3.49883229e-06	2.067253e-09
3.50232600e-06	2.129809e-09
3.50582321e-06	2.179247e-09
3.50932390e-06	2.011573e-09
3.51282809e-06	1.992833e-09
3.51633578e-06	1.516011e-09
3.51984697e-06	1.962157e-09
3.52336167e-06	2.145836e-09
3.52687988e-06	1.359814e-09
3.53040160e-06	2.205579e-09
3.53392683e-06	2.098504e-09
3.53745559e-06	2.004831e-09
3.54098787e-06	1.899994e-09
3.54452368e-06	1.816961e-09
3.54806302e-06	2.254075e-09
3.55160589e-06	1.993668e-09
3.55515230e-06	1.937734e-09
3.55870225e-06	1.980905e-09
3.56225575e-06	2.094193e-09
3.56581279e-06	1.947298e-09
3.56937339e-06	1.981878e-09
3.57293754e-06	1.988954e-09
3.57650525e-06	1.953769e-09
3.58007652e-06	2.133139e-09
3.58365136e-06	2.183210e-09
3.58722977e-06	2.143959e-09
3.59081175e-06	2.119605e-09
3.59439731e-06	2.246213e-09
3.59798645e-06	1.478026e-09
3.60157917e-06	1.492017e-09
3.60517548e-06	2.083637e-09
3.60877538e-06	1.812624e-09
3.61237888e-06	1.669537e-09
3.61598597e-06	1.819657e-09
3.61959667e-06	2.163728e-09
3.62321097e-06	2.156259e-09
3.62682888e-06	1.720155e-09
3.63045040e-06	1.882480e-09
3.63407554e-06	1.802181e-09
3.63770430e-06	1.570422e-09
3.64133669e-06	2.233406e-09
3.64497270e-06	2.302037e-09
3.64861234e-06	2.020842e-09
3.65225561e-06	1.606805e-09
3.65590252e-06	2.399363e-09
3.65955308e-06	2.200591e-09
3.66320728e-06	2.060196e-09
3.66686512e-06	2.231227e-09
3.67052662e-06	2.220054e-09
3.67419178e-06	1.643254e-09
3.67786060e-06	2.028977e-09
3.68153308e-06	2.070543e-09
3.68520923e-06	2.448159e-09
3.68888904e-06	1.834811e-09
3.69257254e-06	2.285038e-09
3.69625971e-06	1.554000e-09
3.69995056e-06	1.877098e-09
3.70364510e-06	2.212432e-09
3.70734332e-06	1.875949e-09
3.71104524e-06	1.850491e-09
3.71475086e-06	2.200739e-09
3.71846018e-06	2.136958e-09
3.72217320e-06	1.935727e-09
3.72588992e-06	2.175477e-09
3.72961036e-06	2.230326e-09
3.73333452e-06	2.199918e-09
3.73706239e-06	2.189384e-09
3.74079399e-06	2.375021e-09
3.74452931e-06	2.142847e-09
3.74826836e-06	1.585814e-09
3.75201114e-06	2.260208e-09
3.75575766e-06	2.194095e-09
3.75950793e-06	2.353776e-09
3.76326194e-06	2.443468e-09
3.76701969e-06	2.390707e-09
3.77078120e-06	2.020451e-09
3.77454647e-06	2.118806e-09
3.77831549e-06	2.001091e-09
3.78208828e-06	1.849217e-09
3.78586483e-06	1.998636e-09
3.78964516e-06	2.525848e-09
3.79342926e-06	1.598303e-09
3.79721714e-06	2.533243e-09
3.80100880e-06	2.436804e-09
3.80480425e-06	2.339120e-09
3.80860349e-06	2.400823e-09
3.81240652e-06	2.495326e-09
3.81621335e-06	2.195979e-09
3.82002398e-06	2.517626e-09
3.82383842e-06	2.388219e-09
3.82765666e-06	2.464879e-09
3.83147872e-06	2.057968e-09
3.83530459e-06	2.522362e-09
3.83913428e-06	2.350539e-09
3.84296780e-06	2.506043e-09
3.84680515e-06	1.818104e-09
3.85064633e-06	2.151021e-09
3.85449134e-06	2.498166e-09
3.85834019e-06	2.365957e-09
3.86219289e-06	2.110591e-09
3.86604943e-06	2.019799e-09
3.86990982e-06	2.470402e-09
3.87377407e-06	2.261454e-09
3.87764218e-06	2.384290e-09
3.88151415e-06	2.507130e-09
3.88538998e-06	2.279302e-09
3.88926969e-06	2.370518e-09
3.89315327e-06	2.505614e-09
3.89704073e-06	2.090263e-09
3.90093207e-06	2.504028e-09
3.90482729e-06	2.492031e-09
3.90872641e-06	2.455917e-09
3.91262941e-06	2.405713e-09
3.91653632e-06	2.321070e-09
3.92044713e-06	1.984867e-09
3.92436184e-06	1.980996e-09
3.92828046e-06	2.491938e-09
3.93220299e-06	1.712712e-09
3.93612944e-06	2.296584e-09
3.94005981e-06	2.098682e-09
3.94399411e-06	2.486793e-09
3.94793233e-06	2.144695e-09
3.95187449e-06	2.076474e-09
3.95582058e-06	2.594005e-09
3.95977062e-06	2.298016e-09
3.96372460e-06	1.770665e-09
3.96768252e-06	2.232055e-09
3.97164440e-06	2.225667e-09
3.97561023e-06	1.868998e-09
3.97958003e-06	2.341276e-09
3.98355379e-06	2.260631e-09
3.98753151e-06	2.303675e-09
3.99151321e-06	1.854881e-09
3.99549888e-06	2.413193e-09
3.99948854e-06	1.677511e-09
4.00348217e-06	2.525047e-09
