2.99769222e-07	1.940165e-16
3.00068553e-07	2.115358e-16
3.00368182e-07	2.165960e-16
3.00668111e-07	2.217723e-16
3.00968339e-07	2.270672e-16
3.01268867e-07	2.324834e-16
3.01569695e-07	2.380235e-16
3.01870824e-07	2.436903e-16
3.02172253e-07	2.494864e-16
3.02473983e-07	2.554148e-16
3.02776015e-07	2.614783e-16
3.03078348e-07	2.676799e-16
3.03380983e-07	2.740226e-16
3.03683920e-07	2.805095e-16
3.03987160e-07	2.871437e-16
3.04290702e-07	2.939283e-16
3.04594547e-07	3.008667e-16
3.04898696e-07	3.079623e-16
3.05203149e-07	3.152184e-16
3.05507906e-07	3.226385e-16
3.05812967e-07	3.302261e-16
3.06118332e-07	3.379849e-16
3.06424003e-07	3.459186e-16
3.06729978e-07	3.540309e-16
3.07036260e-07	3.623257e-16
3.07342847e-07	3.708069e-16
3.07649740e-07	3.794786e-16
3.07956940e-07	3.883448e-16
3.08264446e-07	3.974097e-16
3.08572260e-07	4.066775e-16
3.08880380e-07	4.161527e-16
3.09188809e-07	4.258396e-16
3.09497545e-07	4.357428e-16
3.09806590e-07	4.458669e-16
3.10115944e-07	4.562166e-16
3.10425606e-07	4.667968e-16
3.10735577e-07	4.776122e-16
3.11045858e-07	4.886680e-16
3.11356449e-07	4.999692e-16
3.11667350e-07	5.115211e-16
3.11978561e-07	5.233290e-16
3.12290084e-07	5.353983e-16
3.12601917e-07	5.477345e-16
3.12914061e-07	5.603432e-16
3.13226518e-07	5.732304e-16
3.13539286e-07	5.864017e-16
3.13852367e-07	5.998632e-16
3.14165760e-07	6.136210e-16
3.14479466e-07	6.276813e-16
3.14793485e-07	6.420505e-16
3.15107818e-07	6.567351e-16
3.15422465e-07	6.717417e-16
3.15737426e-07	6.870771e-16
3.16052702e-07	7.027481e-16
3.16368292e-07	7.187616e-16
3.16684197e-07	7.351250e-16
3.17000418e-07	7.518454e-16
3.17316955e-07	7.689304e-16
3.17633808e-07	7.863875e-16
3.17950977e-07	8.042244e-16
3.18268463e-07	8.224491e-16
3.18586266e-07	8.410695e-16
3.18904386e-07	8.600939e-16
3.19222824e-07	8.795306e-16
3.19541579e-07	8.993882e-16
3.19860654e-07	9.196754e-16
3.20180046e-07	9.404009e-16
3.20499758e-07	9.615740e-16
3.20819789e-07	9.832037e-16
3.21140139e-07	1.005299e-15
3.21460810e-07	1.027871e-15
3.21781800e-07	1.050928e-15
3.22103111e-07	1.074480e-15
3.22424743e-07	1.098537e-15
3.22746696e-07	1.123111e-15
3.23068971e-07	1.148211e-15
3.23391567e-07	1.173848e-15
3.23714485e-07	1.200033e-15
3.24037726e-07	1.226777e-15
3.24361290e-07	1.254092e-15
3.24685177e-07	1.281989e-15
3.25009387e-07	1.310480e-15
3.25333921e-07	1.339577e-15
3.25658779e-07	1.369292e-15
3.25983961e-07	1.399638e-15
3.26309468e-07	1.430627e-15
3.26635300e-07	1.462274e-15
3.26961458e-07	1.494589e-15
3.27287941e-07	1.527589e-15
3.27614750e-07	1.561285e-15
3.27941886e-07	1.595692e-15
3.28269348e-07	1.630824e-15
3.28597137e-07	1.666696e-15
3.28925253e-07	1.703322e-15
3.29253697e-07	1.740719e-15
3.29582469e-07	1.778900e-15
3.29911570e-07	1.817882e-15
3.30240998e-07	1.857680e-15
3.30570756e-07	1.898311e-15
3.30900844e-07	1.939792e-15
3.31231260e-07	1.982139e-15
3.31562007e-07	2.025369e-15
3.31893084e-07	2.069501e-15
3.32224491e-07	2.114551e-15
3.32556230e-07	2.160538e-15
3.32888300e-07	2.207480e-15
3.33220701e-07	2.255396e-15
3.33553434e-07	2.304306e-15
3.33886500e-07	2.354229e-15
3.34219898e-07	2.405184e-15
3.34553629e-07	2.457193e-15
3.34887693e-07	2.510275e-15
3.35222091e-07	2.564452e-15
3.35556822e-07	2.619744e-15
3.35891888e-07	2.676175e-15
3.36227289e-07	2.733765e-15
3.36563024e-07	2.792538e-15
3.36899095e-07	2.852517e-15
3.37235501e-07	2.913724e-15
3.37572243e-07	2.976184e-15
3.37909321e-07	3.039922e-15
3.38246736e-07	3.104961e-15
3.38584488e-07	3.171326e-15
3.38922578e-07	3.239045e-15
3.39261004e-07	3.308141e-15
3.39599769e-07	3.378643e-15
3.39938872e-07	3.450577e-15
3.40278313e-07	3.523971e-15
3.40618094e-07	3.598852e-15
3.40958214e-07	3.675249e-15
3.41298673e-07	3.753190e-15
3.41639473e-07	3.832707e-15
3.41980612e-07	3.913828e-15
3.42322093e-07	3.996584e-15
3.42663914e-07	4.081006e-15
3.43006076e-07	4.167126e-15
3.43348581e-07	4.254976e-15
3.43691427e-07	4.344589e-15
3.44034616e-07	4.435998e-15
3.44378147e-07	4.529238e-15
3.44722021e-07	4.624341e-15
3.45066239e-07	4.721345e-15
3.45410800e-07	4.820284e-15
3.45755706e-07	4.921196e-15
3.46100956e-07	5.024116e-15
3.46446550e-07	5.129083e-15
3.46792490e-07	5.236135e-15
3.47138775e-07	5.345311e-15
3.47485406e-07	5.456651e-15
3.47832383e-07	5.570195e-15
3.48179707e-07	5.685984e-15
3.48527377e-07	5.804059e-15
3.48875395e-07	5.924464e-15
3.49223760e-07	6.047242e-15
3.49572472e-07	6.172435e-15
3.49921534e-07	6.300091e-15
3.50270943e-07	6.430252e-15
3.50620702e-07	6.562967e-15
3.50970809e-07	6.698281e-15
3.51321267e-07	6.836244e-15
3.51672074e-07	6.976902e-15
3.52023232e-07	7.120307e-15
3.52374740e-07	7.266508e-15
3.52726599e-07	7.415556e-15
3.53078810e-07	7.567504e-15
3.53431372e-07	7.722404e-15
3.53784286e-07	7.880310e-15
3.54137553e-07	8.041278e-15
3.54491173e-07	8.205361e-15
3.54845145e-07	8.372618e-15
3.55199471e-07	8.543104e-15
3.55554151e-07	8.716873e-15
3.55909185e-07	8.893994e-15
3.56264573e-07	9.074540e-15
3.56620317e-07	9.258544e-15
3.56976415e-07	9.446081e-15
3.57332870e-07	9.637213e-15
3.57689680e-07	9.832005e-15
3.58046846e-07	1.003053e-14
3.58404369e-07	1.023284e-14
3.58762249e-07	1.043902e-14
3.59120487e-07	1.064912e-14
3.59479082e-07	1.086322e-14
3.59838035e-07	1.108140e-14
3.60197347e-07	1.130370e-14
3.60557017e-07	1.153016e-14
3.60917046e-07	1.176106e-14
3.61277436e-07	1.199628e-14
3.61638184e-07	1.223592e-14
3.61999294e-07	1.248008e-14
3.62360763e-07	1.272882e-14
3.62722594e-07	1.298229e-14
3.63084786e-07	1.324051e-14
3.63447339e-07	1.350357e-14
3.63810255e-07	1.377158e-14
3.64173533e-07	1.404459e-14
3.64537174e-07	1.432273e-14
3.64901178e-07	1.460606e-14
3.65265545e-07	1.489468e-14
3.65630276e-07	1.518867e-14
3.65995372e-07	1.548815e-14
3.66360832e-07	1.579319e-14
3.66726656e-07	1.610389e-14
3.67092847e-07	1.642035e-14
3.67459402e-07	1.674269e-14
3.67826324e-07	1.707095e-14
3.68193613e-07	1.740533e-14
3.68561267e-07	1.774587e-14
3.68929290e-07	1.809268e-14
3.69297679e-07	1.844583e-14
3.69666437e-07	1.880555e-14
3.70035562e-07	1.917180e-14
3.70405056e-07	1.954486e-14
3.70774920e-07	1.992467e-14
3.71145152e-07	2.031143e-14
3.71515754e-07	2.070528e-14
3.71886726e-07	2.110625e-14
3.72258069e-07	2.151463e-14
3.72629783e-07	2.193050e-14
3.73001867e-07	2.235379e-14
3.73374323e-07	2.278483e-14
3.73747152e-07	2.322367e-14
3.74120352e-07	2.367039e-14
3.74493925e-07	2.412521e-14
3.74867871e-07	2.458822e-14
3.75242191e-07	2.505979e-14
3.75616884e-07	2.553952e-14
3.75991951e-07	2.602823e-14
3.76367393e-07	2.652555e-14
3.76743210e-07	2.703162e-14
3.77119402e-07	2.754640e-14
3.77495970e-07	2.807157e-14
3.77872913e-07	2.860555e-14
3.78250233e-07	2.914889e-14
3.78627930e-07	2.970206e-14
3.79006004e-07	3.026504e-14
3.79384456e-07	3.083799e-14
3.79763285e-07	3.142093e-14
3.80142493e-07	3.201464e-14
3.80522079e-07	3.261849e-14
3.80902045e-07	3.323317e-14
3.81282390e-07	3.385879e-14
3.81663114e-07	3.449480e-14
3.82044219e-07	3.514243e-14
3.82425704e-07	3.580227e-14
3.82807570e-07	3.647302e-14
3.83189818e-07	3.715565e-14
3.83572447e-07	3.784972e-14
3.83955458e-07	3.855675e-14
3.84338852e-07	3.927545e-14
3.84722629e-07	4.000675e-14
3.85106789e-07	4.075152e-14
3.85491332e-07	4.150882e-14
3.85876259e-07	4.227924e-14
3.86261571e-07	4.306304e-14
3.86647268e-07	4.386004e-14
3.87033349e-07	4.467152e-14
3.87419816e-07	4.549665e-14
3.87806669e-07	4.633583e-14
3.88193909e-07	4.719009e-14
3.88581535e-07	4.805772e-14
3.88969548e-07	4.894177e-14
3.89357948e-07	4.984083e-14
3.89746737e-07	5.075423e-14
3.90135913e-07	5.168474e-14
3.90525478e-07	5.262974e-14
3.90915433e-07	5.359121e-14
3.91305776e-07	5.456968e-14
3.91696509e-07	5.556542e-14
3.92087633e-07	5.657696e-14
3.92479147e-07	5.760589e-14
3.92871052e-07	5.865215e-14
3.93263348e-07	5.971664e-14
3.93656036e-07	6.079878e-14
3.94049116e-07	6.189869e-14
3.94442589e-07	6.301678e-14
3.94836455e-07	6.415622e-14
3.95230713e-07	6.531026e-14
3.95625366e-07	6.648681e-14
3.96020412e-07	6.768350e-14
3.96415854e-07	6.890293e-14
3.96811689e-07	7.013901e-14
3.97207921e-07	7.139655e-14
3.97604547e-07	7.267489e-14
3.98001570e-07	7.397419e-14
3.98398990e-07	7.529350e-14
3.98796806e-07	7.663893e-14
3.99195019e-07	7.800198e-14
3.99593630e-07	7.939367e-14
3.99992639e-07	8.080339e-14
4.00392047e-07	8.223753e-14
4.00791853e-07	8.369759e-14
4.01192059e-07	8.517930e-14
4.01592664e-07	8.668689e-14
4.01993669e-07	8.821778e-14
4.02395074e-07	8.977306e-14
4.02796881e-07	9.135656e-14
4.03199088e-07	9.296500e-14
4.03601698e-07	9.459710e-14
4.04004709e-07	9.626034e-14
4.04408123e-07	9.794783e-14
4.04811939e-07	9.965936e-14
4.05216159e-07	1.014063e-13
4.05620782e-07	1.031800e-13
4.06025810e-07	1.049795e-13
4.06431241e-07	1.068014e-13
4.06837078e-07	1.086672e-13
4.07243320e-07	1.105550e-13
4.07649967e-07	1.124794e-13
4.08057021e-07	1.144296e-13
4.08464481e-07	1.164126e-13
4.08872348e-07	1.184224e-13
4.09280622e-07	1.204732e-13
4.09689304e-07	1.225514e-13
4.10098394e-07	1.246634e-13
4.10507892e-07	1.267962e-13
4.10917800e-07	1.289891e-13
4.11328116e-07	1.311037e-13
4.11738843e-07	1.334502e-13
4.12149979e-07	1.357005e-13
4.12561526e-07	1.380545e-13
4.12973484e-07	1.404207e-13
4.13385854e-07	1.428199e-13
4.13798635e-07	1.452507e-13
4.14211828e-07	1.477158e-13
4.14625434e-07	1.502158e-13
4.15039453e-07	1.527864e-13
4.15453885e-07	1.553712e-13
4.15868731e-07	1.580009e-13
4.16283991e-07	1.606884e-13
4.16699666e-07	1.633972e-13
4.17115756e-07	1.661592e-13
4.17532262e-07	1.689527e-13
4.17949183e-07	1.718008e-13
4.18366521e-07	1.746887e-13
4.18784276e-07	1.776055e-13
4.19202447e-07	1.805949e-13
4.19621036e-07	1.835889e-13
4.20040044e-07	1.867001e-13
4.20459469e-07	1.898166e-13
4.20879314e-07	1.929634e-13
4.21299577e-07	1.962030e-13
4.21720260e-07	1.993869e-13
4.22141364e-07	2.027226e-13
4.22562887e-07	2.061413e-13
4.22984832e-07	2.094149e-13
4.23407198e-07	2.129983e-13
4.23829986e-07	2.165037e-13
4.24253196e-07	2.201042e-13
4.24676828e-07	2.237749e-13
4.25100884e-07	2.274564e-13
4.25525363e-07	2.311821e-13
4.25950266e-07	2.350090e-13
4.26375593e-07	2.388594e-13
4.26801345e-07	2.427944e-13
4.27227522e-07	2.467426e-13
4.27654124e-07	2.507953e-13
4.28081153e-07	2.548832e-13
4.28508608e-07	2.590570e-13
4.28936489e-07	2.632240e-13
4.29364798e-07	2.674865e-13
4.29793535e-07	2.719094e-13
4.30222700e-07	2.763274e-13
4.30652293e-07	2.807925e-13
4.31082315e-07	2.853392e-13
4.31512767e-07	2.899864e-13
4.31943648e-07	2.946638e-13
4.32374960e-07	2.994171e-13
4.32806703e-07	3.042222e-13
4.33238876e-07	3.090670e-13
4.33671481e-07	3.140902e-13
4.34104518e-07	3.191419e-13
4.34537988e-07	3.242095e-13
4.34971890e-07	3.294125e-13
4.35406226e-07	3.347139e-13
4.35840995e-07	3.399795e-13
4.36276198e-07	3.454698e-13
4.36711836e-07	3.509170e-13
4.37147909e-07	3.565219e-13
4.37584417e-07	3.622645e-13
4.38021362e-07	3.680050e-13
4.38458742e-07	3.738005e-13
4.38896560e-07	3.797575e-13
4.39334814e-07	3.856870e-13
4.39773506e-07	3.917952e-13
4.40212636e-07	3.980451e-13
4.40652205e-07	4.043175e-13
4.41092212e-07	4.106462e-13
4.41532659e-07	4.170875e-13
4.41973546e-07	4.236078e-13
4.42414873e-07	4.302778e-13
4.42856641e-07	4.368742e-13
4.43298849e-07	4.436601e-13
4.43741500e-07	4.507612e-13
4.44184592e-07	4.577807e-13
4.44628127e-07	4.649302e-13
4.45072105e-07	4.721566e-13
4.45516526e-07	4.794598e-13
4.45961390e-07	4.847303e-13
4.46406699e-07	4.944979e-13
4.46852453e-07	5.021595e-13
4.47298652e-07	5.098795e-13
4.47745296e-07	5.178358e-13
4.48192386e-07	5.258202e-13
4.48639923e-07	5.333275e-13
4.49087906e-07	5.420275e-13
4.49536337e-07	5.504977e-13
4.49985216e-07	5.588963e-13
4.50434543e-07	5.674583e-13
4.50884319e-07	5.760945e-13
4.51334543e-07	5.849179e-13
4.51785218e-07	5.937910e-13
4.52236342e-07	6.027992e-13
4.52687917e-07	6.120915e-13
4.53139942e-07	6.213877e-13
4.53592419e-07	6.308822e-13
4.54045348e-07	6.403810e-13
4.54498729e-07	6.496667e-13
4.54952563e-07	6.600398e-13
4.55406850e-07	6.700558e-13
4.55861591e-07	6.800924e-13
4.56316785e-07	6.904431e-13
4.56772435e-07	7.009104e-13
4.57228539e-07	7.113789e-13
4.57685098e-07	7.220187e-13
4.58142114e-07	7.328261e-13
4.58599586e-07	7.438223e-13
4.59057514e-07	7.548610e-13
4.59515900e-07	7.663316e-13
4.59974744e-07	7.777897e-13
4.60434046e-07	7.892571e-13
4.60893806e-07	8.009546e-13
4.61354026e-07	8.131299e-13
4.61814705e-07	8.251817e-13
4.62275844e-07	8.374096e-13
4.62737444e-07	8.497435e-13
4.63199504e-07	8.623974e-13
4.63662026e-07	8.751314e-13
4.64125010e-07	8.879688e-13
4.64588456e-07	9.008429e-13
4.65052364e-07	9.141594e-13
4.65516737e-07	9.272456e-13
4.65981572e-07	9.416117e-13
4.66446872e-07	9.550778e-13
4.66912637e-07	9.684488e-13
4.67378866e-07	9.834442e-13
4.67845561e-07	9.971598e-13
4.68312722e-07	1.012502e-12
4.68780350e-07	1.025156e-12
4.69248445e-07	1.042249e-12
4.69717007e-07	1.056674e-12
4.70186036e-07	1.072887e-12
4.70655535e-07	1.088006e-12
4.71125502e-07	1.100807e-12
4.71595938e-07	1.120151e-12
4.72066844e-07	1.136358e-12
4.72538220e-07	1.152523e-12
4.73010067e-07	1.169305e-12
4.73482385e-07	1.186289e-12
4.73955175e-07	1.201353e-12
4.74428437e-07	1.220486e-12
4.74902171e-07	1.237413e-12
4.75376378e-07	1.254873e-12
4.75851059e-07	1.272540e-12
4.76326214e-07	1.292027e-12
4.76801844e-07	1.311006e-12
4.77277948e-07	1.328371e-12
4.77754528e-07	1.346958e-12
4.78231583e-07	1.367051e-12
4.78709115e-07	1.386795e-12
4.79187124e-07	1.406239e-12
4.79665610e-07	1.425732e-12
4.80144574e-07	1.443385e-12
4.80624016e-07	1.467078e-12
4.81103937e-07	1.487200e-12
4.81584337e-07	1.508544e-12
4.82065217e-07	1.529119e-12
4.82546577e-07	1.552366e-12
4.83028417e-07	1.571610e-12
4.83510739e-07	1.587443e-12
4.83993543e-07	1.613697e-12
4.84476828e-07	1.634651e-12
4.84960596e-07	1.660780e-12
4.85444847e-07	1.684641e-12
4.85929582e-07	1.710225e-12
4.86414801e-07	1.733454e-12
4.86900504e-07	1.757823e-12
4.87386692e-07	1.781941e-12
4.87873366e-07	1.793905e-12
4.88360525e-07	1.833001e-12
4.88848171e-07	1.856872e-12
4.89336304e-07	1.882048e-12
4.89824925e-07	1.893126e-12
4.90314033e-07	1.935704e-12
4.90803630e-07	1.960279e-12
4.91293716e-07	1.989868e-12
4.91784291e-07	2.017649e-12
4.92275355e-07	2.044796e-12
4.92766911e-07	2.071986e-12
4.93258957e-07	2.103093e-12
4.93751494e-07	2.131151e-12
4.94244523e-07	2.155192e-12
4.94738045e-07	2.188549e-12
4.95232059e-07	2.218777e-12
4.95726566e-07	2.249790e-12
4.96221568e-07	2.279277e-12
4.96717063e-07	2.309907e-12
4.97213054e-07	2.339167e-12
4.97709539e-07	2.372716e-12
4.98206521e-07	2.406689e-12
4.98703999e-07	2.437933e-12
4.99201973e-07	2.468717e-12
4.99700445e-07	2.503743e-12
5.00199414e-07	2.540441e-12
5.00698882e-07	2.576287e-12
5.01198848e-07	2.607455e-12
5.01699314e-07	2.642872e-12
5.02200279e-07	2.675833e-12
5.02701745e-07	2.716328e-12
5.03203711e-07	2.746479e-12
5.03706178e-07	2.785572e-12
5.04209148e-07	2.827490e-12
5.04712619e-07	2.861220e-12
5.05216594e-07	2.903276e-12
5.05721071e-07	2.935914e-12
5.06226052e-07	2.980944e-12
5.06731538e-07	3.013705e-12
5.07237528e-07	3.055758e-12
5.07744023e-07	3.101112e-12
5.08251025e-07	3.135129e-12
5.08758532e-07	3.172224e-12
5.09266546e-07	3.224998e-12
5.09775068e-07	3.268634e-12
5.10284097e-07	3.307305e-12
5.10793635e-07	3.323451e-12
5.11303681e-07	3.392218e-12
5.11814237e-07	3.433705e-12
5.12325302e-07	3.460515e-12
5.12836878e-07	3.521786e-12
5.13348965e-07	3.564021e-12
5.13861563e-07	3.620569e-12
5.14374672e-07	3.660870e-12
5.14888295e-07	3.725545e-12
5.15402430e-07	3.771346e-12
5.15917078e-07	3.822357e-12
5.16432240e-07	3.867988e-12
5.16947917e-07	3.915704e-12
5.17464109e-07	3.968174e-12
5.17980816e-07	4.021346e-12
5.18498039e-07	4.080711e-12
5.19015778e-07	4.130087e-12
5.19534035e-07	4.188744e-12
5.20052809e-07	4.242662e-12
5.20572101e-07	4.289498e-12
5.21091911e-07	4.350975e-12
5.21612241e-07	4.403822e-12
5.22133090e-07	4.468784e-12
5.22654459e-07	4.520618e-12
5.23176349e-07	4.575079e-12
5.23698760e-07	4.638962e-12
5.24221693e-07	4.666108e-12
5.24745148e-07	4.751575e-12
5.25269125e-07	4.819376e-12
5.25793626e-07	4.882860e-12
5.26318650e-07	4.947021e-12
5.26844199e-07	4.997653e-12
5.27370272e-07	5.067042e-12
5.27896871e-07	5.096890e-12
5.28423996e-07	5.204563e-12
5.28951647e-07	5.266914e-12
5.29479824e-07	5.324142e-12
5.30008530e-07	5.403779e-12
5.30537763e-07	5.470891e-12
5.31067524e-07	5.533785e-12
5.31597815e-07	5.609341e-12
5.32128635e-07	5.682663e-12
5.32659985e-07	5.742633e-12
5.33191866e-07	5.816676e-12
5.33724278e-07	5.895096e-12
5.34257221e-07	5.963367e-12
5.34790697e-07	6.042082e-12
5.35324705e-07	6.121990e-12
5.35859247e-07	6.189754e-12
5.36394322e-07	6.245916e-12
5.36929932e-07	6.356885e-12
5.37466076e-07	6.430518e-12
5.38002756e-07	6.518840e-12
5.38539972e-07	6.588047e-12
5.39077724e-07	6.643866e-12
5.39616013e-07	6.674342e-12
5.40154839e-07	6.799147e-12
5.40694204e-07	6.900564e-12
5.41234107e-07	7.003159e-12
5.41774550e-07	7.059915e-12
5.42315532e-07	7.109053e-12
5.42857054e-07	7.220916e-12
5.43399117e-07	7.248699e-12
5.43941721e-07	7.313580e-12
5.44484867e-07	7.522745e-12
5.45028555e-07	7.610779e-12
5.45572786e-07	7.728131e-12
5.46117561e-07	7.784536e-12
5.46662879e-07	7.835510e-12
5.47208743e-07	7.985394e-12
5.47755151e-07	8.097695e-12
5.48302105e-07	8.162456e-12
5.48849605e-07	8.302849e-12
5.49397651e-07	8.402171e-12
5.49946245e-07	8.520131e-12
5.50495387e-07	8.583188e-12
5.51045077e-07	8.733110e-12
5.51595316e-07	8.758644e-12
5.52146104e-07	8.951814e-12
5.52697443e-07	8.971477e-12
5.53249331e-07	9.139432e-12
5.53801771e-07	9.118253e-12
5.54354763e-07	9.339928e-12
5.54908307e-07	9.500935e-12
5.55462403e-07	9.585754e-12
5.56017053e-07	9.701474e-12
5.56572257e-07	9.727769e-12
5.57128015e-07	9.896989e-12
5.57684328e-07	1.000968e-11
5.58241196e-07	1.020100e-11
5.58798621e-07	1.033339e-11
5.59356602e-07	1.044265e-11
5.59915140e-07	1.056456e-11
5.60474236e-07	1.065912e-11
5.61033890e-07	1.080846e-11
5.61594104e-07	1.090694e-11
5.62154876e-07	1.109797e-11
5.62716209e-07	1.119158e-11
5.63278102e-07	1.134496e-11
5.63840556e-07	1.143604e-11
5.64403571e-07	1.160016e-11
5.64967149e-07	1.176465e-11
5.65531290e-07	1.186276e-11
5.66095994e-07	1.194632e-11
5.66661262e-07	1.215318e-11
5.67227094e-07	1.226285e-11
5.67793491e-07	1.231670e-11
5.68360454e-07	1.202595e-11
5.68927983e-07	1.259200e-11
5.69496079e-07	1.277937e-11
5.70064741e-07	1.292307e-11
5.70633972e-07	1.302460e-11
5.71203771e-07	1.313975e-11
5.71774140e-07	1.318274e-11
5.72345077e-07	1.342743e-11
5.72916585e-07	1.377928e-11
5.73488663e-07	1.394878e-11
5.74061313e-07	1.404250e-11
5.74634535e-07	1.412560e-11
5.75208328e-07	1.428049e-11
5.75782695e-07	1.455054e-11
5.76357636e-07	1.465137e-11
5.76933150e-07	1.490976e-11
5.77509239e-07	1.503810e-11
5.78085904e-07	1.494614e-11
5.78663144e-07	1.529909e-11
5.79240960e-07	1.530819e-11
5.79819354e-07	1.572281e-11
5.80398325e-07	1.560947e-11
5.80977874e-07	1.602235e-11
5.81558002e-07	1.584696e-11
5.82138709e-07	1.653789e-11
5.82719997e-07	1.657736e-11
5.83301864e-07	1.683219e-11
5.83884313e-07	1.672899e-11
5.84467343e-07	1.695885e-11
5.85050955e-07	1.722888e-11
5.85635150e-07	1.756785e-11
5.86219928e-07	1.744118e-11
5.86805291e-07	1.715104e-11
5.87391238e-07	1.804110e-11
5.87977770e-07	1.816401e-11
5.88564887e-07	1.830473e-11
5.89152591e-07	1.684863e-11
5.89740882e-07	1.829009e-11
5.90329760e-07	1.799473e-11
5.90919226e-07	1.903460e-11
5.91509281e-07	1.937163e-11
5.92099925e-07	1.897379e-11
5.92691158e-07	1.965125e-11
5.93282982e-07	1.983130e-11
5.93875397e-07	1.999191e-11
5.94468404e-07	2.019167e-11
5.95062003e-07	2.028922e-11
5.95656194e-07	2.089320e-11
5.96250979e-07	2.097010e-11
5.96846358e-07	2.015150e-11
5.97442331e-07	2.131122e-11
5.98038899e-07	2.148373e-11
5.98636063e-07	2.208591e-11
5.99233823e-07	2.173545e-11
5.99832181e-07	2.246261e-11
6.00431135e-07	2.058026e-11
6.01030688e-07	2.281833e-11
6.01630839e-07	2.290592e-11
6.02231590e-07	2.294523e-11
6.02832941e-07	2.376381e-11
6.03434892e-07	2.412259e-11
6.04037444e-07	2.361982e-11
6.04640598e-07	2.354706e-11
6.05244354e-07	2.435696e-11
6.05848713e-07	2.456632e-11
6.06453675e-07	2.490729e-11
6.07059241e-07	2.560211e-11
6.07665413e-07	2.575562e-11
6.08272189e-07	2.634310e-11
6.08879571e-07	2.687081e-11
6.09487560e-07	2.702583e-11
6.10096156e-07	2.743000e-11
6.10705360e-07	2.707940e-11
6.11315172e-07	2.802645e-11
6.11925592e-07	2.827587e-11
6.12536623e-07	2.818553e-11
6.13148263e-07	2.907814e-11
6.13760515e-07	2.904477e-11
6.14373377e-07	2.867397e-11
6.14986852e-07	2.976857e-11
6.15600939e-07	3.024581e-11
6.16215639e-07	3.028489e-11
6.16830953e-07	2.987036e-11
6.17446882e-07	3.103746e-11
6.18063426e-07	3.135960e-11
6.18680585e-07	3.190880e-11
6.19298360e-07	3.177925e-11
6.19916753e-07	3.188102e-11
6.20535763e-07	3.273528e-11
6.21155390e-07	3.261472e-11
6.21775637e-07	3.384745e-11
6.22396503e-07	3.387059e-11
6.23017989e-07	3.447075e-11
6.23640096e-07	3.414324e-11
6.24262823e-07	3.479584e-11
6.24886173e-07	3.518917e-11
6.25510145e-07	3.577378e-11
6.26134740e-07	3.511740e-11
6.26759959e-07	3.547830e-11
6.27385802e-07	3.624646e-11
6.28012270e-07	3.604901e-11
6.28639363e-07	3.663617e-11
6.29267083e-07	3.830249e-11
6.29895429e-07	3.801350e-11
6.30524403e-07	3.788786e-11
6.31154005e-07	3.845848e-11
6.31784236e-07	3.872571e-11
6.32415096e-07	3.837859e-11
6.33046586e-07	3.786478e-11
6.33678706e-07	4.087514e-11
6.34311458e-07	4.122209e-11
6.34944842e-07	4.123956e-11
6.35578858e-07	4.204376e-11
6.36213507e-07	4.269542e-11
6.36848789e-07	4.284991e-11
6.37484706e-07	4.195307e-11
6.38121259e-07	4.287355e-11
6.38758446e-07	4.299982e-11
6.39396270e-07	4.447929e-11
6.40034731e-07	4.480964e-11
6.40673830e-07	4.484408e-11
6.41313566e-07	4.488606e-11
6.41953941e-07	4.569403e-11
6.42594956e-07	4.651133e-11
6.43236611e-07	4.546551e-11
6.43878907e-07	4.613445e-11
6.44521844e-07	4.455543e-11
6.45165423e-07	4.716168e-11
6.45809644e-07	4.785261e-11
6.46454509e-07	4.754712e-11
6.47100018e-07	4.602079e-11
6.47746171e-07	4.605073e-11
6.48392970e-07	4.816473e-11
6.49040414e-07	5.060729e-11
6.49688505e-07	4.981590e-11
6.50337243e-07	5.153068e-11
6.50986629e-07	5.143453e-11
6.51636663e-07	4.804466e-11
6.52287347e-07	5.004880e-11
6.52938680e-07	5.022180e-11
6.53590663e-07	5.218230e-11
6.54243298e-07	5.281568e-11
6.54896584e-07	5.435802e-11
6.55550522e-07	5.395573e-11
6.56205114e-07	5.181320e-11
6.56860359e-07	5.325287e-11
6.57516258e-07	5.124740e-11
6.58172813e-07	5.604457e-11
6.58830023e-07	3.915743e-11
6.59487889e-07	5.166844e-11
6.60146412e-07	5.666888e-11
6.60805592e-07	5.991657e-11
6.61465431e-07	5.826109e-11
6.62125929e-07	6.022816e-11
6.62787086e-07	3.936966e-11
6.63448904e-07	5.080810e-11
6.64111382e-07	6.157892e-11
6.64774522e-07	5.701758e-11
6.65438324e-07	6.163361e-11
6.66102789e-07	6.291697e-11
6.66767917e-07	6.072280e-11
6.67433710e-07	6.038552e-11
6.68100167e-07	6.365059e-11
6.68767290e-07	6.523735e-11
6.69435079e-07	6.617153e-11
6.70103534e-07	6.716177e-11
6.70772657e-07	6.458135e-11
6.71442449e-07	6.908983e-11
6.72112909e-07	6.706130e-11
6.72784039e-07	7.030761e-11
6.73455838e-07	7.086335e-11
6.74128309e-07	6.555318e-11
6.74801451e-07	6.538976e-11
6.75475265e-07	7.026011e-11
6.76149752e-07	7.374148e-11
6.76824913e-07	6.861516e-11
6.77500748e-07	7.321838e-11
6.78177257e-07	7.446040e-11
6.78854443e-07	7.414012e-11
6.79532304e-07	7.445418e-11
6.80210842e-07	7.634346e-11
6.80890058e-07	7.719039e-11
6.81569952e-07	7.531988e-11
6.82250525e-07	7.634961e-11
6.82931777e-07	8.059291e-11
6.83613710e-07	7.981430e-11
6.84296323e-07	8.068771e-11
6.84979619e-07	8.231463e-11
6.85663596e-07	8.073959e-11
6.86348257e-07	8.311320e-11
6.87033601e-07	8.381785e-11
6.87719629e-07	6.050437e-11
6.88406343e-07	7.941003e-11
6.89093742e-07	8.363468e-11
6.89781828e-07	8.307705e-11
6.90470600e-07	8.134223e-11
6.91160061e-07	7.711013e-11
6.91850210e-07	7.509199e-11
6.92541048e-07	6.128369e-11
6.93232576e-07	7.549969e-11
6.93924794e-07	8.050869e-11
6.94617704e-07	7.863354e-11
6.95311305e-07	8.124204e-11
6.96005599e-07	8.287544e-11
6.96700587e-07	8.215174e-11
6.97396268e-07	8.430015e-11
6.98092644e-07	8.658068e-11
6.98789716e-07	8.939858e-11
6.99487483e-07	9.097338e-11
7.00185947e-07	8.529225e-11
7.00885109e-07	8.639790e-11
7.01584968e-07	9.213204e-11
7.02285527e-07	8.958870e-11
7.02986785e-07	8.284692e-11
7.03688744e-07	9.021271e-11
7.04391403e-07	8.778025e-11
7.05094764e-07	8.629656e-11
7.05798827e-07	9.755481e-11
7.06503593e-07	9.617553e-11
7.07209063e-07	8.265490e-11
7.07915238e-07	9.554770e-11
7.08622117e-07	9.434812e-11
7.09329703e-07	8.171289e-11
7.10037995e-07	9.434636e-11
7.10746994e-07	8.783092e-11
7.11456701e-07	9.854837e-11
7.12167117e-07	8.359132e-11
7.12878242e-07	9.401567e-11
7.13590078e-07	9.399052e-11
7.14302624e-07	8.476782e-11
7.15015881e-07	9.302997e-11
7.15729851e-07	8.523767e-11
7.16444534e-07	8.351710e-11
7.17159931e-07	8.994074e-11
7.17876041e-07	8.647262e-11
7.18592867e-07	8.855923e-11
7.19310409e-07	8.732724e-11
7.20028667e-07	8.924213e-11
7.20747642e-07	8.505337e-11
7.21467335e-07	7.721391e-11
7.22187747e-07	9.123692e-11
7.22908878e-07	9.234473e-11
7.23630730e-07	7.379796e-11
7.24353302e-07	8.517804e-11
7.25076595e-07	9.206782e-11
7.25800611e-07	8.735982e-11
7.26525350e-07	8.873599e-11
7.27250813e-07	9.325787e-11
7.27976999e-07	9.933196e-11
7.28703911e-07	9.672212e-11
7.29431549e-07	9.095294e-11
7.30159914e-07	8.546376e-11
7.30889005e-07	8.580469e-11
7.31618825e-07	1.029042e-10
7.32349374e-07	8.825925e-11
7.33080652e-07	1.007457e-10
7.33812660e-07	1.017597e-10
7.34545399e-07	1.034856e-10
7.35278870e-07	1.026724e-10
7.36013073e-07	1.009142e-10
7.36748009e-07	7.972458e-11
7.37483680e-07	1.028901e-10
7.38220084e-07	9.964504e-11
7.38957224e-07	1.070483e-10
7.39695101e-07	1.172355e-10
7.40433714e-07	9.999443e-11
7.41173064e-07	1.038056e-10
7.41913153e-07	8.563193e-11
7.42653981e-07	1.100571e-10
7.43395548e-07	1.158701e-10
7.44137856e-07	4.916536e-11
7.44880905e-07	1.147385e-10
7.45624697e-07	7.644265e-11
7.46369230e-07	1.075011e-10
7.47114508e-07	1.007990e-10
7.47860529e-07	1.192675e-10
7.48607296e-07	1.114556e-10
7.49354808e-07	1.225285e-10
7.50103066e-07	1.210592e-10
7.50852072e-07	1.026054e-10
7.51601826e-07	1.105958e-10
7.52352328e-07	1.150867e-10
7.53103580e-07	1.107584e-10
7.53855582e-07	1.191117e-10
7.54608334e-07	1.247486e-10
7.55361839e-07	1.247964e-10
7.56116095e-07	1.235118e-10
7.56871105e-07	1.202162e-10
7.57626869e-07	1.263040e-10
7.58383388e-07	1.296759e-10
7.59140662e-07	1.189041e-10
7.59898692e-07	1.288801e-10
7.60657479e-07	1.257461e-10
7.61417023e-07	1.358703e-10
7.62177326e-07	1.405040e-10
7.62938389e-07	1.449103e-10
7.63700211e-07	1.466328e-10
7.64462794e-07	1.449113e-10
7.65226138e-07	1.327083e-10
7.65990245e-07	1.459528e-10
7.66755115e-07	1.475521e-10
7.67520748e-07	1.430672e-10
7.68287146e-07	1.526327e-10
7.69054309e-07	1.456785e-10
7.69822238e-07	1.394342e-10
7.70590934e-07	1.345471e-10
7.71360398e-07	1.475769e-10
7.72130630e-07	1.394878e-10
7.72901631e-07	1.614507e-10
7.73673402e-07	1.519858e-10
7.74445944e-07	1.587280e-10
7.75219257e-07	1.580062e-10
7.75993342e-07	1.622152e-10
7.76768200e-07	1.604193e-10
7.77543832e-07	1.539765e-10
7.78320238e-07	1.630897e-10
7.79097420e-07	1.478696e-10
7.79875377e-07	1.644180e-10
7.80654112e-07	1.707516e-10
7.81433624e-07	1.681877e-10
7.82213914e-07	1.713452e-10
7.82994984e-07	1.729869e-10
7.83776833e-07	1.581381e-10
7.84559463e-07	1.662093e-10
7.85342875e-07	1.717875e-10
7.86127069e-07	1.755546e-10
7.86912046e-07	1.591720e-10
7.87697807e-07	1.778624e-10
7.88484352e-07	1.723225e-10
7.89271683e-07	1.725586e-10
7.90059800e-07	1.740124e-10
7.90848704e-07	1.834821e-10
7.91638396e-07	1.846400e-10
7.92428876e-07	1.873251e-10
7.93220146e-07	1.874236e-10
7.94012205e-07	1.891820e-10
7.94805056e-07	1.878079e-10
7.95598698e-07	1.906155e-10
7.96393133e-07	1.843370e-10
7.97188361e-07	1.983709e-10
7.97984383e-07	1.900982e-10
7.98781200e-07	1.934937e-10
7.99578813e-07	1.955317e-10
8.00377222e-07	1.876217e-10
8.01176428e-07	1.975756e-10
8.01976433e-07	1.982163e-10
8.02777236e-07	1.995856e-10
8.03578839e-07	1.710976e-10
8.04381242e-07	1.870977e-10
8.05184446e-07	1.984285e-10
8.05988453e-07	1.842041e-10
8.06793262e-07	1.494503e-10
8.07598875e-07	1.358976e-10
8.08405293e-07	1.796164e-10
8.09212515e-07	1.614418e-10
8.10020544e-07	1.683474e-10
8.10829379e-07	1.586721e-10
8.11639023e-07	1.533346e-10
8.12449474e-07	1.397407e-10
8.13260735e-07	1.401881e-10
8.14072806e-07	1.811504e-10
8.14885688e-07	1.330168e-10
8.15699382e-07	1.337811e-10
8.16513888e-07	1.889765e-10
8.17329207e-07	1.896992e-10
8.18145341e-07	1.900356e-10
8.18962289e-07	1.827428e-10
8.19780053e-07	1.778112e-10
8.20598634e-07	1.761639e-10
8.21418032e-07	1.982672e-10
8.22238248e-07	2.040048e-10
8.23059284e-07	6.261198e-11
8.23881139e-07	1.871817e-10
8.24703815e-07	1.640149e-10
8.25527312e-07	1.996231e-10
8.26351632e-07	1.856689e-10
8.27176774e-07	2.032507e-10
8.28002741e-07	2.294833e-10
8.28829533e-07	1.678650e-10
8.29657150e-07	1.490188e-10
8.30485593e-07	2.179074e-10
8.31314864e-07	1.911921e-10
8.32144962e-07	2.351161e-10
8.32975890e-07	2.354290e-10
8.33807647e-07	2.158328e-10
8.34640235e-07	1.591664e-10
8.35473654e-07	1.238595e-10
8.36307906e-07	1.915670e-10
8.37142990e-07	2.009696e-10
8.37978908e-07	2.126454e-10
8.38815661e-07	1.707149e-10
8.39653250e-07	2.160403e-10
8.40491675e-07	1.882740e-10
8.41330937e-07	2.040433e-10
8.42171037e-07	2.111091e-10
8.43011976e-07	2.075159e-10
8.43853755e-07	2.166928e-10
8.44696374e-07	2.372093e-10
8.45539834e-07	2.195575e-10
8.46384137e-07	1.467189e-10
8.47229283e-07	2.244130e-10
8.48075273e-07	2.243578e-10
8.48922108e-07	2.416917e-10
8.49769788e-07	2.433781e-10
8.50618314e-07	2.317139e-10
8.51467688e-07	2.404358e-10
8.52317910e-07	2.385623e-10
8.53168981e-07	2.524244e-10
8.54020902e-07	2.561326e-10
8.54873674e-07	2.326785e-10
8.55727297e-07	2.002254e-10
8.56581772e-07	2.141597e-10
8.57437101e-07	2.386667e-10
8.58293284e-07	2.388698e-10
8.59150321e-07	2.638698e-10
8.60008215e-07	2.288310e-10
8.60866965e-07	2.678051e-10
8.61726572e-07	2.662496e-10
8.62587038e-07	2.658688e-10
8.63448363e-07	2.688134e-10
8.64310548e-07	2.752985e-10
8.65173595e-07	2.722792e-10
8.66037502e-07	2.689277e-10
8.66902273e-07	2.967271e-10
8.67767907e-07	2.677561e-10
8.68634405e-07	3.127949e-10
8.69501769e-07	2.712817e-10
8.70369999e-07	2.716871e-10
8.71239096e-07	2.220275e-10
8.72109060e-07	3.108817e-10
8.72979893e-07	3.073107e-10
8.73851596e-07	3.222127e-10
8.74724169e-07	3.131348e-10
8.75597614e-07	2.954309e-10
8.76471930e-07	3.153611e-10
8.77347120e-07	3.415361e-10
8.78223184e-07	2.939653e-10
8.79100122e-07	3.305132e-10
8.79977936e-07	3.358845e-10
8.80856627e-07	3.126772e-10
8.81736195e-07	3.163879e-10
8.82616641e-07	3.220104e-10
8.83497966e-07	2.999171e-10
8.84380172e-07	3.156494e-10
8.85263258e-07	3.386200e-10
8.86147226e-07	3.081494e-10
8.87032077e-07	2.957015e-10
8.87917812e-07	3.204398e-10
8.88804430e-07	3.088536e-10
8.89691935e-07	3.182951e-10
8.90580325e-07	3.324726e-10
8.91469602e-07	2.739415e-10
8.92359768e-07	2.778681e-10
8.93250822e-07	2.815170e-10
8.94142766e-07	3.251210e-10
8.95035601e-07	3.014559e-10
8.95929327e-07	2.918460e-10
8.96823946e-07	2.835632e-10
8.97719458e-07	1.690811e-10
8.98615864e-07	3.202212e-10
8.99513165e-07	3.301621e-10
9.00411362e-07	3.457266e-10
9.01310456e-07	3.337821e-10
9.02210448e-07	3.458249e-10
9.03111339e-07	3.061666e-10
9.04013129e-07	3.061110e-10
9.04915820e-07	3.321833e-10
9.05819412e-07	3.150214e-10
9.06723906e-07	3.626901e-10
9.07629303e-07	2.923560e-10
9.08535605e-07	3.789477e-10
9.09442811e-07	3.042398e-10
9.10350924e-07	3.540406e-10
9.11259943e-07	3.746675e-10
9.12169869e-07	3.449295e-10
9.13080705e-07	2.302351e-10
9.13992450e-07	3.689196e-10
9.14905105e-07	3.787980e-10
9.15818672e-07	1.209669e-10
9.16733151e-07	2.635759e-10
9.17648543e-07	1.967452e-10
9.18564849e-07	3.310708e-10
9.19482070e-07	2.647082e-10
9.20400207e-07	2.788059e-10
9.21319260e-07	2.834308e-10
9.22239232e-07	2.866596e-10
9.23160122e-07	1.912932e-10
9.24081931e-07	2.321475e-10
9.25004661e-07	3.702785e-10
9.25928313e-07	1.201151e-10
9.26852887e-07	2.832388e-10
9.27778384e-07	2.083618e-10
9.28704805e-07	1.143765e-10
9.29632151e-07	2.048621e-10
9.30560423e-07	3.070487e-10
9.31489622e-07	3.277039e-10
9.32419749e-07	1.291484e-10
9.33350805e-07	1.398727e-10
9.34282790e-07	2.088248e-10
9.35215706e-07	2.616178e-10
9.36149554e-07	2.492296e-10
9.37084334e-07	3.104796e-10
9.38020047e-07	9.384028e-11
9.38956695e-07	1.570926e-10
9.39894278e-07	2.348408e-10
9.40832797e-07	3.277452e-10
9.41772253e-07	1.225826e-10
9.42712648e-07	2.039811e-10
9.43653981e-07	1.575857e-10
9.44596255e-07	1.779908e-10
9.45539469e-07	2.786331e-10
9.46483625e-07	3.041597e-10
9.47428724e-07	1.928059e-10
9.48374767e-07	2.465482e-10
9.49321755e-07	2.537404e-10
9.50269687e-07	2.513904e-10
9.51218567e-07	3.114684e-10
9.52168394e-07	2.370121e-10
9.53119169e-07	2.301004e-10
9.54070894e-07	3.418175e-10
9.55023569e-07	3.168117e-10
9.55977196e-07	2.170824e-10
9.56931774e-07	1.568726e-10
9.57887306e-07	3.138826e-10
9.58843792e-07	2.980380e-10
9.59801233e-07	2.228754e-10
9.60759630e-07	1.790524e-10
9.61718984e-07	2.836168e-10
9.62679296e-07	1.746356e-10
9.63640567e-07	1.532437e-10
9.64602798e-07	3.141099e-10
9.65565990e-07	2.612334e-10
9.66530143e-07	3.299829e-10
9.67495259e-07	2.829583e-10
9.68461339e-07	2.030124e-10
9.69428384e-07	2.238786e-10
9.70396394e-07	3.708237e-10
9.71365371e-07	3.423143e-10
9.72335315e-07	3.121225e-10
9.73306228e-07	2.766306e-10
9.74278110e-07	1.703945e-10
9.75250963e-07	2.149824e-10
9.76224787e-07	3.423864e-10
9.77199584e-07	2.994375e-10
9.78175354e-07	2.933773e-10
9.79152098e-07	2.795723e-10
9.80129818e-07	3.663571e-10
9.81108514e-07	3.294346e-10
9.82088187e-07	3.216932e-10
9.83068838e-07	3.290598e-10
9.84050469e-07	3.068233e-10
9.85033080e-07	2.711881e-10
9.86016672e-07	2.866934e-10
9.87001246e-07	3.575328e-10
9.87986804e-07	2.845578e-10
9.88973345e-07	3.390039e-10
9.89960871e-07	3.227273e-10
9.90949384e-07	3.468451e-10
9.91938884e-07	3.282196e-10
9.92929371e-07	3.516520e-10
9.93920848e-07	4.070090e-10
9.94913315e-07	3.596034e-10
9.95906773e-07	3.388654e-10
9.96901223e-07	3.368198e-10
9.97896665e-07	4.017529e-10
9.98893102e-07	4.184402e-10
9.99890534e-07	4.028053e-10
1.00088896e-06	3.113267e-10
1.00188839e-06	3.149685e-10
1.00288881e-06	3.838152e-10
1.00389023e-06	4.259658e-10
1.00489265e-06	3.805941e-10
1.00589607e-06	3.798736e-10
1.00690050e-06	4.294693e-10
1.00790593e-06	4.104305e-10
1.00891236e-06	4.474969e-10
1.00991979e-06	4.430259e-10
1.01092824e-06	3.600220e-10
1.01193769e-06	4.439351e-10
1.01294814e-06	4.031575e-10
1.01395961e-06	4.385055e-10
1.01497209e-06	4.557118e-10
1.01598557e-06	4.658451e-10
1.01700007e-06	4.386866e-10
1.01801558e-06	4.471371e-10
1.01903211e-06	4.871904e-10
1.02004965e-06	3.798040e-10
1.02106821e-06	4.889326e-10
1.02208778e-06	4.870288e-10
1.02310838e-06	4.414833e-10
1.02412999e-06	4.684596e-10
1.02515262e-06	4.876853e-10
1.02617627e-06	4.507383e-10
1.02720095e-06	5.000276e-10
1.02822665e-06	4.761118e-10
1.02925337e-06	4.834336e-10
1.03028112e-06	4.834964e-10
1.03130989e-06	5.122176e-10
1.03233969e-06	4.958733e-10
1.03337052e-06	5.191687e-10
1.03440238e-06	5.440028e-10
1.03543527e-06	5.299680e-10
1.03646919e-06	5.469595e-10
1.03750414e-06	5.044827e-10
1.03854013e-06	5.247258e-10
1.03957715e-06	5.470698e-10
1.04061521e-06	5.531543e-10
1.04165430e-06	5.140305e-10
1.04269443e-06	5.177900e-10
1.04373560e-06	5.400650e-10
1.04477781e-06	5.348405e-10
1.04582106e-06	5.624921e-10
1.04686535e-06	4.957381e-10
1.04791068e-06	5.206226e-10
1.04895706e-06	5.470826e-10
1.05000448e-06	5.366059e-10
1.05105295e-06	5.345482e-10
1.05210246e-06	5.428455e-10
1.05315303e-06	5.974235e-10
1.05420464e-06	5.995286e-10
1.05525730e-06	6.122591e-10
1.05631102e-06	5.901942e-10
1.05736578e-06	6.103365e-10
1.05842160e-06	6.180051e-10
1.05947847e-06	5.724914e-10
1.06053640e-06	5.697608e-10
1.06159539e-06	6.049688e-10
1.06265543e-06	6.128606e-10
1.06371653e-06	6.046979e-10
1.06477869e-06	6.316394e-10
1.06584191e-06	6.036874e-10
1.06690619e-06	6.005989e-10
1.06797154e-06	6.235094e-10
1.06903795e-06	5.705036e-10
1.07010542e-06	6.372370e-10
1.07117396e-06	5.817145e-10
1.07224357e-06	6.536749e-10
1.07331424e-06	6.510120e-10
1.07438599e-06	6.794572e-10
1.07545880e-06	6.612276e-10
1.07653269e-06	6.040030e-10
1.07760765e-06	6.216330e-10
1.07868368e-06	4.766091e-10
1.07976078e-06	6.193725e-10
1.08083896e-06	6.588676e-10
1.08191822e-06	6.503307e-10
1.08299856e-06	6.742794e-10
1.08407997e-06	6.643749e-10
1.08516247e-06	6.389948e-10
1.08624604e-06	5.901865e-10
1.08733070e-06	5.867337e-10
1.08841644e-06	6.274762e-10
1.08950326e-06	5.639115e-10
1.09059117e-06	6.090211e-10
1.09168017e-06	3.855459e-10
1.09277025e-06	3.901587e-10
1.09386142e-06	4.168901e-10
1.09495368e-06	4.053958e-10
1.09604703e-06	3.085077e-10
1.09714148e-06	4.362080e-10
1.09823701e-06	5.522883e-10
1.09933364e-06	5.392984e-10
1.10043137e-06	4.106857e-10
1.10153019e-06	4.499283e-10
1.10263011e-06	4.643617e-10
1.10373113e-06	6.157327e-10
1.10483324e-06	4.846475e-10
1.10593646e-06	4.136418e-10
1.10704078e-06	5.265777e-10
1.10814620e-06	4.635467e-10
1.10925273e-06	4.484420e-10
1.11036036e-06	2.513645e-10
1.11146909e-06	4.779633e-10
1.11257893e-06	4.947990e-10
1.11368989e-06	4.793208e-10
1.11480195e-06	2.811096e-10
1.11591512e-06	5.531358e-10
1.11702940e-06	3.612823e-10
1.11814480e-06	5.346217e-10
1.11926130e-06	3.122807e-10
1.12037893e-06	2.142369e-10
1.12149767e-06	5.475400e-10
1.12261752e-06	5.396405e-10
1.12373850e-06	5.121106e-10
1.12486059e-06	5.183561e-10
1.12598381e-06	5.368290e-10
1.12710815e-06	5.549382e-10
1.12823361e-06	3.142466e-10
1.12936019e-06	2.724160e-10
1.13048790e-06	5.363653e-10
1.13161673e-06	4.349539e-10
1.13274669e-06	6.101344e-10
1.13387778e-06	5.708846e-10
1.13501000e-06	4.600188e-10
1.13614335e-06	4.756134e-10
1.13727783e-06	5.218577e-10
1.13841345e-06	6.186711e-10
1.13955019e-06	6.023177e-10
1.14068808e-06	5.779343e-10
1.14182710e-06	4.746453e-10
1.14296725e-06	4.949798e-10
1.14410855e-06	3.116607e-10
1.14525098e-06	5.557686e-10
1.14639456e-06	3.955058e-10
1.14753928e-06	5.036821e-10
1.14868514e-06	4.169660e-10
1.14983214e-06	3.263512e-10
1.15098029e-06	4.562175e-10
1.15212959e-06	6.243102e-10
1.15328003e-06	3.552701e-10
1.15443162e-06	4.100312e-10
1.15558437e-06	4.626243e-10
1.15673826e-06	5.783664e-10
1.15789331e-06	4.636853e-10
1.15904951e-06	5.774821e-10
1.16020686e-06	5.400146e-10
1.16136537e-06	5.354197e-10
1.16252504e-06	2.542518e-10
1.16368586e-06	2.574527e-10
1.16484784e-06	4.531943e-10
1.16601099e-06	5.793221e-10
1.16717529e-06	4.765876e-10
1.16834076e-06	2.790710e-10
1.16950739e-06	2.996588e-10
1.17067519e-06	4.435138e-10
1.17184415e-06	6.196548e-10
1.17301428e-06	5.380035e-10
1.17418558e-06	5.356354e-10
1.17535805e-06	5.898212e-10
1.17653168e-06	5.096213e-10
1.17770650e-06	4.916263e-10
1.17888248e-06	4.418566e-10
1.18005964e-06	4.229095e-10
1.18123797e-06	5.636252e-10
1.18241748e-06	2.771224e-10
1.18359817e-06	4.696372e-10
1.18478003e-06	5.419585e-10
1.18596308e-06	3.498542e-10
1.18714731e-06	7.116166e-10
1.18833272e-06	6.401095e-10
1.18951931e-06	4.626047e-10
1.19070709e-06	5.048471e-10
1.19189606e-06	6.023194e-10
1.19308621e-06	7.130630e-10
1.19427755e-06	6.522733e-10
1.19547008e-06	7.353531e-10
1.19666380e-06	6.900987e-10
1.19785872e-06	6.799886e-10
1.19905482e-06	5.308331e-10
1.20025212e-06	7.619800e-10
1.20145062e-06	7.157250e-10
1.20265031e-06	6.871474e-10
1.20385120e-06	8.162712e-10
1.20505329e-06	6.558095e-10
1.20625658e-06	6.548918e-10
1.20746108e-06	7.520714e-10
1.20866677e-06	7.667446e-10
1.20987367e-06	5.089187e-10
1.21108177e-06	7.417009e-10
1.21229108e-06	6.521295e-10
1.21350160e-06	7.460773e-10
1.21471333e-06	7.870536e-10
1.21592626e-06	6.438083e-10
1.21714041e-06	7.635463e-10
1.21835577e-06	8.168838e-10
1.21957234e-06	8.822924e-10
1.22079013e-06	6.915084e-10
1.22200914e-06	8.109966e-10
1.22322936e-06	7.530280e-10
1.22445080e-06	8.426348e-10
1.22567346e-06	7.621753e-10
1.22689734e-06	7.798201e-10
1.22812244e-06	8.372729e-10
1.22934876e-06	7.544418e-10
1.23057631e-06	7.373660e-10
1.23180509e-06	6.724106e-10
1.23303509e-06	8.392412e-10
1.23426633e-06	7.804824e-10
1.23549879e-06	7.905963e-10
1.23673248e-06	7.163451e-10
1.23796740e-06	8.422804e-10
1.23920356e-06	8.905223e-10
1.24044095e-06	8.264603e-10
1.24167957e-06	9.244497e-10
1.24291944e-06	8.153330e-10
1.24416054e-06	8.412117e-10
1.24540288e-06	9.676099e-10
1.24664646e-06	9.579793e-10
1.24789128e-06	9.525777e-10
1.24913735e-06	9.696281e-10
1.25038466e-06	9.937828e-10
1.25163321e-06	9.611684e-10
1.25288301e-06	1.001177e-09
1.25413407e-06	9.864465e-10
1.25538636e-06	8.014934e-10
1.25663991e-06	9.569878e-10
1.25789472e-06	9.029312e-10
1.25915077e-06	1.026593e-09
1.26040808e-06	8.475878e-10
1.26166664e-06	9.866593e-10
1.26292646e-06	1.039754e-09
1.26418754e-06	1.003135e-09
1.26544988e-06	1.012002e-09
1.26671348e-06	1.061332e-09
1.26797834e-06	1.080409e-09
1.26924446e-06	9.991982e-10
1.27051185e-06	6.569275e-10
1.27178050e-06	1.081136e-09
1.27305042e-06	9.552812e-10
1.27432161e-06	1.136190e-09
1.27559407e-06	1.051316e-09
1.27686780e-06	9.716754e-10
1.27814280e-06	1.091729e-09
1.27941907e-06	9.672704e-10
1.28069662e-06	9.923753e-10
1.28197544e-06	9.783237e-10
1.28325554e-06	6.840936e-10
1.28453692e-06	9.762450e-10
1.28581958e-06	1.076099e-09
1.28710351e-06	1.126703e-09
1.28838874e-06	1.037512e-09
1.28967524e-06	8.195678e-10
1.29096303e-06	1.055748e-09
1.29225210e-06	1.033062e-09
1.29354246e-06	1.175488e-09
1.29483411e-06	9.029732e-10
1.29612705e-06	1.048526e-09
1.29742128e-06	9.721001e-10
1.29871681e-06	1.125532e-09
1.30001362e-06	1.212002e-09
1.30131174e-06	1.012128e-09
1.30261114e-06	1.002908e-09
1.30391185e-06	1.037340e-09
1.30521385e-06	1.078098e-09
1.30651716e-06	1.013799e-09
1.30782176e-06	1.011281e-09
1.30912767e-06	5.524042e-10
1.31043489e-06	8.295669e-10
1.31174340e-06	7.193305e-10
1.31305323e-06	1.068673e-09
1.31436436e-06	9.709013e-10
1.31567680e-06	1.072866e-09
1.31699055e-06	8.039373e-10
1.31830562e-06	9.437080e-10
1.31962199e-06	9.274276e-10
1.32093969e-06	8.999081e-10
1.32225869e-06	1.010522e-09
1.32357902e-06	9.788963e-10
1.32490066e-06	9.550616e-10
1.32622362e-06	7.322703e-10
1.32754791e-06	1.178261e-09
1.32887351e-06	7.340437e-10
1.33020044e-06	6.439583e-10
1.33152870e-06	9.577997e-10
1.33285828e-06	5.835046e-10
1.33418918e-06	7.760481e-10
1.33552142e-06	7.829342e-10
1.33685499e-06	6.282569e-10
1.33818989e-06	5.804149e-10
1.33952612e-06	7.436410e-10
1.34086369e-06	7.730571e-10
1.34220259e-06	9.164262e-10
1.34354283e-06	4.662621e-10
1.34488441e-06	3.947971e-10
1.34622732e-06	7.891427e-10
1.34757158e-06	5.612041e-10
1.34891718e-06	6.571244e-10
1.35026412e-06	4.771800e-10
1.35161241e-06	4.346588e-10
1.35296205e-06	5.694372e-10
1.35431303e-06	4.997904e-10
1.35566536e-06	4.423175e-10
1.35701905e-06	5.936409e-10
1.35837408e-06	4.226588e-10
1.35973047e-06	5.765545e-10
1.36108821e-06	4.116217e-10
1.36244730e-06	4.967800e-10
1.36380776e-06	6.986066e-10
1.36516957e-06	6.663593e-10
1.36653274e-06	5.602317e-10
1.36789728e-06	5.344251e-10
1.36926317e-06	4.939396e-10
1.37063043e-06	5.062422e-10
1.37199906e-06	6.578753e-10
1.37336905e-06	7.196557e-10
1.37474041e-06	6.368133e-10
1.37611314e-06	5.264365e-10
1.37748724e-06	8.258718e-10
1.37886271e-06	5.771036e-10
1.38023956e-06	5.401641e-10
1.38161778e-06	7.778809e-10
1.38299737e-06	5.929938e-10
1.38437835e-06	5.153586e-10
1.38576070e-06	4.968288e-10
1.38714443e-06	6.332469e-10
1.38852955e-06	7.415288e-10
1.38991605e-06	4.507397e-10
1.39130393e-06	7.196388e-10
1.39269320e-06	4.701405e-10
1.39408385e-06	7.897708e-10
1.39547590e-06	6.051881e-10
1.39686933e-06	5.833966e-10
1.39826416e-06	6.910682e-10
1.39966038e-06	4.666910e-10
1.40105799e-06	4.750326e-10
1.40245700e-06	7.409637e-10
1.40385740e-06	7.277020e-10
1.40525921e-06	4.974892e-10
1.40666241e-06	4.769613e-10
1.40806702e-06	7.095452e-10
1.40947302e-06	6.409691e-10
1.41088043e-06	5.294315e-10
1.41228925e-06	6.590876e-10
1.41369947e-06	5.737994e-10
1.41511110e-06	7.094101e-10
1.41652415e-06	8.547067e-10
1.41793860e-06	6.127686e-10
1.41935446e-06	5.598328e-10
1.42077174e-06	4.796328e-10
1.42219043e-06	5.440295e-10
1.42361054e-06	5.036213e-10
1.42503207e-06	5.909476e-10
1.42645502e-06	7.184034e-10
1.42787939e-06	6.054470e-10
1.42930518e-06	5.303624e-10
1.43073239e-06	7.232338e-10
1.43216103e-06	5.432222e-10
1.43359110e-06	6.957867e-10
1.43502259e-06	7.022752e-10
1.43645551e-06	6.202709e-10
1.43788987e-06	6.461094e-10
1.43932565e-06	7.170013e-10
1.44076287e-06	6.534614e-10
1.44220153e-06	6.939871e-10
1.44364162e-06	8.305518e-10
1.44508315e-06	6.040516e-10
1.44652612e-06	7.341295e-10
1.44797053e-06	6.292102e-10
1.44941638e-06	7.828065e-10
1.45086368e-06	5.638621e-10
1.45231242e-06	7.522124e-10
1.45376261e-06	6.030486e-10
1.45521424e-06	7.738499e-10
1.45666733e-06	5.204856e-10
1.45812186e-06	5.536588e-10
1.45957785e-06	5.664194e-10
1.46103529e-06	7.999767e-10
1.46249419e-06	6.156374e-10
1.46395455e-06	5.945912e-10
1.46541636e-06	8.683554e-10
1.46687963e-06	6.238438e-10
1.46834437e-06	7.079156e-10
1.46981056e-06	7.659211e-10
1.47127822e-06	8.035876e-10
1.47274735e-06	9.280306e-10
1.47421794e-06	5.988566e-10
1.47569000e-06	5.907148e-10
1.47716353e-06	7.162485e-10
1.47863854e-06	5.816522e-10
1.48011501e-06	6.749925e-10
1.48159296e-06	7.813367e-10
1.48307239e-06	9.891343e-10
1.48455329e-06	6.309213e-10
1.48603567e-06	7.023682e-10
1.48751953e-06	8.672411e-10
1.48900488e-06	9.081873e-10
1.49049170e-06	6.984363e-10
1.49198001e-06	8.518597e-10
1.49346981e-06	6.151071e-10
1.49496110e-06	1.053061e-09
1.49645387e-06	6.316255e-10
1.49794813e-06	9.823351e-10
1.49944389e-06	9.464073e-10
1.50094114e-06	7.987852e-10
1.50243989e-06	7.976888e-10
1.50394013e-06	7.799194e-10
1.50544187e-06	8.402896e-10
1.50694511e-06	7.717961e-10
1.50844985e-06	9.019766e-10
1.50995609e-06	8.327364e-10
1.51146384e-06	8.132506e-10
1.51297309e-06	1.045945e-09
1.51448385e-06	8.453781e-10
1.51599612e-06	1.045352e-09
1.51750990e-06	7.419460e-10
1.51902519e-06	6.687283e-10
1.52054199e-06	9.189357e-10
1.52206031e-06	7.458811e-10
1.52358014e-06	8.604927e-10
1.52510149e-06	8.531446e-10
1.52662436e-06	1.142035e-09
1.52814875e-06	8.268081e-10
1.52967467e-06	1.275571e-09
1.53120210e-06	6.663885e-10
1.53273107e-06	1.000362e-09
1.53426156e-06	7.777486e-10
1.53579357e-06	9.116495e-10
1.53732712e-06	6.762590e-10
1.53886220e-06	9.623137e-10
1.54039881e-06	1.087227e-09
1.54193695e-06	1.013035e-09
1.54347663e-06	1.068350e-09
1.54501785e-06	1.272141e-09
1.54656061e-06	8.046741e-10
1.54810491e-06	1.143678e-09
1.54965075e-06	9.547164e-10
1.55119813e-06	1.109781e-09
1.55274706e-06	1.124284e-09
1.55429754e-06	1.219926e-09
1.55584956e-06	1.160250e-09
1.55740313e-06	9.708520e-10
1.55895826e-06	1.158661e-09
1.56051494e-06	1.215984e-09
1.56207317e-06	1.221837e-09
1.56363296e-06	1.241902e-09
1.56519430e-06	9.514917e-10
1.56675721e-06	1.228461e-09
1.56832167e-06	1.214690e-09
1.56988770e-06	1.251292e-09
1.57145529e-06	1.148753e-09
1.57302445e-06	8.926059e-10
1.57459517e-06	1.268745e-09
1.57616746e-06	1.191088e-09
1.57774132e-06	1.350652e-09
1.57931676e-06	1.319407e-09
1.58089376e-06	1.376900e-09
1.58247234e-06	9.137830e-10
1.58405250e-06	1.220382e-09
1.58563424e-06	1.316173e-09
1.58721755e-06	1.188087e-09
1.58880245e-06	1.456615e-09
1.59038892e-06	9.685681e-10
1.59197699e-06	1.225107e-09
1.59356663e-06	1.446979e-09
1.59515787e-06	1.523253e-09
1.59675069e-06	1.387950e-09
1.59834511e-06	1.196681e-09
1.59994111e-06	1.362390e-09
1.60153872e-06	1.351044e-09
1.60313791e-06	1.239269e-09
1.60473870e-06	1.536290e-09
1.60634109e-06	1.414930e-09
1.60794509e-06	1.481956e-09
1.60955068e-06	1.465010e-09
1.61115787e-06	1.458833e-09
1.61276668e-06	1.435273e-09
1.61437708e-06	1.524117e-09
1.61598910e-06	1.444086e-09
1.61760272e-06	1.523400e-09
1.61921796e-06	1.396290e-09
1.62083481e-06	1.520570e-09
1.62245327e-06	1.459284e-09
1.62407335e-06	1.396256e-09
1.62569505e-06	1.488469e-09
1.62731837e-06	1.477479e-09
1.62894330e-06	1.589809e-09
1.63056986e-06	1.550494e-09
1.63219805e-06	8.822457e-10
1.63382786e-06	1.583452e-09
1.63545930e-06	1.475968e-09
1.63709236e-06	1.477824e-09
1.63872706e-06	1.511704e-09
1.64036339e-06	1.451634e-09
1.64200135e-06	1.702392e-09
1.64364095e-06	1.593721e-09
1.64528219e-06	1.552176e-09
1.64692506e-06	1.557135e-09
1.64856958e-06	1.588198e-09
1.65021574e-06	1.628040e-09
1.65186354e-06	1.528156e-09
1.65351299e-06	1.655640e-09
1.65516408e-06	1.643401e-09
1.65681682e-06	1.662261e-09
1.65847122e-06	1.617934e-09
1.66012726e-06	1.587524e-09
1.66178496e-06	1.601575e-09
1.66344431e-06	1.637480e-09
1.66510532e-06	1.674046e-09
1.66676799e-06	1.584078e-09
1.66843232e-06	1.651520e-09
1.67009831e-06	1.388996e-09
1.67176597e-06	1.332508e-09
1.67343529e-06	1.625284e-09
1.67510628e-06	1.619589e-09
1.67677893e-06	1.661936e-09
1.67845326e-06	1.361312e-09
1.68012926e-06	1.669858e-09
1.68180693e-06	1.784478e-09
1.68348627e-06	1.512020e-09
1.68516730e-06	1.574125e-09
1.68685000e-06	1.227617e-09
1.68853438e-06	1.640903e-09
1.69022045e-06	1.706992e-09
1.69190819e-06	1.399830e-09
1.69359763e-06	1.734866e-09
1.69528875e-06	1.380988e-09
1.69698156e-06	1.587180e-09
1.69867605e-06	1.723087e-09
1.70037225e-06	1.561732e-09
1.70207013e-06	1.668931e-09
1.70376971e-06	1.356805e-09
1.70547099e-06	1.548649e-09
1.70717396e-06	1.646362e-09
1.70887864e-06	1.588840e-09
1.71058502e-06	1.748850e-09
1.71229310e-06	1.620393e-09
1.71400289e-06	1.460574e-09
1.71571438e-06	1.336442e-09
1.71742759e-06	1.316234e-09
1.71914250e-06	1.344775e-09
1.72085913e-06	1.240765e-09
1.72257747e-06	1.340450e-09
1.72429753e-06	1.637376e-09
1.72601931e-06	1.593070e-09
1.72774280e-06	1.349712e-09
1.72946801e-06	1.255745e-09
1.73119495e-06	1.467535e-09
1.73292362e-06	1.434058e-09
1.73465400e-06	1.364415e-09
1.73638612e-06	1.549885e-09
1.73811997e-06	1.454213e-09
1.73985554e-06	1.104309e-09
1.74159285e-06	1.513019e-09
1.74333190e-06	1.512767e-09
1.74507268e-06	1.192737e-09
1.74681520e-06	8.666308e-10
1.74855946e-06	1.647550e-09
1.75030546e-06	9.413799e-10
1.75205321e-06	9.712062e-10
1.75380270e-06	1.324597e-09
1.75555393e-06	9.017663e-10
1.75730692e-06	1.009515e-09
1.75906165e-06	1.595145e-09
1.76081814e-06	1.476566e-09
1.76257638e-06	1.488659e-09
1.76433638e-06	1.432061e-09
1.76609814e-06	1.469002e-09
1.76786165e-06	8.827700e-10
1.76962693e-06	1.600943e-09
1.77139397e-06	1.341380e-09
1.77316277e-06	1.164522e-09
1.77493334e-06	1.178874e-09
1.77670567e-06	1.278126e-09
1.77847978e-06	1.029625e-09
1.78025566e-06	1.250574e-09
1.78203331e-06	1.054873e-09
1.78381274e-06	1.200304e-09
1.78559394e-06	1.436381e-09
1.78737692e-06	1.399804e-09
1.78916168e-06	1.295298e-09
1.79094823e-06	1.154593e-09
1.79273655e-06	1.077437e-09
1.79452667e-06	1.541915e-09
1.79631857e-06	9.125172e-10
1.79811226e-06	1.200370e-09
1.79990774e-06	1.392404e-09
1.80170502e-06	1.068623e-09
1.80350409e-06	1.041170e-09
1.80530495e-06	1.335554e-09
1.80710762e-06	1.014171e-09
1.80891208e-06	1.022714e-09
1.81071835e-06	9.580322e-10
1.81252641e-06	9.550007e-10
1.81433629e-06	1.182119e-09
1.81614797e-06	1.518115e-09
1.81796146e-06	1.145570e-09
1.81977676e-06	1.173981e-09
1.82159388e-06	1.097557e-09
1.82341281e-06	1.002174e-09
1.82523355e-06	1.207011e-09
1.82705612e-06	1.210199e-09
1.82888050e-06	9.597874e-10
1.83070670e-06	1.243178e-09
1.83253473e-06	9.762724e-10
1.83436459e-06	1.516208e-09
1.83619627e-06	9.807235e-10
1.83802978e-06	1.310882e-09
1.83986512e-06	9.676247e-10
1.84170229e-06	1.469373e-09
1.84354130e-06	1.013760e-09
1.84538214e-06	1.415388e-09
1.84722483e-06	9.962544e-10
1.84906935e-06	1.554129e-09
1.85091571e-06	1.384513e-09
1.85276392e-06	1.592680e-09
1.85461397e-06	1.300188e-09
1.85646588e-06	1.205290e-09
1.85831963e-06	1.269788e-09
1.86017523e-06	1.202515e-09
1.86203268e-06	1.205261e-09
1.86389199e-06	1.361280e-09
1.86575315e-06	1.353429e-09
1.86761618e-06	1.174928e-09
1.86948106e-06	1.478574e-09
1.87134781e-06	1.248744e-09
1.87321642e-06	1.231957e-09
1.87508689e-06	1.431613e-09
1.87695924e-06	1.394891e-09
1.87883345e-06	1.346516e-09
1.88070954e-06	1.552760e-09
1.88258749e-06	1.490772e-09
1.88446733e-06	1.447861e-09
1.88634904e-06	1.701097e-09
1.88823263e-06	1.394308e-09
1.89011810e-06	1.143073e-09
1.89200545e-06	1.446200e-09
1.89389469e-06	1.028089e-09
1.89578581e-06	1.627460e-09
1.89767882e-06	1.377608e-09
1.89957373e-06	1.436165e-09
1.90147052e-06	1.045599e-09
1.90336921e-06	1.146389e-09
1.90526980e-06	1.351103e-09
1.90717228e-06	1.115215e-09
1.90907666e-06	1.563801e-09
1.91098294e-06	1.385171e-09
1.91289113e-06	1.217299e-09
1.91480122e-06	1.562166e-09
1.91671322e-06	1.320980e-09
1.91862713e-06	1.518876e-09
1.92054295e-06	1.510005e-09
1.92246069e-06	1.292084e-09
1.92438033e-06	1.529690e-09
1.92630190e-06	1.305611e-09
1.92822538e-06	1.421782e-09
1.93015079e-06	1.552625e-09
1.93207812e-06	1.601957e-09
1.93400737e-06	1.299537e-09
1.93593855e-06	1.441594e-09
1.93787165e-06	1.352662e-09
1.93980669e-06	1.100444e-09
1.94174366e-06	1.634043e-09
1.94368256e-06	1.410699e-09
1.94562340e-06	1.466359e-09
1.94756618e-06	1.277690e-09
1.94951089e-06	1.431413e-09
1.95145755e-06	1.540589e-09
1.95340615e-06	1.090270e-09
1.95535670e-06	1.359192e-09
1.95730920e-06	1.313717e-09
1.95926364e-06	1.646591e-09
1.96122004e-06	1.451805e-09
1.96317839e-06	1.520941e-09
1.96513870e-06	1.228003e-09
1.96710096e-06	1.508413e-09
1.96906519e-06	1.517670e-09
1.97103137e-06	1.362302e-09
1.97299952e-06	1.286400e-09
1.97496963e-06	1.556228e-09
1.97694171e-06	1.421138e-09
1.97891576e-06	1.759934e-09
1.98089178e-06	1.506260e-09
1.98286978e-06	1.262928e-09
1.98484975e-06	1.258142e-09
1.98683169e-06	1.281558e-09
1.98881562e-06	1.712444e-09
1.99080152e-06	1.142212e-09
1.99278941e-06	1.282971e-09
1.99477929e-06	1.577497e-09
1.99677115e-06	1.304183e-09
1.99876500e-06	1.632448e-09
2.00076084e-06	1.668684e-09
2.00275867e-06	1.582593e-09
2.00475850e-06	1.536357e-09
2.00676033e-06	1.706249e-09
2.00876415e-06	1.133206e-09
2.01076998e-06	1.306549e-09
2.01277780e-06	1.616305e-09
2.01478764e-06	1.486178e-09
2.01679948e-06	1.237913e-09
2.01881333e-06	1.152145e-09
2.02082919e-06	1.552411e-09
2.02284706e-06	1.494762e-09
2.02486695e-06	1.320140e-09
2.02688885e-06	1.522199e-09
2.02891278e-06	1.378102e-09
2.03093872e-06	1.336792e-09
2.03296669e-06	1.424232e-09
2.03499668e-06	1.452536e-09
2.03702870e-06	1.594509e-09
2.03906275e-06	1.453464e-09
2.04109883e-06	1.567373e-09
2.04313694e-06	1.552194e-09
2.04517709e-06	1.763008e-09
2.04721927e-06	1.540537e-09
2.04926350e-06	1.736113e-09
2.05130976e-06	1.727397e-09
2.05335807e-06	1.308241e-09
2.05540843e-06	1.819926e-09
2.05746083e-06	1.657460e-09
2.05951528e-06	1.745030e-09
2.06157178e-06	1.348115e-09
2.06363034e-06	1.658688e-09
2.06569095e-06	1.748665e-09
2.06775362e-06	1.331335e-09
2.06981835e-06	1.872194e-09
2.07188514e-06	1.699369e-09
2.07395399e-06	1.688902e-09
2.07602491e-06	1.630271e-09
2.07809790e-06	1.750645e-09
2.08017296e-06	1.750629e-09
2.08225009e-06	1.868982e-09
2.08432929e-06	1.537353e-09
2.08641057e-06	1.425076e-09
2.08849393e-06	1.529379e-09
2.09057937e-06	1.603964e-09
2.09266689e-06	1.867338e-09
2.09475649e-06	1.580644e-09
2.09684818e-06	1.605429e-09
2.09894197e-06	1.746546e-09
2.10103784e-06	1.670837e-09
2.10313580e-06	1.790904e-09
2.10523586e-06	1.787712e-09
2.10733802e-06	1.598337e-09
2.10944227e-06	1.876941e-09
2.11154863e-06	1.553858e-09
2.11365709e-06	1.732851e-09
2.11576765e-06	1.851992e-09
2.11788032e-06	1.824604e-09
2.11999511e-06	1.633439e-09
2.12211200e-06	1.870159e-09
2.12423101e-06	1.917746e-09
2.12635213e-06	1.817000e-09
2.12847537e-06	1.512847e-09
2.13060073e-06	1.725882e-09
2.13272822e-06	1.826455e-09
2.13485783e-06	1.799366e-09
2.13698956e-06	1.642430e-09
2.13912342e-06	1.898572e-09
2.14125942e-06	1.706599e-09
2.14339754e-06	1.505508e-09
2.14553781e-06	1.921389e-09
2.14768021e-06	1.956292e-09
2.14982474e-06	1.652197e-09
2.15197142e-06	1.878680e-09
2.15412025e-06	1.831846e-09
2.15627122e-06	1.945343e-09
2.15842433e-06	1.990567e-09
2.16057960e-06	1.704630e-09
2.16273702e-06	1.953239e-09
2.16489659e-06	1.867960e-09
2.16705832e-06	1.930812e-09
2.16922221e-06	1.903146e-09
2.17138826e-06	1.660668e-09
2.17355647e-06	1.944995e-09
2.17572684e-06	1.684979e-09
2.17789939e-06	1.943870e-09
2.18007410e-06	1.872318e-09
2.18225099e-06	1.856349e-09
2.18443005e-06	1.704664e-09
2.18661128e-06	1.683823e-09
2.18879469e-06	1.899942e-09
2.19098028e-06	1.812290e-09
2.19316806e-06	1.935886e-09
2.19535802e-06	1.868559e-09
2.19755017e-06	1.875952e-09
2.19974450e-06	1.910882e-09
2.20194103e-06	1.848596e-09
2.20413975e-06	1.851726e-09
2.20634066e-06	1.867733e-09
2.20854377e-06	1.596236e-09
2.21074909e-06	1.679081e-09
2.21295660e-06	1.889171e-09
2.21516632e-06	1.903124e-09
2.21737825e-06	1.888489e-09
2.21959238e-06	1.402252e-09
2.22180873e-06	1.791750e-09
2.22402729e-06	1.945286e-09
2.22624806e-06	1.914015e-09
2.22847105e-06	1.901787e-09
2.23069626e-06	1.970341e-09
2.23292369e-06	1.444046e-09
2.23515335e-06	1.916306e-09
2.23738523e-06	1.926337e-09
2.23961935e-06	1.987484e-09
2.24185569e-06	1.506585e-09
2.24409427e-06	1.978916e-09
2.24633508e-06	1.872532e-09
2.24857813e-06	1.966165e-09
2.25082341e-06	1.877145e-09
2.25307094e-06	1.941477e-09
2.25532072e-06	1.890566e-09
2.25757274e-06	1.966326e-09
2.25982701e-06	1.936245e-09
2.26208353e-06	1.991270e-09
2.26434231e-06	1.794205e-09
2.26660334e-06	1.908782e-09
2.26886662e-06	1.903507e-09
2.27113217e-06	1.945846e-09
2.27339998e-06	1.875605e-09
2.27567005e-06	1.932397e-09
2.27794240e-06	1.919740e-09
2.28021700e-06	1.785691e-09
2.28249389e-06	1.749385e-09
2.28477304e-06	1.972248e-09
2.28705447e-06	1.893788e-09
2.28933818e-06	1.965826e-09
2.29162417e-06	1.798403e-09
2.29391244e-06	1.420009e-09
2.29620300e-06	1.865836e-09
2.29849584e-06	1.688552e-09
2.30079097e-06	1.885570e-09
2.30308840e-06	1.667016e-09
2.30538812e-06	1.902804e-09
2.30769013e-06	1.798059e-09
2.30999445e-06	1.706273e-09
2.31230106e-06	1.884651e-09
2.31460998e-06	1.940675e-09
2.31692121e-06	1.933515e-09
2.31923474e-06	1.943297e-09
2.32155058e-06	1.946055e-09
2.32386873e-06	1.927066e-09
2.32618920e-06	1.891743e-09
2.32851199e-06	1.631450e-09
2.33083709e-06	1.904690e-09
2.33316452e-06	1.787204e-09
2.33549427e-06	1.869486e-09
2.33782635e-06	1.884344e-09
2.34016076e-06	1.902977e-09
2.34249749e-06	1.853130e-09
2.34483656e-06	1.497699e-09
2.34717797e-06	1.954038e-09
2.34952171e-06	1.731296e-09
2.35186780e-06	1.971814e-09
2.35421623e-06	1.934618e-09
2.35656700e-06	1.935450e-09
2.35892012e-06	1.807786e-09
2.36127559e-06	1.906675e-09
2.36363341e-06	1.939171e-09
2.36599358e-06	1.955450e-09
2.36835612e-06	1.964444e-09
2.37072101e-06	1.851348e-09
2.37308826e-06	1.531263e-09
2.37545788e-06	1.818907e-09
2.37782986e-06	2.002583e-09
2.38020421e-06	1.907983e-09
2.38258093e-06	1.746537e-09
2.38496003e-06	1.807319e-09
2.38734150e-06	1.782309e-09
2.38972535e-06	1.937137e-09
2.39211158e-06	1.705377e-09
2.39450019e-06	1.885264e-09
2.39689119e-06	1.885990e-09
2.39928457e-06	1.972555e-09
2.40168035e-06	1.644295e-09
2.40407851e-06	1.667851e-09
2.40647907e-06	2.016980e-09
2.40888203e-06	1.762848e-09
2.41128739e-06	1.908449e-09
2.41369515e-06	1.677859e-09
2.41610531e-06	1.471395e-09
2.41851788e-06	1.782813e-09
2.42093286e-06	1.927076e-09
2.42335026e-06	1.468202e-09
2.42577006e-06	1.588492e-09
2.42819228e-06	1.732126e-09
2.43061692e-06	1.732296e-09
2.43304398e-06	1.930352e-09
2.43547347e-06	1.813340e-09
2.43790538e-06	1.540285e-09
2.44033972e-06	1.883571e-09
2.44277649e-06	1.954521e-09
2.44521569e-06	1.843948e-09
2.44765733e-06	1.748268e-09
2.45010140e-06	1.651380e-09
2.45254792e-06	1.712874e-09
2.45499688e-06	1.766665e-09
2.45744829e-06	2.014806e-09
2.45990214e-06	1.600379e-09
2.46235844e-06	1.982587e-09
2.46481720e-06	1.939270e-09
2.46727841e-06	1.972234e-09
2.46974208e-06	1.625464e-09
2.47220821e-06	1.760293e-09
2.47467680e-06	1.759064e-09
2.47714786e-06	1.758852e-09
2.47962138e-06	1.647905e-09
2.48209737e-06	1.754298e-09
2.48457584e-06	1.583217e-09
2.48705678e-06	1.500615e-09
2.48954020e-06	1.491022e-09
2.49202610e-06	1.674615e-09
2.49451448e-06	1.721459e-09
2.49700534e-06	1.597115e-09
2.49949870e-06	1.694468e-09
2.50199454e-06	1.974875e-09
2.50449287e-06	1.649325e-09
2.50699370e-06	1.727727e-09
2.50949703e-06	1.821696e-09
2.51200285e-06	1.503025e-09
2.51451118e-06	1.654677e-09
2.51702201e-06	1.838492e-09
2.51953535e-06	1.526234e-09
2.52205120e-06	1.732829e-09
2.52456956e-06	1.581214e-09
2.52709044e-06	1.744966e-09
2.52961383e-06	1.693937e-09
2.53213975e-06	1.821185e-09
2.53466818e-06	1.514212e-09
2.53719914e-06	1.813408e-09
2.53973263e-06	1.522480e-09
2.54226865e-06	1.743864e-09
2.54480720e-06	1.845051e-09
2.54734828e-06	1.817358e-09
2.54989190e-06	1.740725e-09
2.55243806e-06	1.700444e-09
2.55498677e-06	1.689922e-09
2.55753802e-06	1.806413e-09
2.56009181e-06	1.528471e-09
2.56264816e-06	1.539329e-09
2.56520706e-06	1.735040e-09
2.56776851e-06	1.528045e-09
2.57033253e-06	1.960337e-09
2.57289910e-06	1.838159e-09
2.57546823e-06	1.695540e-09
2.57803993e-06	1.540909e-09
2.58061420e-06	1.824964e-09
2.58319104e-06	1.598629e-09
2.58577045e-06	1.736829e-09
2.58835244e-06	1.640495e-09
2.59093701e-06	1.915947e-09
2.59352415e-06	1.696190e-09
2.59611388e-06	1.570045e-09
2.59870620e-06	1.857872e-09
2.60130110e-06	1.601920e-09
2.60389860e-06	1.718088e-09
2.60649869e-06	1.566529e-09
2.60910137e-06	1.579987e-09
2.61170666e-06	1.903834e-09
2.61431454e-06	1.949157e-09
2.61692503e-06	1.668222e-09
2.61953813e-06	1.947829e-09
2.62215384e-06	1.745883e-09
2.62477215e-06	1.894935e-09
2.62739309e-06	1.668839e-09
2.63001663e-06	1.983249e-09
2.63264280e-06	1.588568e-09
2.63527160e-06	1.910529e-09
2.63790301e-06	1.978139e-09
2.64053706e-06	1.564975e-09
2.64317373e-06	1.565020e-09
2.64581304e-06	1.573453e-09
2.64845498e-06	1.616228e-09
2.65109956e-06	1.619118e-09
2.65374678e-06	1.980986e-09
2.65639665e-06	1.826477e-09
2.65904916e-06	1.879879e-09
2.66170431e-06	1.934986e-09
2.66436213e-06	1.872018e-09
2.66702259e-06	1.688310e-09
2.66968571e-06	1.586822e-09
2.67235149e-06	1.944756e-09
2.67501993e-06	1.798208e-09
2.67769104e-06	1.689358e-09
2.68036481e-06	1.701212e-09
2.68304126e-06	1.595868e-09
2.68572037e-06	1.578580e-09
2.68840216e-06	1.847022e-09
2.69108663e-06	1.580128e-09
2.69377378e-06	1.581966e-09
2.69646362e-06	1.629697e-09
2.69915613e-06	1.987231e-09
2.70185134e-06	1.601403e-09
2.70454924e-06	1.590951e-09
2.70724983e-06	1.641575e-09
2.70995312e-06	1.650105e-09
2.71265911e-06	1.880210e-09
2.71536780e-06	1.593457e-09
2.71807920e-06	1.794282e-09
2.72079330e-06	1.703459e-09
2.72351011e-06	1.734498e-09
2.72622964e-06	1.701701e-09
2.72895188e-06	1.594630e-09
2.73167684e-06	1.604934e-09
2.73440452e-06	1.762730e-09
2.73713492e-06	1.891968e-09
2.73986805e-06	1.667367e-09
2.74260391e-06	1.985608e-09
2.74534251e-06	1.649956e-09
2.74808383e-06	1.609166e-09
2.75082790e-06	1.779864e-09
2.75357470e-06	1.983931e-09
2.75632425e-06	1.923488e-09
2.75907654e-06	2.100236e-09
2.76183158e-06	2.003652e-09
2.76458937e-06	1.663449e-09
2.76734991e-06	1.770547e-09
2.77011322e-06	1.614367e-09
2.77287928e-06	1.726778e-09
2.77564810e-06	1.919766e-09
2.77841969e-06	1.667447e-09
2.78119404e-06	1.650416e-09
2.78397117e-06	1.815704e-09
2.78675106e-06	1.673928e-09
2.78953374e-06	1.615766e-09
2.79231919e-06	1.627596e-09
2.79510743e-06	1.726805e-09
2.79789844e-06	1.626916e-09
2.80069225e-06	1.618239e-09
2.80348884e-06	1.639711e-09
2.80628823e-06	1.857278e-09
2.80909041e-06	1.635691e-09
2.81189540e-06	1.857231e-09
2.81470318e-06	1.623772e-09
2.81751376e-06	1.634957e-09
2.82032715e-06	1.713727e-09
2.82314336e-06	1.625193e-09
2.82596237e-06	1.659619e-09
2.82878420e-06	1.687691e-09
2.83160884e-06	1.696323e-09
2.83443631e-06	1.726883e-09
2.83726660e-06	1.628903e-09
2.84009972e-06	1.680714e-09
2.84293566e-06	1.698053e-09
2.84577444e-06	1.761881e-09
2.84861605e-06	1.639167e-09
2.85146050e-06	1.646258e-09
2.85430779e-06	1.802816e-09
2.85715792e-06	1.693573e-09
2.86001090e-06	1.865873e-09
2.86286672e-06	1.930326e-09
2.86572540e-06	1.636701e-09
2.86858693e-06	1.653352e-09
2.87145132e-06	1.677153e-09
2.87431857e-06	2.033799e-09
2.87718869e-06	1.658069e-09
2.88006167e-06	1.907071e-09
2.88293752e-06	1.660581e-09
2.88581624e-06	1.760629e-09
2.88869783e-06	1.660372e-09
2.89158230e-06	1.730825e-09
2.89446965e-06	1.756832e-09
2.89735989e-06	1.862268e-09
2.90025301e-06	1.685744e-09
2.90314902e-06	2.056874e-09
2.90604792e-06	1.834546e-09
2.90894972e-06	1.651106e-09
2.91185441e-06	1.675084e-09
2.91476201e-06	1.776146e-09
2.91767251e-06	1.827493e-09
2.92058591e-06	1.650657e-09
2.92350222e-06	1.755203e-09
2.92642145e-06	1.678860e-09
2.92934359e-06	1.874968e-09
2.93226865e-06	1.829591e-09
2.93519663e-06	1.835115e-09
2.93812753e-06	1.679638e-09
2.94106136e-06	1.941145e-09
2.94399812e-06	1.847662e-09
2.94693781e-06	1.802515e-09
2.94988043e-06	1.996629e-09
2.95282600e-06	2.139212e-09
2.95577451e-06	1.737440e-09
2.95872596e-06	1.816576e-09
2.96168035e-06	1.880341e-09
2.96463770e-06	1.955339e-09
2.96759800e-06	1.943477e-09
2.97056126e-06	1.692972e-09
2.97352747e-06	1.740939e-09
2.97649665e-06	1.885794e-09
2.97946879e-06	1.722316e-09
2.98244390e-06	1.674672e-09
2.98542198e-06	1.736367e-09
2.98840304e-06	1.915590e-09
2.99138707e-06	1.714618e-09
2.99437408e-06	1.765081e-09
2.99736407e-06	2.048416e-09
3.00035705e-06	1.845663e-09
3.00335302e-06	1.689391e-09
3.00635198e-06	1.825881e-09
3.00935393e-06	1.900504e-09
3.01235888e-06	1.898939e-09
3.01536684e-06	2.046246e-09
3.01837779e-06	1.759600e-09
3.02139175e-06	1.871456e-09
3.02440873e-06	1.779629e-09
3.02742871e-06	1.966343e-09
3.03045171e-06	1.806945e-09
3.03347773e-06	1.736842e-09
3.03650677e-06	1.840405e-09
3.03953883e-06	1.813160e-09
3.04257392e-06	1.704198e-09
3.04561205e-06	2.066371e-09
3.04865320e-06	1.825323e-09
3.05169740e-06	1.847181e-09
3.05474463e-06	1.865322e-09
3.05779491e-06	1.934796e-09
3.06084823e-06	1.805541e-09
3.06390460e-06	1.687435e-09
3.06696402e-06	1.795729e-09
3.07002650e-06	1.827229e-09
3.07309203e-06	1.695962e-09
3.07616063e-06	1.976764e-09
3.07923229e-06	1.864887e-09
3.08230702e-06	1.860175e-09
3.08538481e-06	1.780542e-09
3.08846569e-06	1.817066e-09
3.09154963e-06	1.768846e-09
3.09463666e-06	1.754449e-09
3.09772677e-06	1.783640e-09
3.10081996e-06	1.765379e-09
3.10391625e-06	1.900103e-09
3.10701562e-06	1.706222e-09
3.11011809e-06	1.760422e-09
3.11322366e-06	1.842585e-09
3.11633233e-06	1.811500e-09
3.11944410e-06	1.902891e-09
3.12255898e-06	1.730611e-09
3.12567698e-06	1.861170e-09
3.12879808e-06	1.858767e-09
3.13192230e-06	1.854697e-09
3.13504964e-06	1.772524e-09
3.13818010e-06	1.738162e-09
3.14131369e-06	1.745936e-09
3.14445041e-06	1.909812e-09
3.14759026e-06	1.872093e-09
3.15073325e-06	1.728882e-09
3.15387937e-06	1.814183e-09
3.15702864e-06	1.831580e-09
3.16018105e-06	1.763252e-09
3.16333660e-06	1.706747e-09
3.16649531e-06	1.880405e-09
3.16965718e-06	1.970476e-09
3.17282220e-06	1.819713e-09
3.17599038e-06	1.784229e-09
3.17916172e-06	1.738324e-09
3.18233623e-06	2.024340e-09
3.18551391e-06	1.840108e-09
3.18869477e-06	1.747088e-09
3.19187880e-06	1.877922e-09
3.19506601e-06	1.844115e-09
3.19825640e-06	1.813646e-09
3.20144997e-06	1.717601e-09
3.20464674e-06	1.722188e-09
3.20784670e-06	1.919392e-09
3.21104985e-06	1.747174e-09
3.21425621e-06	1.857308e-09
3.21746576e-06	1.832553e-09
3.22067852e-06	1.807783e-09
3.22389449e-06	1.720471e-09
3.22711366e-06	1.872770e-09
3.23033606e-06	1.956124e-09
3.23356167e-06	1.808662e-09
3.23679050e-06	1.769860e-09
3.24002255e-06	2.040946e-09
3.24325783e-06	1.725029e-09
3.24649635e-06	1.914698e-09
3.24973809e-06	1.917690e-09
3.25298308e-06	1.839979e-09
3.25623130e-06	2.002423e-09
3.25948277e-06	1.728254e-09
3.26273748e-06	2.030869e-09
3.26599545e-06	1.997773e-09
3.26925667e-06	1.767826e-09
3.27252114e-06	2.118734e-09
3.27578887e-06	1.770576e-09
3.27905987e-06	2.009846e-09
3.28233413e-06	1.809604e-09
3.28561167e-06	1.813486e-09
3.28889247e-06	2.059255e-09
3.29217655e-06	1.837807e-09
3.29546391e-06	2.000634e-09
3.29875455e-06	1.837547e-09
3.30204848e-06	2.126592e-09
3.30534570e-06	1.790328e-09
3.30864621e-06	1.803128e-09
3.31195002e-06	1.702025e-09
3.31525712e-06	1.857740e-09
3.31856753e-06	1.896617e-09
3.32188124e-06	1.908974e-09
3.32519826e-06	1.944444e-09
3.32851860e-06	1.776535e-09
3.33184225e-06	1.772667e-09
3.33516921e-06	1.979880e-09
3.33849950e-06	1.839774e-09
3.34183312e-06	1.833320e-09
3.34517006e-06	1.825374e-09
3.34851034e-06	1.873040e-09
3.35185395e-06	2.012462e-09
3.35520090e-06	1.899635e-09
3.35855119e-06	1.849993e-09
3.36190483e-06	1.885248e-09
3.36526182e-06	1.886128e-09
3.36862216e-06	1.958399e-09
3.37198585e-06	2.024974e-09
3.37535290e-06	2.098117e-09
3.37872332e-06	1.950249e-09
3.38209710e-06	1.931205e-09
3.38547425e-06	1.862051e-09
3.38885477e-06	2.037482e-09
3.39223867e-06	1.797502e-09
3.39562594e-06	1.961098e-09
3.39901660e-06	1.968913e-09
3.40241065e-06	1.987500e-09
3.40580808e-06	2.012030e-09
3.40920890e-06	1.841139e-09
3.41261313e-06	1.787779e-09
3.41602075e-06	1.921246e-09
3.41943177e-06	1.986572e-09
3.42284620e-06	1.959062e-09
3.42626404e-06	1.817065e-09
3.42968529e-06	1.835395e-09
3.43310996e-06	1.899422e-09
3.43653804e-06	1.749319e-09
3.43996956e-06	1.961069e-09
3.44340449e-06	1.956265e-09
3.44684286e-06	1.813083e-09
3.45028466e-06	1.987176e-09
3.45372990e-06	1.942056e-09
3.45717857e-06	1.905410e-09
3.46063070e-06	2.072718e-09
3.46408626e-06	1.931638e-09
3.46754528e-06	1.787190e-09
3.47100775e-06	1.722665e-09
3.47447368e-06	1.942707e-09
3.47794307e-06	1.775175e-09
3.48141593e-06	1.811058e-09
3.48489225e-06	1.752248e-09
3.48837205e-06	1.969141e-09
3.49185532e-06	1.925594e-09
3.49534206e-06	1.953891e-09
3.49883229e-06	2.052068e-09
3.50232600e-06	2.049440e-09
3.50582321e-06	2.062199e-09
3.50932390e-06	2.034282e-09
3.51282809e-06	1.998695e-09
3.51633578e-06	1.779633e-09
3.51984697e-06	2.000948e-09
3.52336167e-06	2.096060e-09
3.52687988e-06	1.718830e-09
3.53040160e-06	2.108062e-09
3.53392683e-06	2.022410e-09
3.53745559e-06	2.019734e-09
3.54098787e-06	1.944321e-09
3.54452368e-06	1.924414e-09
3.54806302e-06	2.137972e-09
3.55160589e-06	2.002305e-09
3.55515230e-06	1.998774e-09
3.55870225e-06	2.008391e-09
3.56225575e-06	2.062436e-09
3.56581279e-06	1.986551e-09
3.56937339e-06	2.016650e-09
3.57293754e-06	2.011860e-09
3.57650525e-06	1.988954e-09
3.58007652e-06	2.074723e-09
3.58365136e-06	2.087608e-09
3.58722977e-06	2.056108e-09
3.59081175e-06	2.076163e-09
3.59439731e-06	2.137236e-09
3.59798645e-06	1.763952e-09
3.60157917e-06	1.769300e-09
3.60517548e-06	2.065491e-09
3.60877538e-06	1.915602e-09
3.61237888e-06	1.850476e-09
3.61598597e-06	1.927678e-09
3.61959667e-06	2.116642e-09
3.62321097e-06	2.026091e-09
3.62682888e-06	1.885614e-09
3.63045040e-06	1.973084e-09
3.63407554e-06	1.922728e-09
3.63770430e-06	1.811023e-09
3.64133669e-06	2.130336e-09
3.64497270e-06	2.175969e-09
3.64861234e-06	1.994303e-09
3.65225561e-06	1.826470e-09
3.65590252e-06	2.234325e-09
3.65955308e-06	2.119261e-09
3.66320728e-06	2.053111e-09
3.66686512e-06	2.147291e-09
3.67052662e-06	2.122625e-09
3.67419178e-06	1.844033e-09
3.67786060e-06	2.054880e-09
3.68153308e-06	2.071987e-09
3.68520923e-06	2.260056e-09
3.68888904e-06	1.949546e-09
3.69257254e-06	2.179122e-09
3.69625971e-06	1.799428e-09
3.69995056e-06	1.980481e-09
3.70364510e-06	2.139145e-09
3.70734332e-06	1.974848e-09
3.71104524e-06	1.959041e-09
3.71475086e-06	2.140405e-09
3.71846018e-06	2.103641e-09
3.72217320e-06	2.000593e-09
3.72588992e-06	2.137400e-09
3.72961036e-06	2.168124e-09
3.73333452e-06	2.155124e-09
3.73706239e-06	2.131588e-09
3.74079399e-06	2.222376e-09
3.74452931e-06	2.112148e-09
3.74826836e-06	1.811213e-09
3.75201114e-06	2.189366e-09
3.75575766e-06	2.139112e-09
3.75950793e-06	2.221773e-09
3.76326194e-06	2.244361e-09
3.76701969e-06	2.249559e-09
3.77078120e-06	2.061579e-09
3.77454647e-06	2.097380e-09
3.77831549e-06	2.045392e-09
3.78208828e-06	1.960773e-09
3.78586483e-06	2.052593e-09
3.78964516e-06	2.315768e-09
3.79342926e-06	1.817673e-09
3.79721714e-06	2.325076e-09
3.80100880e-06	2.270264e-09
3.80480425e-06	2.232198e-09
3.80860349e-06	2.260720e-09
3.81240652e-06	2.306218e-09
3.81621335e-06	2.152057e-09
3.82002398e-06	2.336283e-09
3.82383842e-06	2.249821e-09
3.82765666e-06	2.304373e-09
3.83147872e-06	2.080611e-09
3.83530459e-06	2.312337e-09
3.83913428e-06	2.236882e-09
3.84296780e-06	2.301430e-09
3.84680515e-06	1.945836e-09
3.85064633e-06	2.121641e-09
3.85449134e-06	2.322494e-09
3.85834019e-06	2.222590e-09
3.86219289e-06	2.124301e-09
3.86604943e-06	2.041187e-09
3.86990982e-06	2.304690e-09
3.87377407e-06	2.191874e-09
3.87764218e-06	2.245461e-09
3.88151415e-06	2.335499e-09
3.88538998e-06	2.211348e-09
3.88926969e-06	2.253575e-09
3.89315327e-06	2.321803e-09
3.89704073e-06	2.102702e-09
3.90093207e-06	2.301210e-09
3.90482729e-06	2.321901e-09
3.90872641e-06	2.302542e-09
3.91262941e-06	2.286072e-09
3.91653632e-06	2.219416e-09
3.92044713e-06	2.059715e-09
3.92436184e-06	2.057151e-09
3.92828046e-06	2.329603e-09
3.93220299e-06	1.872889e-09
3.93612944e-06	2.222738e-09
3.94005981e-06	2.110649e-09
3.94399411e-06	2.332740e-09
3.94793233e-06	2.111463e-09
3.95187449e-06	2.080130e-09
3.95582058e-06	2.377180e-09
3.95977062e-06	2.230680e-09
3.96372460e-06	1.918951e-09
3.96768252e-06	2.187655e-09
3.97164440e-06	2.185881e-09
3.97561023e-06	1.973288e-09
3.97958003e-06	2.253476e-09
3.98355379e-06	2.195050e-09
3.98753151e-06	2.235461e-09
3.99151321e-06	1.968289e-09
3.99549888e-06	2.279216e-09
3.99948854e-06	1.849089e-09
4.00348217e-06	2.346313e-09
