2.99769222e-07	8.992610e-17
3.00068553e-07	1.214453e-16
3.00368182e-07	1.246192e-16
3.00668111e-07	1.278731e-16
3.00968339e-07	1.312090e-16
3.01268867e-07	1.346288e-16
3.01569695e-07	1.381347e-16
3.01870824e-07	1.417286e-16
3.02172253e-07	1.454127e-16
3.02473983e-07	1.491892e-16
3.02776015e-07	1.530603e-16
3.03078348e-07	1.570282e-16
3.03380983e-07	1.610953e-16
3.03683920e-07	1.652639e-16
3.03987160e-07	1.695365e-16
3.04290702e-07	1.739156e-16
3.04594547e-07	1.784037e-16
3.04898696e-07	1.830033e-16
3.05203149e-07	1.877172e-16
3.05507906e-07	1.925481e-16
3.05812967e-07	1.974987e-16
3.06118332e-07	2.025719e-16
3.06424003e-07	2.077706e-16
3.06729978e-07	2.130978e-16
3.07036260e-07	2.185564e-16
3.07342847e-07	2.241496e-16
3.07649740e-07	2.298806e-16
3.07956940e-07	2.357526e-16
3.08264446e-07	2.417689e-16
3.08572260e-07	2.479329e-16
3.08880380e-07	2.542481e-16
3.09188809e-07	2.607180e-16
3.09497545e-07	2.673462e-16
3.09806590e-07	2.741364e-16
3.10115944e-07	2.810924e-16
3.10425606e-07	2.882181e-16
3.10735577e-07	2.955174e-16
3.11045858e-07	3.029944e-16
3.11356449e-07	3.106531e-16
3.11667350e-07	3.184978e-16
3.11978561e-07	3.265327e-16
3.12290084e-07	3.347624e-16
3.12601917e-07	3.431912e-16
3.12914061e-07	3.518238e-16
3.13226518e-07	3.606649e-16
3.13539286e-07	3.697192e-16
3.13852367e-07	3.789916e-16
3.14165760e-07	3.884872e-16
3.14479466e-07	3.982111e-16
3.14793485e-07	4.081684e-16
3.15107818e-07	4.183645e-16
3.15422465e-07	4.288049e-16
3.15737426e-07	4.394951e-16
3.16052702e-07	4.504409e-16
3.16368292e-07	4.616479e-16
3.16684197e-07	4.731222e-16
3.17000418e-07	4.848697e-16
3.17316955e-07	4.968968e-16
3.17633808e-07	5.092096e-16
3.17950977e-07	5.218146e-16
3.18268463e-07	5.347185e-16
3.18586266e-07	5.479279e-16
3.18904386e-07	5.614497e-16
3.19222824e-07	5.752909e-16
3.19541579e-07	5.894587e-16
3.19860654e-07	6.039604e-16
3.20180046e-07	6.188034e-16
3.20499758e-07	6.339953e-16
3.20819789e-07	6.495440e-16
3.21140139e-07	6.654573e-16
3.21460810e-07	6.817435e-16
3.21781800e-07	6.984106e-16
3.22103111e-07	7.154672e-16
3.22424743e-07	7.329219e-16
3.22746696e-07	7.507835e-16
3.23068971e-07	7.690610e-16
3.23391567e-07	7.877635e-16
3.23714485e-07	8.069003e-16
3.24037726e-07	8.264811e-16
3.24361290e-07	8.465156e-16
3.24685177e-07	8.670136e-16
3.25009387e-07	8.879853e-16
3.25333921e-07	9.094411e-16
3.25658779e-07	9.313916e-16
3.25983961e-07	9.538474e-16
3.26309468e-07	9.768196e-16
3.26635300e-07	1.000319e-15
3.26961458e-07	1.024358e-15
3.27287941e-07	1.048948e-15
3.27614750e-07	1.074100e-15
3.27941886e-07	1.099827e-15
3.28269348e-07	1.126141e-15
3.28597137e-07	1.153055e-15
3.28925253e-07	1.180581e-15
3.29253697e-07	1.208734e-15
3.29582469e-07	1.237525e-15
3.29911570e-07	1.266970e-15
3.30240998e-07	1.297081e-15
3.30570756e-07	1.327874e-15
3.30900844e-07	1.359362e-15
3.31231260e-07	1.391560e-15
3.31562007e-07	1.424484e-15
3.31893084e-07	1.458148e-15
3.32224491e-07	1.492569e-15
3.32556230e-07	1.527763e-15
3.32888300e-07	1.563745e-15
3.33220701e-07	1.600533e-15
3.33553434e-07	1.638144e-15
3.33886500e-07	1.676594e-15
3.34219898e-07	1.715901e-15
3.34553629e-07	1.756083e-15
3.34887693e-07	1.797159e-15
3.35222091e-07	1.839147e-15
3.35556822e-07	1.882067e-15
3.35891888e-07	1.925937e-15
3.36227289e-07	1.970777e-15
3.36563024e-07	2.016608e-15
3.36899095e-07	2.063450e-15
3.37235501e-07	2.111324e-15
3.37572243e-07	2.160251e-15
3.37909321e-07	2.210253e-15
3.38246736e-07	2.261352e-15
3.38584488e-07	2.313571e-15
3.38922578e-07	2.366933e-15
3.39261004e-07	2.421461e-15
3.39599769e-07	2.477179e-15
3.39938872e-07	2.534111e-15
3.40278313e-07	2.592282e-15
3.40618094e-07	2.651717e-15
3.40958214e-07	2.712443e-15
3.41298673e-07	2.774485e-15
3.41639473e-07	2.837869e-15
3.41980612e-07	2.902624e-15
3.42322093e-07	2.968777e-15
3.42663914e-07	3.036355e-15
3.43006076e-07	3.105388e-15
3.43348581e-07	3.175906e-15
3.43691427e-07	3.247937e-15
3.44034616e-07	3.321512e-15
3.44378147e-07	3.396662e-15
3.44722021e-07	3.473419e-15
3.45066239e-07	3.551814e-15
3.45410800e-07	3.631881e-15
3.45755706e-07	3.713652e-15
3.46100956e-07	3.797162e-15
3.46446550e-07	3.882445e-15
3.46792490e-07	3.969535e-15
3.47138775e-07	4.058469e-15
3.47485406e-07	4.149283e-15
3.47832383e-07	4.242015e-15
3.48179707e-07	4.336701e-15
3.48527377e-07	4.433380e-15
3.48875395e-07	4.532092e-15
3.49223760e-07	4.632876e-15
3.49572472e-07	4.735772e-15
3.49921534e-07	4.840823e-15
3.50270943e-07	4.948069e-15
3.50620702e-07	5.057553e-15
3.50970809e-07	5.169320e-15
3.51321267e-07	5.283413e-15
3.51672074e-07	5.399877e-15
3.52023232e-07	5.518758e-15
3.52374740e-07	5.640103e-15
3.52726599e-07	5.763959e-15
3.53078810e-07	5.890374e-15
3.53431372e-07	6.019398e-15
3.53784286e-07	6.151081e-15
3.54137553e-07	6.285473e-15
3.54491173e-07	6.422627e-15
3.54845145e-07	6.562594e-15
3.55199471e-07	6.705428e-15
3.55554151e-07	6.851177e-15
3.55909185e-07	6.999908e-15
3.56264573e-07	7.151690e-15
3.56620317e-07	7.306550e-15
3.56976415e-07	7.464559e-15
3.57332870e-07	7.625777e-15
3.57689680e-07	7.790263e-15
3.58046846e-07	7.958085e-15
3.58404369e-07	8.129299e-15
3.58762249e-07	8.303968e-15
3.59120487e-07	8.482160e-15
3.59479082e-07	8.663940e-15
3.59838035e-07	8.849370e-15
3.60197347e-07	9.038514e-15
3.60557017e-07	9.231368e-15
3.60917046e-07	9.428263e-15
3.61277436e-07	9.629030e-15
3.61638184e-07	9.833781e-15
3.61999294e-07	1.004261e-14
3.62360763e-07	1.025556e-14
3.62722594e-07	1.047280e-14
3.63084786e-07	1.069434e-14
3.63447339e-07	1.092024e-14
3.63810255e-07	1.115064e-14
3.64173533e-07	1.138556e-14
3.64537174e-07	1.162514e-14
3.64901178e-07	1.186943e-14
3.65265545e-07	1.211852e-14
3.65630276e-07	1.237250e-14
3.65995372e-07	1.263146e-14
3.66360832e-07	1.289549e-14
3.66726656e-07	1.316468e-14
3.67092847e-07	1.343912e-14
3.67459402e-07	1.371892e-14
3.67826324e-07	1.400413e-14
3.68193613e-07	1.429493e-14
3.68561267e-07	1.459136e-14
3.68929290e-07	1.489354e-14
3.69297679e-07	1.520150e-14
3.69666437e-07	1.551551e-14
3.70035562e-07	1.583548e-14
3.70405056e-07	1.616172e-14
3.70774920e-07	1.649414e-14
3.71145152e-07	1.683295e-14
3.71515754e-07	1.717828e-14
3.71886726e-07	1.753016e-14
3.72258069e-07	1.788887e-14
3.72629783e-07	1.825449e-14
3.73001867e-07	1.862693e-14
3.73374323e-07	1.900654e-14
3.73747152e-07	1.939333e-14
3.74120352e-07	1.978739e-14
3.74493925e-07	2.018895e-14
3.74867871e-07	2.059808e-14
3.75242191e-07	2.101516e-14
3.75616884e-07	2.143974e-14
3.75991951e-07	2.187272e-14
3.76367393e-07	2.231363e-14
3.76743210e-07	2.276264e-14
3.77119402e-07	2.321966e-14
3.77495970e-07	2.368656e-14
3.77872913e-07	2.416153e-14
3.78250233e-07	2.464518e-14
3.78627930e-07	2.513801e-14
3.79006004e-07	2.563997e-14
3.79384456e-07	2.615119e-14
3.79763285e-07	2.667172e-14
3.80142493e-07	2.720236e-14
3.80522079e-07	2.774239e-14
3.80902045e-07	2.829256e-14
3.81282390e-07	2.885298e-14
3.81663114e-07	2.942300e-14
3.82044219e-07	3.000396e-14
3.82425704e-07	3.059649e-14
3.82807570e-07	3.119911e-14
3.83189818e-07	3.181290e-14
3.83572447e-07	3.243731e-14
3.83955458e-07	3.307403e-14
3.84338852e-07	3.372158e-14
3.84722629e-07	3.438097e-14
3.85106789e-07	3.505314e-14
3.85491332e-07	3.573703e-14
3.85876259e-07	3.643323e-14
3.86261571e-07	3.714205e-14
3.86647268e-07	3.786321e-14
3.87033349e-07	3.859814e-14
3.87419816e-07	3.934587e-14
3.87806669e-07	4.010682e-14
3.88193909e-07	4.088209e-14
3.88581535e-07	4.166976e-14
3.88969548e-07	4.247320e-14
3.89357948e-07	4.329079e-14
3.89746737e-07	4.412176e-14
3.90135913e-07	4.496915e-14
3.90525478e-07	4.583003e-14
3.90915433e-07	4.670654e-14
3.91305776e-07	4.759928e-14
3.91696509e-07	4.850846e-14
3.92087633e-07	4.943245e-14
3.92479147e-07	5.037296e-14
3.92871052e-07	5.132991e-14
3.93263348e-07	5.230425e-14
3.93656036e-07	5.329530e-14
3.94049116e-07	5.430316e-14
3.94442589e-07	5.532827e-14
3.94836455e-07	5.637404e-14
3.95230713e-07	5.743300e-14
3.95625366e-07	5.851389e-14
3.96020412e-07	5.961401e-14
3.96415854e-07	6.073626e-14
3.96811689e-07	6.187380e-14
3.97207921e-07	6.303190e-14
3.97604547e-07	6.420985e-14
3.98001570e-07	6.540774e-14
3.98398990e-07	6.662452e-14
3.98796806e-07	6.786688e-14
3.99195019e-07	6.912540e-14
3.99593630e-07	7.041218e-14
3.99992639e-07	7.171549e-14
4.00392047e-07	7.304233e-14
4.00791853e-07	7.439432e-14
4.01192059e-07	7.576671e-14
4.01592664e-07	7.716412e-14
4.01993669e-07	7.858366e-14
4.02395074e-07	8.002647e-14
4.02796881e-07	8.149678e-14
4.03199088e-07	8.299089e-14
4.03601698e-07	8.450733e-14
4.04004709e-07	8.605432e-14
4.04408123e-07	8.762425e-14
4.04811939e-07	8.921672e-14
4.05216159e-07	9.084443e-14
4.05620782e-07	9.249765e-14
4.06025810e-07	9.417522e-14
4.06431241e-07	9.587352e-14
4.06837078e-07	9.761609e-14
4.07243320e-07	9.937869e-14
4.07649967e-07	1.011774e-13
4.08057021e-07	1.030004e-13
4.08464481e-07	1.048552e-13
4.08872348e-07	1.067352e-13
4.09280622e-07	1.086559e-13
4.09689304e-07	1.106023e-13
4.10098394e-07	1.125816e-13
4.10507892e-07	1.145795e-13
4.10917800e-07	1.166383e-13
4.11328116e-07	1.186073e-13
4.11738843e-07	1.208256e-13
4.12149979e-07	1.229338e-13
4.12561526e-07	1.251516e-13
4.12973484e-07	1.273778e-13
4.13385854e-07	1.296355e-13
4.13798635e-07	1.319228e-13
4.14211828e-07	1.342431e-13
4.14625434e-07	1.365963e-13
4.15039453e-07	1.390227e-13
4.15453885e-07	1.414590e-13
4.15868731e-07	1.439397e-13
4.16283991e-07	1.464787e-13
4.16699666e-07	1.490358e-13
4.17115756e-07	1.516458e-13
4.17532262e-07	1.542854e-13
4.17949183e-07	1.569790e-13
4.18366521e-07	1.597110e-13
4.18784276e-07	1.624691e-13
4.19202447e-07	1.653010e-13
4.19621036e-07	1.681327e-13
4.20040044e-07	1.710870e-13
4.20459469e-07	1.740412e-13
4.20879314e-07	1.770227e-13
4.21299577e-07	1.801005e-13
4.21720260e-07	1.831108e-13
4.22141364e-07	1.862815e-13
4.22562887e-07	1.895378e-13
4.22984832e-07	1.926262e-13
4.23407198e-07	1.960518e-13
4.23829986e-07	1.993839e-13
4.24253196e-07	2.028137e-13
4.24676828e-07	2.063144e-13
4.25100884e-07	2.098201e-13
4.25525363e-07	2.133672e-13
4.25950266e-07	2.170193e-13
4.26375593e-07	2.206899e-13
4.26801345e-07	2.244467e-13
4.27227522e-07	2.282113e-13
4.27654124e-07	2.320830e-13
4.28081153e-07	2.359860e-13
4.28508608e-07	2.399764e-13
4.28936489e-07	2.439516e-13
4.29364798e-07	2.480260e-13
4.29793535e-07	2.522666e-13
4.30222700e-07	2.564951e-13
4.30652293e-07	2.607678e-13
4.31082315e-07	2.651223e-13
4.31512767e-07	2.695789e-13
4.31943648e-07	2.740612e-13
4.32374960e-07	2.786185e-13
4.32806703e-07	2.832252e-13
4.33238876e-07	2.878666e-13
4.33671481e-07	2.926961e-13
4.34104518e-07	2.975479e-13
4.34537988e-07	3.024092e-13
4.34971890e-07	3.074097e-13
4.35406226e-07	3.125107e-13
4.35840995e-07	3.175637e-13
4.36276198e-07	3.228537e-13
4.36711836e-07	3.280886e-13
4.37147909e-07	3.334849e-13
4.37584417e-07	3.390253e-13
4.38021362e-07	3.445538e-13
4.38458742e-07	3.501335e-13
4.38896560e-07	3.558810e-13
4.39334814e-07	3.615893e-13
4.39773506e-07	3.674828e-13
4.40212636e-07	3.735227e-13
4.40652205e-07	3.795771e-13
4.41092212e-07	3.856843e-13
4.41532659e-07	3.919041e-13
4.41973546e-07	3.982011e-13
4.42414873e-07	4.046510e-13
4.42856641e-07	4.110103e-13
4.43298849e-07	4.175692e-13
4.43741500e-07	4.244601e-13
4.44184592e-07	4.312519e-13
4.44628127e-07	4.381748e-13
4.45072105e-07	4.451725e-13
4.45516526e-07	4.522433e-13
4.45961390e-07	4.570966e-13
4.46406699e-07	4.668235e-13
4.46852453e-07	4.742530e-13
4.47298652e-07	4.817357e-13
4.47745296e-07	4.894646e-13
4.48192386e-07	4.972134e-13
4.48639923e-07	5.044372e-13
4.49087906e-07	5.129370e-13
4.49536337e-07	5.211814e-13
4.49985216e-07	5.293362e-13
4.50434543e-07	5.376581e-13
4.50884319e-07	5.460491e-13
4.51334543e-07	5.546321e-13
4.51785218e-07	5.632570e-13
4.52236342e-07	5.720192e-13
4.52687917e-07	5.810747e-13
4.53139942e-07	5.901258e-13
4.53592419e-07	5.993785e-13
4.54045348e-07	6.086232e-13
4.54498729e-07	6.176298e-13
4.54952563e-07	6.277956e-13
4.55406850e-07	6.375659e-13
4.55861591e-07	6.473443e-13
4.56316785e-07	6.574547e-13
4.56772435e-07	6.676765e-13
4.57228539e-07	6.778870e-13
4.57685098e-07	6.882709e-13
4.58142114e-07	6.988227e-13
4.58599586e-07	7.095668e-13
4.59057514e-07	7.203436e-13
4.59515900e-07	7.315729e-13
4.59974744e-07	7.427790e-13
4.60434046e-07	7.539782e-13
4.60893806e-07	7.654159e-13
4.61354026e-07	7.773558e-13
4.61814705e-07	7.891478e-13
4.62275844e-07	8.011167e-13
4.62737444e-07	8.131860e-13
4.63199504e-07	8.255867e-13
4.63662026e-07	8.380632e-13
4.64125010e-07	8.506332e-13
4.64588456e-07	8.632279e-13
4.65052364e-07	8.762929e-13
4.65516737e-07	8.890808e-13
4.65981572e-07	9.032542e-13
4.66446872e-07	9.164319e-13
4.66912637e-07	9.294868e-13
4.67378866e-07	9.442903e-13
4.67845561e-07	9.576814e-13
4.68312722e-07	9.728398e-13
4.68780350e-07	9.850323e-13
4.69248445e-07	1.002063e-12
4.69717007e-07	1.016164e-12
4.70186036e-07	1.032186e-12
4.70655535e-07	1.047005e-12
4.71125502e-07	1.059223e-12
4.71595938e-07	1.078663e-12
4.72066844e-07	1.094613e-12
4.72538220e-07	1.110502e-12
4.73010067e-07	1.127038e-12
4.73482385e-07	1.143767e-12
4.73955175e-07	1.158388e-12
4.74428437e-07	1.177435e-12
4.74902171e-07	1.194054e-12
4.75376378e-07	1.211225e-12
4.75851059e-07	1.228611e-12
4.76326214e-07	1.247944e-12
4.76801844e-07	1.266713e-12
4.77277948e-07	1.283707e-12
4.77754528e-07	1.302020e-12
4.78231583e-07	1.321926e-12
4.78709115e-07	1.341447e-12
4.79187124e-07	1.360605e-12
4.79665610e-07	1.379806e-12
4.80144574e-07	1.397024e-12
4.80624016e-07	1.420711e-12
4.81103937e-07	1.440534e-12
4.81584337e-07	1.461662e-12
4.82065217e-07	1.481922e-12
4.82546577e-07	1.505065e-12
4.83028417e-07	1.523841e-12
4.83510739e-07	1.538946e-12
4.83993543e-07	1.565299e-12
4.84476828e-07	1.585802e-12
4.84960596e-07	1.612015e-12
4.85444847e-07	1.635645e-12
4.85929582e-07	1.661152e-12
4.86414801e-07	1.684107e-12
4.86900504e-07	1.708258e-12
4.87386692e-07	1.732094e-12
4.87873366e-07	1.742554e-12
4.88360525e-07	1.782789e-12
4.88848171e-07	1.806324e-12
4.89336304e-07	1.831173e-12
4.89824925e-07	1.840521e-12
4.90314033e-07	1.884545e-12
4.90803630e-07	1.908700e-12
4.91293716e-07	1.938268e-12
4.91784291e-07	1.965870e-12
4.92275355e-07	1.992754e-12
4.92766911e-07	2.019672e-12
4.93258957e-07	2.050753e-12
4.93751494e-07	2.078549e-12
4.94244523e-07	2.101941e-12
4.94738045e-07	2.135453e-12
4.95232059e-07	2.165481e-12
4.95726566e-07	2.196346e-12
4.96221568e-07	2.225545e-12
4.96717063e-07	2.255951e-12
4.97213054e-07	2.284849e-12
4.97709539e-07	2.318347e-12
4.98206521e-07	2.352275e-12
4.98703999e-07	2.383232e-12
4.99201973e-07	2.413607e-12
4.99700445e-07	2.448637e-12
5.00199414e-07	2.485376e-12
5.00698882e-07	2.521166e-12
5.01198848e-07	2.551939e-12
5.01699314e-07	2.587194e-12
5.02200279e-07	2.619840e-12
5.02701745e-07	2.660496e-12
5.03203711e-07	2.689996e-12
5.03706178e-07	2.729178e-12
5.04209148e-07	2.771250e-12
5.04712619e-07	2.804465e-12
5.05216594e-07	2.846720e-12
5.05721071e-07	2.878772e-12
5.06226052e-07	2.924135e-12
5.06731538e-07	2.956211e-12
5.07237528e-07	2.998283e-12
5.07744023e-07	3.043943e-12
5.08251025e-07	3.077254e-12
5.08758532e-07	3.113802e-12
5.09266546e-07	3.167377e-12
5.09775068e-07	3.211033e-12
5.10284097e-07	3.249263e-12
5.10793635e-07	3.262978e-12
5.11303681e-07	3.333804e-12
5.11814237e-07	3.374794e-12
5.12325302e-07	3.400354e-12
5.12836878e-07	3.462375e-12
5.13348965e-07	3.504218e-12
5.13861563e-07	3.561553e-12
5.14374672e-07	3.601284e-12
5.14888295e-07	3.667282e-12
5.15402430e-07	3.712778e-12
5.15917078e-07	3.763891e-12
5.16432240e-07	3.809178e-12
5.16947917e-07	3.856665e-12
5.17464109e-07	3.909163e-12
5.17980816e-07	3.962429e-12
5.18498039e-07	4.022328e-12
5.19015778e-07	4.071461e-12
5.19534035e-07	4.130452e-12
5.20052809e-07	4.184385e-12
5.20572101e-07	4.230725e-12
5.21091911e-07	4.292594e-12
5.21612241e-07	4.345238e-12
5.22133090e-07	4.410837e-12
5.22654459e-07	4.462325e-12
5.23176349e-07	4.516658e-12
5.23698760e-07	4.580921e-12
5.24221693e-07	4.605241e-12
5.24745148e-07	4.693076e-12
5.25269125e-07	4.761490e-12
5.25793626e-07	4.825143e-12
5.26318650e-07	4.889588e-12
5.26844199e-07	4.939428e-12
5.27370272e-07	5.009373e-12
5.27896871e-07	5.036640e-12
5.28423996e-07	5.147579e-12
5.28951647e-07	5.209860e-12
5.29479824e-07	5.266361e-12
5.30008530e-07	5.347115e-12
5.30537763e-07	5.414362e-12
5.31067524e-07	5.476940e-12
5.31597815e-07	5.553053e-12
5.32128635e-07	5.626816e-12
5.32659985e-07	5.686314e-12
5.33191866e-07	5.760482e-12
5.33724278e-07	5.839589e-12
5.34257221e-07	5.907524e-12
5.34790697e-07	5.986808e-12
5.35324705e-07	6.067349e-12
5.35859247e-07	6.134751e-12
5.36394322e-07	6.189827e-12
5.36929932e-07	6.303090e-12
5.37466076e-07	6.376678e-12
5.38002756e-07	6.465769e-12
5.38539972e-07	6.534648e-12
5.39077724e-07	6.589198e-12
5.39616013e-07	6.615030e-12
5.40154839e-07	6.745026e-12
5.40694204e-07	6.847399e-12
5.41234107e-07	6.951440e-12
5.41774550e-07	7.006828e-12
5.42315532e-07	7.053703e-12
5.42857054e-07	7.167798e-12
5.43399117e-07	7.191062e-12
5.43941721e-07	7.253749e-12
5.44484867e-07	7.472678e-12
5.45028555e-07	7.560320e-12
5.45572786e-07	7.679534e-12
5.46117561e-07	7.734585e-12
5.46662879e-07	7.783682e-12
5.47208743e-07	7.936160e-12
5.47755151e-07	8.049593e-12
5.48302105e-07	8.112192e-12
5.48849605e-07	8.256485e-12
5.49397651e-07	8.356025e-12
5.49946245e-07	8.475469e-12
5.50495387e-07	8.537163e-12
5.51045077e-07	8.689690e-12
5.51595316e-07	8.710682e-12
5.52146104e-07	8.909753e-12
5.52697443e-07	8.925312e-12
5.53249331e-07	9.097318e-12
5.53801771e-07	9.066600e-12
5.54354763e-07	9.296435e-12
5.54908307e-07	9.461841e-12
5.55462403e-07	9.545487e-12
5.56017053e-07	9.661967e-12
5.56572257e-07	9.682517e-12
5.57128015e-07	9.856865e-12
5.57684328e-07	9.969169e-12
5.58241196e-07	1.016572e-11
5.58798621e-07	1.029925e-11
5.59356602e-07	1.040850e-11
5.59915140e-07	1.053104e-11
5.60474236e-07	1.062431e-11
5.61033890e-07	1.077579e-11
5.61594104e-07	1.087295e-11
5.62154876e-07	1.106858e-11
5.62716209e-07	1.116077e-11
5.63278102e-07	1.131638e-11
5.63840556e-07	1.140550e-11
5.64403571e-07	1.157253e-11
5.64967149e-07	1.173921e-11
5.65531290e-07	1.183585e-11
5.66095994e-07	1.191735e-11
5.66661262e-07	1.212894e-11
5.67227094e-07	1.224005e-11
5.67793491e-07	1.229223e-11
5.68360454e-07	1.198225e-11
5.68927983e-07	1.256946e-11
5.69496079e-07	1.275602e-11
5.70064741e-07	1.290104e-11
5.70633972e-07	1.299830e-11
5.71203771e-07	1.311440e-11
5.71774140e-07	1.314844e-11
5.72345077e-07	1.340235e-11
5.72916585e-07	1.376600e-11
5.73488663e-07	1.393781e-11
5.74061313e-07	1.402780e-11
5.74634535e-07	1.411209e-11
5.75208328e-07	1.426728e-11
5.75782695e-07	1.453918e-11
5.76357636e-07	1.464099e-11
5.76933150e-07	1.490346e-11
5.77509239e-07	1.503215e-11
5.78085904e-07	1.492443e-11
5.78663144e-07	1.529027e-11
5.79240960e-07	1.528991e-11
5.79819354e-07	1.571903e-11
5.80398325e-07	1.559643e-11
5.80977874e-07	1.601637e-11
5.81558002e-07	1.582047e-11
5.82138709e-07	1.654289e-11
5.82719997e-07	1.657656e-11
5.83301864e-07	1.683484e-11
5.83884313e-07	1.671877e-11
5.84467343e-07	1.695055e-11
5.85050955e-07	1.722799e-11
5.85635150e-07	1.757709e-11
5.86219928e-07	1.743325e-11
5.86805291e-07	1.711958e-11
5.87391238e-07	1.804868e-11
5.87977770e-07	1.817642e-11
5.88564887e-07	1.831228e-11
5.89152591e-07	1.675911e-11
5.89740882e-07	1.829549e-11
5.90329760e-07	1.797887e-11
5.90919226e-07	1.905466e-11
5.91509281e-07	1.938832e-11
5.92099925e-07	1.896343e-11
5.92691158e-07	1.967077e-11
5.93282982e-07	1.984360e-11
5.93875397e-07	2.000596e-11
5.94468404e-07	2.021181e-11
5.95062003e-07	2.029974e-11
5.95656194e-07	2.092343e-11
5.96250979e-07	2.099339e-11
5.96846358e-07	2.009690e-11
5.97442331e-07	2.132294e-11
5.98038899e-07	2.150281e-11
5.98636063e-07	2.212042e-11
5.99233823e-07	2.175099e-11
5.99832181e-07	2.250066e-11
6.00431135e-07	2.046649e-11
6.01030688e-07	2.285009e-11
6.01630839e-07	2.293758e-11
6.02231590e-07	2.296148e-11
6.02832941e-07	2.381271e-11
6.03434892e-07	2.417387e-11
6.04037444e-07	2.364107e-11
6.04640598e-07	2.354503e-11
6.05244354e-07	2.439820e-11
6.05848713e-07	2.459924e-11
6.06453675e-07	2.495232e-11
6.07059241e-07	2.566592e-11
6.07665413e-07	2.582411e-11
6.08272189e-07	2.641177e-11
6.08879571e-07	2.695067e-11
6.09487560e-07	2.710829e-11
6.10096156e-07	2.750948e-11
6.10705360e-07	2.715068e-11
6.11315172e-07	2.811648e-11
6.11925592e-07	2.836234e-11
6.12536623e-07	2.825502e-11
6.13148263e-07	2.918056e-11
6.13760515e-07	2.913473e-11
6.14373377e-07	2.874969e-11
6.14986852e-07	2.987423e-11
6.15600939e-07	3.035936e-11
6.16215639e-07	3.038671e-11
6.16830953e-07	2.995070e-11
6.17446882e-07	3.115531e-11
6.18063426e-07	3.147692e-11
6.18680585e-07	3.203960e-11
6.19298360e-07	3.189731e-11
6.19916753e-07	3.199222e-11
6.20535763e-07	3.287156e-11
6.21155390e-07	3.272193e-11
6.21775637e-07	3.399479e-11
6.22396503e-07	3.400608e-11
6.23017989e-07	3.461598e-11
6.23640096e-07	3.425732e-11
6.24262823e-07	3.492778e-11
6.24886173e-07	3.533022e-11
6.25510145e-07	3.592469e-11
6.26134740e-07	3.523914e-11
6.26759959e-07	3.560028e-11
6.27385802e-07	3.638718e-11
6.28012270e-07	3.615984e-11
6.28639363e-07	3.675534e-11
6.29267083e-07	3.847121e-11
6.29895429e-07	3.816077e-11
6.30524403e-07	3.802470e-11
6.31154005e-07	3.860600e-11
6.31784236e-07	3.886454e-11
6.32415096e-07	3.850033e-11
6.33046586e-07	3.790726e-11
6.33678706e-07	4.105511e-11
6.34311458e-07	4.141200e-11
6.34944842e-07	4.140736e-11
6.35578858e-07	4.222735e-11
6.36213507e-07	4.289157e-11
6.36848789e-07	4.303491e-11
6.37484706e-07	4.210823e-11
6.38121259e-07	4.304959e-11
6.38758446e-07	4.317075e-11
6.39396270e-07	4.468300e-11
6.40034731e-07	4.501086e-11
6.40673830e-07	4.503602e-11
6.41313566e-07	4.505257e-11
6.41953941e-07	4.589113e-11
6.42594956e-07	4.673103e-11
6.43236611e-07	4.564030e-11
6.43878907e-07	4.631413e-11
6.44521844e-07	4.471032e-11
6.45165423e-07	4.738924e-11
6.45809644e-07	4.809624e-11
6.46454509e-07	4.778039e-11
6.47100018e-07	4.623354e-11
6.47746171e-07	4.625620e-11
6.48392970e-07	4.837741e-11
6.49040414e-07	5.088400e-11
6.49688505e-07	5.004018e-11
6.50337243e-07	5.179176e-11
6.50986629e-07	5.169353e-11
6.51636663e-07	4.822671e-11
6.52287347e-07	5.028789e-11
6.52938680e-07	5.040205e-11
6.53590663e-07	5.239687e-11
6.54243298e-07	5.303575e-11
6.54896584e-07	5.464722e-11
6.55550522e-07	5.423335e-11
6.56205114e-07	5.195723e-11
6.56860359e-07	5.348494e-11
6.57516258e-07	5.133115e-11
6.58172813e-07	5.631328e-11
6.58830023e-07	3.833924e-11
6.59487889e-07	5.161182e-11
6.60146412e-07	5.695853e-11
6.60805592e-07	6.025148e-11
6.61465431e-07	5.856717e-11
6.62125929e-07	6.055216e-11
6.62787086e-07	3.842504e-11
6.63448904e-07	5.068526e-11
6.64111382e-07	6.191158e-11
6.64774522e-07	5.719543e-11
6.65438324e-07	6.193382e-11
6.66102789e-07	6.325051e-11
6.66767917e-07	6.094069e-11
6.67433710e-07	6.052722e-11
6.68100167e-07	6.398515e-11
6.68767290e-07	6.558862e-11
6.69435079e-07	6.652412e-11
6.70103534e-07	6.752826e-11
6.70772657e-07	6.480754e-11
6.71442449e-07	6.947886e-11
6.72112909e-07	6.738067e-11
6.72784039e-07	7.072313e-11
6.73455838e-07	7.126644e-11
6.74128309e-07	6.575135e-11
6.74801451e-07	6.553745e-11
6.75475265e-07	7.060169e-11
6.76149752e-07	7.417261e-11
6.76824913e-07	6.882118e-11
6.77500748e-07	7.360466e-11
6.78177257e-07	7.488884e-11
6.78854443e-07	7.452704e-11
6.79532304e-07	7.482624e-11
6.80210842e-07	7.675900e-11
6.80890058e-07	7.761163e-11
6.81569952e-07	7.567284e-11
6.82250525e-07	7.673161e-11
6.82931777e-07	8.108108e-11
6.83613710e-07	8.026922e-11
6.84296323e-07	8.113209e-11
6.84979619e-07	8.281423e-11
6.85663596e-07	8.114118e-11
6.86348257e-07	8.361913e-11
6.87033601e-07	8.431452e-11
6.87719629e-07	5.998106e-11
6.88406343e-07	7.977678e-11
6.89093742e-07	8.410976e-11
6.89781828e-07	8.354138e-11
6.90470600e-07	8.182831e-11
6.91160061e-07	7.745626e-11
6.91850210e-07	7.551147e-11
6.92541048e-07	6.097472e-11
6.93232576e-07	7.588147e-11
6.93924794e-07	8.100553e-11
6.94617704e-07	7.893023e-11
6.95311305e-07	8.165716e-11
6.96005599e-07	8.337356e-11
6.96700587e-07	8.236297e-11
6.97396268e-07	8.463500e-11
6.98092644e-07	8.703638e-11
6.98789716e-07	8.993743e-11
6.99487483e-07	9.155070e-11
7.00185947e-07	8.565832e-11
7.00885109e-07	8.674183e-11
7.01584968e-07	9.267718e-11
7.02285527e-07	9.003406e-11
7.02986785e-07	8.309133e-11
7.03688744e-07	9.069573e-11
7.04391403e-07	8.816057e-11
7.05094764e-07	8.660713e-11
7.05798827e-07	9.824500e-11
7.06503593e-07	9.686256e-11
7.07209063e-07	8.269913e-11
7.07915238e-07	9.615168e-11
7.08622117e-07	9.484824e-11
7.09329703e-07	8.150270e-11
7.10037995e-07	9.489222e-11
7.10746994e-07	8.805451e-11
7.11456701e-07	9.913639e-11
7.12167117e-07	8.366397e-11
7.12878242e-07	9.446411e-11
7.13590078e-07	9.451087e-11
7.14302624e-07	8.497551e-11
7.15015881e-07	9.342689e-11
7.15729851e-07	8.517858e-11
7.16444534e-07	8.374975e-11
7.17159931e-07	9.048977e-11
7.17876041e-07	8.676601e-11
7.18592867e-07	8.884713e-11
7.19310409e-07	8.747686e-11
7.20028667e-07	8.951842e-11
7.20747642e-07	8.507005e-11
7.21467335e-07	7.636750e-11
7.22187747e-07	9.144476e-11
7.22908878e-07	9.255247e-11
7.23630730e-07	7.251563e-11
7.24353302e-07	8.475230e-11
7.25076595e-07	9.224079e-11
7.25800611e-07	8.701081e-11
7.26525350e-07	8.846626e-11
7.27250813e-07	9.346974e-11
7.27976999e-07	9.981193e-11
7.28703911e-07	9.680513e-11
7.29431549e-07	9.097451e-11
7.30159914e-07	8.516185e-11
7.30889005e-07	8.481678e-11
7.31618825e-07	1.032881e-10
7.32349374e-07	8.758848e-11
7.33080652e-07	1.009122e-10
7.33812660e-07	1.017901e-10
7.34545399e-07	1.037570e-10
7.35278870e-07	1.029219e-10
7.36013073e-07	1.010465e-10
7.36748009e-07	7.837086e-11
7.37483680e-07	1.030292e-10
7.38220084e-07	9.940343e-11
7.38957224e-07	1.073134e-10
7.39695101e-07	1.178840e-10
7.40433714e-07	9.958381e-11
7.41173064e-07	1.035785e-10
7.41913153e-07	8.377394e-11
7.42653981e-07	1.103202e-10
7.43395548e-07	1.162512e-10
7.44137856e-07	4.256369e-11
7.44880905e-07	1.148092e-10
7.45624697e-07	7.329533e-11
7.46369230e-07	1.072723e-10
7.47114508e-07	1.000134e-10
7.47860529e-07	1.196233e-10
7.48607296e-07	1.114481e-10
7.49354808e-07	1.229744e-10
7.50103066e-07	1.214095e-10
7.50852072e-07	1.013985e-10
7.51601826e-07	1.101105e-10
7.52352328e-07	1.149839e-10
7.53103580e-07	1.102865e-10
7.53855582e-07	1.189401e-10
7.54608334e-07	1.248543e-10
7.55361839e-07	1.250429e-10
7.56116095e-07	1.234719e-10
7.56871105e-07	1.198170e-10
7.57626869e-07	1.262404e-10
7.58383388e-07	1.299070e-10
7.59140662e-07	1.183512e-10
7.59898692e-07	1.288834e-10
7.60657479e-07	1.254663e-10
7.61417023e-07	1.362477e-10
7.62177326e-07	1.410581e-10
7.62938389e-07	1.456127e-10
7.63700211e-07	1.474275e-10
7.64462794e-07	1.455467e-10
7.65226138e-07	1.325105e-10
7.65990245e-07	1.465424e-10
7.66755115e-07	1.482576e-10
7.67520748e-07	1.433445e-10
7.68287146e-07	1.534598e-10
7.69054309e-07	1.461382e-10
7.69822238e-07	1.392423e-10
7.70590934e-07	1.341232e-10
7.71360398e-07	1.478413e-10
7.72130630e-07	1.392569e-10
7.72901631e-07	1.624311e-10
7.73673402e-07	1.523769e-10
7.74445944e-07	1.594648e-10
7.75219257e-07	1.587566e-10
7.75993342e-07	1.630430e-10
7.76768200e-07	1.611480e-10
7.77543832e-07	1.541444e-10
7.78320238e-07	1.638068e-10
7.79097420e-07	1.475682e-10
7.79875377e-07	1.651626e-10
7.80654112e-07	1.718285e-10
7.81433624e-07	1.690214e-10
7.82213914e-07	1.723559e-10
7.82994984e-07	1.740622e-10
7.83776833e-07	1.582135e-10
7.84559463e-07	1.667263e-10
7.85342875e-07	1.725839e-10
7.86127069e-07	1.764530e-10
7.86912046e-07	1.589861e-10
7.87697807e-07	1.788852e-10
7.88484352e-07	1.728564e-10
7.89271683e-07	1.731129e-10
7.90059800e-07	1.745135e-10
7.90848704e-07	1.845490e-10
7.91638396e-07	1.857076e-10
7.92428876e-07	1.884887e-10
7.93220146e-07	1.884780e-10
7.94012205e-07	1.902494e-10
7.94805056e-07	1.888273e-10
7.95598698e-07	1.916611e-10
7.96393133e-07	1.850565e-10
7.97188361e-07	1.998486e-10
7.97984383e-07	1.909526e-10
7.98781200e-07	1.945952e-10
7.99578813e-07	1.967861e-10
8.00377222e-07	1.882593e-10
8.01176428e-07	1.986141e-10
8.01976433e-07	1.993510e-10
8.02777236e-07	2.006791e-10
8.03578839e-07	1.701826e-10
8.04381242e-07	1.873850e-10
8.05184446e-07	1.992189e-10
8.05988453e-07	1.843405e-10
8.06793262e-07	1.466306e-10
8.07598875e-07	1.314702e-10
8.08405293e-07	1.798886e-10
8.09212515e-07	1.603301e-10
8.10020544e-07	1.675471e-10
8.10829379e-07	1.564731e-10
8.11639023e-07	1.513395e-10
8.12449474e-07	1.355595e-10
8.13260735e-07	1.361029e-10
8.14072806e-07	1.805065e-10
8.14885688e-07	1.274015e-10
8.15699382e-07	1.285441e-10
8.16513888e-07	1.887891e-10
8.17329207e-07	1.892101e-10
8.18145341e-07	1.898540e-10
8.18962289e-07	1.817353e-10
8.19780053e-07	1.764902e-10
8.20598634e-07	1.745138e-10
8.21418032e-07	1.982518e-10
8.22238248e-07	2.040047e-10
8.23059284e-07	4.479610e-11
8.23881139e-07	1.865527e-10
8.24703815e-07	1.605823e-10
8.25527312e-07	1.993701e-10
8.26351632e-07	1.838741e-10
8.27176774e-07	2.031412e-10
8.28002741e-07	2.304824e-10
8.28829533e-07	1.641186e-10
8.29657150e-07	1.432688e-10
8.30485593e-07	2.181154e-10
8.31314864e-07	1.891305e-10
8.32144962e-07	2.364180e-10
8.32975890e-07	2.361415e-10
8.33807647e-07	2.160137e-10
8.34640235e-07	1.531595e-10
8.35473654e-07	1.129004e-10
8.36307906e-07	1.886646e-10
8.37142990e-07	1.991293e-10
8.37978908e-07	2.117816e-10
8.38815661e-07	1.660531e-10
8.39653250e-07	2.155674e-10
8.40491675e-07	1.848333e-10
8.41330937e-07	2.016579e-10
8.42171037e-07	2.100702e-10
8.43011976e-07	2.059820e-10
8.43853755e-07	2.152608e-10
8.44696374e-07	2.372349e-10
8.45539834e-07	2.188520e-10
8.46384137e-07	1.368300e-10
8.47229283e-07	2.233160e-10
8.48075273e-07	2.228817e-10
8.48922108e-07	2.416555e-10
8.49769788e-07	2.430699e-10
8.50618314e-07	2.304742e-10
8.51467688e-07	2.397578e-10
8.52317910e-07	2.372800e-10
8.53168981e-07	2.524078e-10
8.54020902e-07	2.565926e-10
8.54873674e-07	2.311522e-10
8.55727297e-07	1.954487e-10
8.56581772e-07	2.106888e-10
8.57437101e-07	2.370423e-10
8.58293284e-07	2.369855e-10
8.59150321e-07	2.640837e-10
8.60008215e-07	2.256265e-10
8.60866965e-07	2.680057e-10
8.61726572e-07	2.657692e-10
8.62587038e-07	2.662260e-10
8.63448363e-07	2.685434e-10
8.64310548e-07	2.752995e-10
8.65173595e-07	2.720326e-10
8.66037502e-07	2.680531e-10
8.66902273e-07	2.976524e-10
8.67767907e-07	2.667219e-10
8.68634405e-07	3.144681e-10
8.69501769e-07	2.699554e-10
8.70369999e-07	2.703200e-10
8.71239096e-07	2.161836e-10
8.72109060e-07	3.117587e-10
8.72979893e-07	3.077740e-10
8.73851596e-07	3.235460e-10
8.74724169e-07	3.138703e-10
8.75597614e-07	2.947123e-10
8.76471930e-07	3.159002e-10
8.77347120e-07	3.433779e-10
8.78223184e-07	2.928113e-10
8.79100122e-07	3.318229e-10
8.79977936e-07	3.375398e-10
8.80856627e-07	3.128657e-10
8.81736195e-07	3.171193e-10
8.82616641e-07	3.240898e-10
8.83497966e-07	3.004826e-10
8.84380172e-07	3.167338e-10
8.85263258e-07	3.408603e-10
8.86147226e-07	3.084802e-10
8.87032077e-07	2.958680e-10
8.87917812e-07	3.225190e-10
8.88804430e-07	3.098673e-10
8.89691935e-07	3.197628e-10
8.90580325e-07	3.349775e-10
8.91469602e-07	2.719705e-10
8.92359768e-07	2.763413e-10
8.93250822e-07	2.805122e-10
8.94142766e-07	3.272255e-10
8.95035601e-07	3.015523e-10
8.95929327e-07	2.911526e-10
8.96823946e-07	2.816118e-10
8.97719458e-07	1.496204e-10
8.98615864e-07	3.208882e-10
8.99513165e-07	3.316649e-10
9.00411362e-07	3.475301e-10
9.01310456e-07	3.338700e-10
9.02210448e-07	3.459944e-10
9.03111339e-07	3.035314e-10
9.04013129e-07	3.029594e-10
9.04915820e-07	3.320518e-10
9.05819412e-07	3.128041e-10
9.06723906e-07	3.632229e-10
9.07629303e-07	2.869202e-10
9.08535605e-07	3.801856e-10
9.09442811e-07	2.995418e-10
9.10350924e-07	3.532512e-10
9.11259943e-07	3.760441e-10
9.12169869e-07	3.450467e-10
9.13080705e-07	2.165195e-10
9.13992450e-07	3.704978e-10
9.14905105e-07	3.804729e-10
9.15818672e-07	8.881243e-11
9.16733151e-07	2.537335e-10
9.17648543e-07	1.745980e-10
9.18564849e-07	3.295805e-10
9.19482070e-07	2.546610e-10
9.20400207e-07	2.694994e-10
9.21319260e-07	2.744102e-10
9.22239232e-07	2.779943e-10
9.23160122e-07	1.673237e-10
9.24081931e-07	2.163315e-10
9.25004661e-07	3.703619e-10
9.25928313e-07	8.884594e-11
9.26852887e-07	2.755287e-10
9.27778384e-07	1.817718e-10
9.28704805e-07	8.301277e-11
9.29632151e-07	1.814803e-10
9.30560423e-07	3.021050e-10
9.31489622e-07	3.250122e-10
9.32419749e-07	9.586452e-11
9.33350805e-07	1.093375e-10
9.34282790e-07	1.825126e-10
9.35215706e-07	2.462519e-10
9.36149554e-07	2.298105e-10
9.37084334e-07	3.030831e-10
9.38020047e-07	6.437563e-11
9.38956695e-07	1.217057e-10
9.39894278e-07	2.120078e-10
9.40832797e-07	3.220882e-10
9.41772253e-07	8.869003e-11
9.42712648e-07	1.723577e-10
9.43653981e-07	1.219352e-10
9.44596255e-07	1.397216e-10
9.45539469e-07	2.629662e-10
9.46483625e-07	2.926177e-10
9.47428724e-07	1.608716e-10
9.48374767e-07	2.210906e-10
9.49321755e-07	2.318662e-10
9.50269687e-07	2.276103e-10
9.51218567e-07	2.993795e-10
9.52168394e-07	2.102069e-10
9.53119169e-07	2.036191e-10
9.54070894e-07	3.348014e-10
9.55023569e-07	3.044358e-10
9.55977196e-07	1.830059e-10
9.56931774e-07	1.154359e-10
9.57887306e-07	3.007086e-10
9.58843792e-07	2.804444e-10
9.59801233e-07	1.895284e-10
9.60759630e-07	1.435179e-10
9.61718984e-07	2.620655e-10
9.62679296e-07	1.402293e-10
9.63640567e-07	1.192350e-10
9.64602798e-07	2.976945e-10
9.65565990e-07	2.313108e-10
9.66530143e-07	3.164693e-10
9.67495259e-07	2.597383e-10
9.68461339e-07	1.680943e-10
9.69428384e-07	1.846574e-10
9.70396394e-07	3.616250e-10
9.71365371e-07	3.289770e-10
9.72335315e-07	2.916804e-10
9.73306228e-07	2.522257e-10
9.74278110e-07	1.350734e-10
9.75250963e-07	1.807850e-10
9.76224787e-07	3.255870e-10
9.77199584e-07	2.735105e-10
9.78175354e-07	2.682933e-10
9.79152098e-07	2.505027e-10
9.80129818e-07	3.531207e-10
9.81108514e-07	3.100715e-10
9.82088187e-07	3.012653e-10
9.83068838e-07	3.087189e-10
9.84050469e-07	2.815285e-10
9.85033080e-07	2.402547e-10
9.86016672e-07	2.574295e-10
9.87001246e-07	3.408193e-10
9.87986804e-07	2.531567e-10
9.88973345e-07	3.185781e-10
9.89960871e-07	2.984286e-10
9.90949384e-07	3.270393e-10
9.91938884e-07	3.041975e-10
9.92929371e-07	3.306980e-10
9.93920848e-07	3.960274e-10
9.94913315e-07	3.376702e-10
9.95906773e-07	3.148980e-10
9.96901223e-07	3.112324e-10
9.97896665e-07	3.872561e-10
9.98893102e-07	4.071469e-10
9.99890534e-07	3.876278e-10
1.00088896e-06	2.825184e-10
1.00188839e-06	2.853684e-10
1.00288881e-06	3.652655e-10
1.00389023e-06	4.136928e-10
1.00489265e-06	3.594887e-10
1.00589607e-06	3.600483e-10
1.00690050e-06	4.165626e-10
1.00790593e-06	3.943743e-10
1.00891236e-06	4.374485e-10
1.00991979e-06	4.299363e-10
1.01092824e-06	3.336821e-10
1.01193769e-06	4.318668e-10
1.01294814e-06	3.816299e-10
1.01395961e-06	4.238132e-10
1.01497209e-06	4.434801e-10
1.01598557e-06	4.555095e-10
1.01700007e-06	4.225520e-10
1.01801558e-06	4.324281e-10
1.01903211e-06	4.785392e-10
1.02004965e-06	3.542492e-10
1.02106821e-06	4.798642e-10
1.02208778e-06	4.767191e-10
1.02310838e-06	4.246197e-10
1.02412999e-06	4.552028e-10
1.02515262e-06	4.766584e-10
1.02617627e-06	4.336991e-10
1.02720095e-06	4.896909e-10
1.02822665e-06	4.619226e-10
1.02925337e-06	4.699730e-10
1.03028112e-06	4.703274e-10
1.03130989e-06	5.026522e-10
1.03233969e-06	4.833598e-10
1.03337052e-06	5.103771e-10
1.03440238e-06	5.376755e-10
1.03543527e-06	5.211753e-10
1.03646919e-06	5.408146e-10
1.03750414e-06	4.914422e-10
1.03854013e-06	5.142114e-10
1.03957715e-06	5.397483e-10
1.04061521e-06	5.461272e-10
1.04165430e-06	5.003077e-10
1.04269443e-06	5.049154e-10
1.04373560e-06	5.303967e-10
1.04477781e-06	5.238216e-10
1.04582106e-06	5.555744e-10
1.04686535e-06	4.787740e-10
1.04791068e-06	5.064778e-10
1.04895706e-06	5.367810e-10
1.05000448e-06	5.243326e-10
1.05105295e-06	5.215973e-10
1.05210246e-06	5.290778e-10
1.05315303e-06	5.924637e-10
1.05420464e-06	5.944079e-10
1.05525730e-06	6.090458e-10
1.05631102e-06	5.835192e-10
1.05736578e-06	6.060438e-10
1.05842160e-06	6.145889e-10
1.05947847e-06	5.626364e-10
1.06053640e-06	5.584510e-10
1.06159539e-06	5.981074e-10
1.06265543e-06	6.070581e-10
1.06371653e-06	5.974531e-10
1.06477869e-06	6.285009e-10
1.06584191e-06	5.958873e-10
1.06690619e-06	5.924327e-10
1.06797154e-06	6.176832e-10
1.06903795e-06	5.569406e-10
1.07010542e-06	6.329729e-10
1.07117396e-06	5.688162e-10
1.07224357e-06	6.512659e-10
1.07331424e-06	6.472503e-10
1.07438599e-06	6.791120e-10
1.07545880e-06	6.581926e-10
1.07653269e-06	5.929077e-10
1.07760765e-06	6.130478e-10
1.07868368e-06	4.446329e-10
1.07976078e-06	6.088670e-10
1.08083896e-06	6.539705e-10
1.08191822e-06	6.440281e-10
1.08299856e-06	6.703888e-10
1.08407997e-06	6.598758e-10
1.08516247e-06	6.300844e-10
1.08624604e-06	5.732279e-10
1.08733070e-06	5.688296e-10
1.08841644e-06	6.159845e-10
1.08950326e-06	5.405526e-10
1.09059117e-06	5.926758e-10
1.09168017e-06	3.317513e-10
1.09277025e-06	3.386369e-10
1.09386142e-06	3.718230e-10
1.09495368e-06	3.533336e-10
1.09604703e-06	2.483304e-10
1.09714148e-06	3.869024e-10
1.09823701e-06	5.227722e-10
1.09933364e-06	5.032891e-10
1.10043137e-06	3.581577e-10
1.10153019e-06	4.054573e-10
1.10263011e-06	4.191206e-10
1.10373113e-06	5.962398e-10
1.10483324e-06	4.324210e-10
1.10593646e-06	3.638101e-10
1.10704078e-06	4.844526e-10
1.10814620e-06	4.015714e-10
1.10925273e-06	3.782806e-10
1.11036036e-06	1.945988e-10
1.11146909e-06	4.272957e-10
1.11257893e-06	4.399629e-10
1.11368989e-06	4.176582e-10
1.11480195e-06	2.115099e-10
1.11591512e-06	5.191500e-10
1.11702940e-06	2.967900e-10
1.11814480e-06	4.916588e-10
1.11926130e-06	2.526065e-10
1.12037893e-06	1.554931e-10
1.12149767e-06	5.023895e-10
1.12261752e-06	4.915300e-10
1.12373850e-06	4.612691e-10
1.12486059e-06	4.689093e-10
1.12598381e-06	4.928671e-10
1.12710815e-06	5.144974e-10
1.12823361e-06	2.544633e-10
1.12936019e-06	2.048395e-10
1.13048790e-06	4.917305e-10
1.13161673e-06	3.779168e-10
1.13274669e-06	5.767285e-10
1.13387778e-06	5.261744e-10
1.13501000e-06	3.888866e-10
1.13614335e-06	4.048398e-10
1.13727783e-06	4.645893e-10
1.13841345e-06	5.809301e-10
1.13955019e-06	5.583422e-10
1.14068808e-06	5.301392e-10
1.14182710e-06	4.195959e-10
1.14296725e-06	4.258386e-10
1.14410855e-06	2.410873e-10
1.14525098e-06	5.101046e-10
1.14639456e-06	3.242022e-10
1.14753928e-06	4.468878e-10
1.14868514e-06	3.545455e-10
1.14983214e-06	2.508941e-10
1.15098029e-06	3.952558e-10
1.15212959e-06	5.847831e-10
1.15328003e-06	2.901089e-10
1.15443162e-06	3.408370e-10
1.15558437e-06	3.994721e-10
1.15673826e-06	5.222749e-10
1.15789331e-06	3.914674e-10
1.15904951e-06	5.284882e-10
1.16020686e-06	4.822670e-10
1.16136537e-06	4.739447e-10
1.16252504e-06	1.852324e-10
1.16368586e-06	1.907398e-10
1.16484784e-06	3.769979e-10
1.16601099e-06	5.254894e-10
1.16717529e-06	3.999155e-10
1.16834076e-06	2.044760e-10
1.16950739e-06	2.220906e-10
1.17067519e-06	3.611250e-10
1.17184415e-06	5.643349e-10
1.17301428e-06	4.550640e-10
1.17418558e-06	4.688105e-10
1.17535805e-06	5.218774e-10
1.17653168e-06	4.479591e-10
1.17770650e-06	4.202656e-10
1.17888248e-06	3.685298e-10
1.18005964e-06	3.457117e-10
1.18123797e-06	5.029538e-10
1.18241748e-06	2.081878e-10
1.18359817e-06	3.842805e-10
1.18478003e-06	4.785722e-10
1.18596308e-06	2.754397e-10
1.18714731e-06	6.674702e-10
1.18833272e-06	5.847667e-10
1.18951931e-06	3.892393e-10
1.19070709e-06	4.373614e-10
1.19189606e-06	5.401632e-10
1.19308621e-06	6.641767e-10
1.19427755e-06	5.990975e-10
1.19547008e-06	6.917322e-10
1.19666380e-06	6.344662e-10
1.19785872e-06	6.228401e-10
1.19905482e-06	4.610832e-10
1.20025212e-06	7.196438e-10
1.20145062e-06	6.662128e-10
1.20265031e-06	6.332189e-10
1.20385120e-06	7.803878e-10
1.20505329e-06	5.911423e-10
1.20625658e-06	5.965859e-10
1.20746108e-06	7.036318e-10
1.20866677e-06	7.202740e-10
1.20987367e-06	4.380708e-10
1.21108177e-06	6.891851e-10
1.21229108e-06	5.872575e-10
1.21350160e-06	6.936050e-10
1.21471333e-06	7.387087e-10
1.21592626e-06	5.791682e-10
1.21714041e-06	7.115428e-10
1.21835577e-06	7.790182e-10
1.21957234e-06	8.516737e-10
1.22079013e-06	6.323020e-10
1.22200914e-06	7.619452e-10
1.22322936e-06	6.999902e-10
1.22445080e-06	8.030216e-10
1.22567346e-06	7.060114e-10
1.22689734e-06	7.262201e-10
1.22812244e-06	7.955590e-10
1.22934876e-06	6.966950e-10
1.23057631e-06	6.785108e-10
1.23180509e-06	5.966109e-10
1.23303509e-06	7.943322e-10
1.23426633e-06	7.243192e-10
1.23549879e-06	7.376931e-10
1.23673248e-06	6.516486e-10
1.23796740e-06	7.939337e-10
1.23920356e-06	8.520300e-10
1.24044095e-06	7.757121e-10
1.24167957e-06	8.896974e-10
1.24291944e-06	7.661197e-10
1.24416054e-06	7.888783e-10
1.24540288e-06	9.386152e-10
1.24664646e-06	9.260333e-10
1.24789128e-06	9.193931e-10
1.24913735e-06	9.396917e-10
1.25038466e-06	9.655617e-10
1.25163321e-06	9.279136e-10
1.25288301e-06	9.729268e-10
1.25413407e-06	9.572573e-10
1.25538636e-06	7.432887e-10
1.25663991e-06	9.173009e-10
1.25789472e-06	8.537330e-10
1.25915077e-06	1.001030e-09
1.26040808e-06	7.931841e-10
1.26166664e-06	9.522104e-10
1.26292646e-06	1.012729e-09
1.26418754e-06	9.681206e-10
1.26544988e-06	9.801872e-10
1.26671348e-06	1.037802e-09
1.26797834e-06	1.057637e-09
1.26924446e-06	9.634797e-10
1.27051185e-06	5.743003e-10
1.27178050e-06	1.058853e-09
1.27305042e-06	9.087803e-10
1.27432161e-06	1.123429e-09
1.27559407e-06	1.022735e-09
1.27686780e-06	9.251837e-10
1.27814280e-06	1.067802e-09
1.27941907e-06	9.237542e-10
1.28069662e-06	9.502574e-10
1.28197544e-06	9.360908e-10
1.28325554e-06	5.927104e-10
1.28453692e-06	9.303953e-10
1.28581958e-06	1.045817e-09
1.28710351e-06	1.105423e-09
1.28838874e-06	9.966098e-10
1.28967524e-06	7.336706e-10
1.29096303e-06	1.019230e-09
1.29225210e-06	9.939509e-10
1.29354246e-06	1.158410e-09
1.29483411e-06	8.414931e-10
1.29612705e-06	1.010471e-09
1.29742128e-06	9.162747e-10
1.29871681e-06	1.097833e-09
1.30001362e-06	1.199832e-09
1.30131174e-06	9.653105e-10
1.30261114e-06	9.494198e-10
1.30391185e-06	9.940545e-10
1.30521385e-06	1.038155e-09
1.30651716e-06	9.616683e-10
1.30782176e-06	9.568794e-10
1.30912767e-06	4.378711e-10
1.31043489e-06	7.512189e-10
1.31174340e-06	6.323445e-10
1.31305323e-06	1.023475e-09
1.31436436e-06	8.987939e-10
1.31567680e-06	1.025701e-09
1.31699055e-06	7.251412e-10
1.31830562e-06	8.695624e-10
1.31962199e-06	8.554953e-10
1.32093969e-06	8.241981e-10
1.32225869e-06	9.516271e-10
1.32357902e-06	9.074561e-10
1.32490066e-06	8.799659e-10
1.32622362e-06	6.147404e-10
1.32754791e-06	1.143910e-09
1.32887351e-06	6.186832e-10
1.33020044e-06	5.281622e-10
1.33152870e-06	8.848867e-10
1.33285828e-06	4.611304e-10
1.33418918e-06	6.659133e-10
1.33552142e-06	6.762776e-10
1.33685499e-06	5.280180e-10
1.33818989e-06	4.781048e-10
1.33952612e-06	6.138921e-10
1.34086369e-06	6.595745e-10
1.34220259e-06	8.105322e-10
1.34354283e-06	3.616118e-10
1.34488441e-06	2.990027e-10
1.34622732e-06	6.538807e-10
1.34757158e-06	4.424890e-10
1.34891718e-06	5.275450e-10
1.35026412e-06	3.643386e-10
1.35161241e-06	3.342606e-10
1.35296205e-06	4.480688e-10
1.35431303e-06	3.858506e-10
1.35566536e-06	3.405398e-10
1.35701905e-06	4.583655e-10
1.35837408e-06	3.209073e-10
1.35973047e-06	4.594897e-10
1.36108821e-06	3.122563e-10
1.36244730e-06	3.802203e-10
1.36380776e-06	5.968935e-10
1.36516957e-06	5.473599e-10
1.36653274e-06	4.373110e-10
1.36789728e-06	4.198156e-10
1.36926317e-06	3.820349e-10
1.37063043e-06	3.939075e-10
1.37199906e-06	5.393553e-10
1.37336905e-06	6.109638e-10
1.37474041e-06	5.237536e-10
1.37611314e-06	4.183657e-10
1.37748724e-06	7.027215e-10
1.37886271e-06	4.638933e-10
1.38023956e-06	4.114946e-10
1.38161778e-06	6.732661e-10
1.38299737e-06	4.683680e-10
1.38437835e-06	3.982813e-10
1.38576070e-06	3.825970e-10
1.38714443e-06	5.127193e-10
1.38852955e-06	6.234157e-10
1.38991605e-06	3.432151e-10
1.39130393e-06	6.046996e-10
1.39269320e-06	3.587599e-10
1.39408385e-06	6.668729e-10
1.39547590e-06	4.757183e-10
1.39686933e-06	4.750916e-10
1.39826416e-06	5.810196e-10
1.39966038e-06	3.564115e-10
1.40105799e-06	3.633429e-10
1.40245700e-06	6.246009e-10
1.40385740e-06	6.014026e-10
1.40525921e-06	3.849315e-10
1.40666241e-06	3.670412e-10
1.40806702e-06	5.826777e-10
1.40947302e-06	4.949395e-10
1.41088043e-06	4.102554e-10
1.41228925e-06	5.135009e-10
1.41369947e-06	4.558946e-10
1.41511110e-06	5.811487e-10
1.41652415e-06	7.428201e-10
1.41793860e-06	4.964651e-10
1.41935446e-06	4.312044e-10
1.42077174e-06	3.666025e-10
1.42219043e-06	4.151806e-10
1.42361054e-06	3.861241e-10
1.42503207e-06	4.656400e-10
1.42645502e-06	5.847184e-10
1.42787939e-06	4.854039e-10
1.42930518e-06	4.096779e-10
1.43073239e-06	6.082179e-10
1.43216103e-06	4.214347e-10
1.43359110e-06	5.723694e-10
1.43502259e-06	5.822775e-10
1.43645551e-06	5.000781e-10
1.43788987e-06	5.215511e-10
1.43932565e-06	5.915120e-10
1.44076287e-06	5.228562e-10
1.44220153e-06	5.704930e-10
1.44364162e-06	7.067400e-10
1.44508315e-06	4.760968e-10
1.44652612e-06	6.032743e-10
1.44797053e-06	5.019657e-10
1.44941638e-06	6.644587e-10
1.45086368e-06	4.424565e-10
1.45231242e-06	6.242201e-10
1.45376261e-06	4.683764e-10
1.45521424e-06	6.523106e-10
1.45666733e-06	3.997722e-10
1.45812186e-06	4.253123e-10
1.45957785e-06	4.414530e-10
1.46103529e-06	6.776022e-10
1.46249419e-06	4.783899e-10
1.46395455e-06	4.692950e-10
1.46541636e-06	7.267359e-10
1.46687963e-06	4.951220e-10
1.46834437e-06	5.759657e-10
1.46981056e-06	6.281077e-10
1.47127822e-06	6.906237e-10
1.47274735e-06	8.131028e-10
1.47421794e-06	4.747872e-10
1.47569000e-06	4.649049e-10
1.47716353e-06	5.829037e-10
1.47863854e-06	4.562214e-10
1.48011501e-06	5.469902e-10
1.48159296e-06	6.510273e-10
1.48307239e-06	8.697257e-10
1.48455329e-06	4.989050e-10
1.48603567e-06	5.816791e-10
1.48751953e-06	7.189241e-10
1.48900488e-06	7.839114e-10
1.49049170e-06	5.705380e-10
1.49198001e-06	7.231306e-10
1.49346981e-06	4.819899e-10
1.49496110e-06	9.299958e-10
1.49645387e-06	4.993042e-10
1.49794813e-06	8.499452e-10
1.49944389e-06	8.166130e-10
1.50094114e-06	6.711633e-10
1.50243989e-06	6.646201e-10
1.50394013e-06	6.583723e-10
1.50544187e-06	7.041594e-10
1.50694511e-06	6.453706e-10
1.50844985e-06	7.758734e-10
1.50995609e-06	7.111045e-10
1.51146384e-06	6.977699e-10
1.51297309e-06	9.188780e-10
1.51448385e-06	7.277465e-10
1.51599612e-06	9.214993e-10
1.51750990e-06	6.050137e-10
1.51902519e-06	5.286271e-10
1.52054199e-06	7.919270e-10
1.52206031e-06	5.992882e-10
1.52358014e-06	7.415681e-10
1.52510149e-06	7.270111e-10
1.52662436e-06	1.017555e-09
1.52814875e-06	6.998149e-10
1.52967467e-06	1.164190e-09
1.53120210e-06	5.233702e-10
1.53273107e-06	8.767023e-10
1.53426156e-06	6.470468e-10
1.53579357e-06	7.780282e-10
1.53732712e-06	5.333666e-10
1.53886220e-06	8.452038e-10
1.54039881e-06	9.629400e-10
1.54193695e-06	8.805022e-10
1.54347663e-06	9.306890e-10
1.54501785e-06	1.145366e-09
1.54656061e-06	6.711935e-10
1.54810491e-06	1.029291e-09
1.54965075e-06	8.012744e-10
1.55119813e-06	9.836695e-10
1.55274706e-06	1.009001e-09
1.55429754e-06	1.104924e-09
1.55584956e-06	1.036728e-09
1.55740313e-06	8.362643e-10
1.55895826e-06	1.033821e-09
1.56051494e-06	1.086022e-09
1.56207317e-06	1.100045e-09
1.56363296e-06	1.117845e-09
1.56519430e-06	8.282790e-10
1.56675721e-06	1.110254e-09
1.56832167e-06	1.098676e-09
1.56988770e-06	1.126658e-09
1.57145529e-06	1.035919e-09
1.57302445e-06	7.560112e-10
1.57459517e-06	1.164744e-09
1.57616746e-06	1.077845e-09
1.57774132e-06	1.236701e-09
1.57931676e-06	1.189246e-09
1.58089376e-06	1.265816e-09
1.58247234e-06	7.778260e-10
1.58405250e-06	1.106289e-09
1.58563424e-06	1.202987e-09
1.58721755e-06	1.060545e-09
1.58880245e-06	1.351931e-09
1.59038892e-06	8.386368e-10
1.59197699e-06	1.113169e-09
1.59356663e-06	1.345924e-09
1.59515787e-06	1.425230e-09
1.59675069e-06	1.277820e-09
1.59834511e-06	1.075575e-09
1.59994111e-06	1.246472e-09
1.60153872e-06	1.228295e-09
1.60313791e-06	1.095790e-09
1.60473870e-06	1.427743e-09
1.60634109e-06	1.300753e-09
1.60794509e-06	1.372982e-09
1.60955068e-06	1.352702e-09
1.61115787e-06	1.353557e-09
1.61276668e-06	1.325889e-09
1.61437708e-06	1.419049e-09
1.61598910e-06	1.342128e-09
1.61760272e-06	1.426068e-09
1.61921796e-06	1.282962e-09
1.62083481e-06	1.412616e-09
1.62245327e-06	1.347265e-09
1.62407335e-06	1.274797e-09
1.62569505e-06	1.369557e-09
1.62731837e-06	1.367882e-09
1.62894330e-06	1.485393e-09
1.63056986e-06	1.444557e-09
1.63219805e-06	7.233768e-10
1.63382786e-06	1.480916e-09
1.63545930e-06	1.364850e-09
1.63709236e-06	1.357299e-09
1.63872706e-06	1.395291e-09
1.64036339e-06	1.332420e-09
1.64200135e-06	1.600741e-09
1.64364095e-06	1.485688e-09
1.64528219e-06	1.446537e-09
1.64692506e-06	1.423035e-09
1.64856958e-06	1.484264e-09
1.65021574e-06	1.519915e-09
1.65186354e-06	1.412913e-09
1.65351299e-06	1.554254e-09
1.65516408e-06	1.538922e-09
1.65681682e-06	1.555357e-09
1.65847122e-06	1.503049e-09
1.66012726e-06	1.458605e-09
1.66178496e-06	1.493760e-09
1.66344431e-06	1.523255e-09
1.66510532e-06	1.566708e-09
1.66676799e-06	1.473664e-09
1.66843232e-06	1.541615e-09
1.67009831e-06	1.263427e-09
1.67176597e-06	1.165497e-09
1.67343529e-06	1.502428e-09
1.67510628e-06	1.511364e-09
1.67677893e-06	1.554854e-09
1.67845326e-06	1.193720e-09
1.68012926e-06	1.560271e-09
1.68180693e-06	1.680729e-09
1.68348627e-06	1.379126e-09
1.68516730e-06	1.458063e-09
1.68685000e-06	1.072060e-09
1.68853438e-06	1.505852e-09
1.69022045e-06	1.595034e-09
1.69190819e-06	1.245990e-09
1.69359763e-06	1.617739e-09
1.69528875e-06	1.246257e-09
1.69698156e-06	1.450608e-09
1.69867605e-06	1.606495e-09
1.70037225e-06	1.445911e-09
1.70207013e-06	1.544411e-09
1.70376971e-06	1.185743e-09
1.70547099e-06	1.389641e-09
1.70717396e-06	1.532315e-09
1.70887864e-06	1.433737e-09
1.71058502e-06	1.627076e-09
1.71229310e-06	1.480704e-09
1.71400289e-06	1.306983e-09
1.71571438e-06	1.177543e-09
1.71742759e-06	1.175572e-09
1.71914250e-06	1.169862e-09
1.72085913e-06	1.093059e-09
1.72257747e-06	1.193656e-09
1.72429753e-06	1.482757e-09
1.72601931e-06	1.433883e-09
1.72774280e-06	1.187821e-09
1.72946801e-06	1.113441e-09
1.73119495e-06	1.282196e-09
1.73292362e-06	1.246192e-09
1.73465400e-06	1.229008e-09
1.73638612e-06	1.406355e-09
1.73811997e-06	1.312749e-09
1.73985554e-06	9.213856e-10
1.74159285e-06	1.344540e-09
1.74333190e-06	1.350825e-09
1.74507268e-06	1.046517e-09
1.74681520e-06	6.883372e-10
1.74855946e-06	1.494784e-09
1.75030546e-06	7.650318e-10
1.75205321e-06	8.051436e-10
1.75380270e-06	1.176849e-09
1.75555393e-06	7.274838e-10
1.75730692e-06	8.371960e-10
1.75906165e-06	1.425138e-09
1.76081814e-06	1.290493e-09
1.76257638e-06	1.292800e-09
1.76433638e-06	1.279375e-09
1.76609814e-06	1.296599e-09
1.76786165e-06	7.003843e-10
1.76962693e-06	1.443471e-09
1.77139397e-06	1.160077e-09
1.77316277e-06	1.003550e-09
1.77493334e-06	1.004313e-09
1.77670567e-06	1.108943e-09
1.77847978e-06	8.491290e-10
1.78025566e-06	1.071280e-09
1.78203331e-06	8.917913e-10
1.78381274e-06	1.037012e-09
1.78559394e-06	1.232149e-09
1.78737692e-06	1.206143e-09
1.78916168e-06	1.124404e-09
1.79094823e-06	9.587075e-10
1.79273655e-06	8.697209e-10
1.79452667e-06	1.354789e-09
1.79631857e-06	7.262886e-10
1.79811226e-06	1.039998e-09
1.79990774e-06	1.190527e-09
1.80170502e-06	8.835570e-10
1.80350409e-06	8.554715e-10
1.80530495e-06	1.173347e-09
1.80710762e-06	8.433154e-10
1.80891208e-06	8.338704e-10
1.81071835e-06	7.654338e-10
1.81252641e-06	7.656074e-10
1.81433629e-06	1.007404e-09
1.81614797e-06	1.333647e-09
1.81796146e-06	9.525706e-10
1.81977676e-06	9.793796e-10
1.82159388e-06	8.822290e-10
1.82341281e-06	7.997107e-10
1.82523355e-06	1.026103e-09
1.82705612e-06	9.961623e-10
1.82888050e-06	7.649635e-10
1.83070670e-06	1.039228e-09
1.83253473e-06	7.866437e-10
1.83436459e-06	1.332685e-09
1.83619627e-06	7.909908e-10
1.83802978e-06	1.119477e-09
1.83986512e-06	7.745472e-10
1.84170229e-06	1.266760e-09
1.84354130e-06	8.230440e-10
1.84538214e-06	1.234319e-09
1.84722483e-06	7.968694e-10
1.84906935e-06	1.369539e-09
1.85091571e-06	1.209144e-09
1.85276392e-06	1.389552e-09
1.85461397e-06	1.088451e-09
1.85646588e-06	1.026000e-09
1.85831963e-06	1.075662e-09
1.86017523e-06	1.024493e-09
1.86203268e-06	9.959599e-10
1.86389199e-06	1.138470e-09
1.86575315e-06	1.156271e-09
1.86761618e-06	9.812438e-10
1.86948106e-06	1.269922e-09
1.87134781e-06	1.070836e-09
1.87321642e-06	1.045224e-09
1.87508689e-06	1.212685e-09
1.87695924e-06	1.187109e-09
1.87883345e-06	1.127300e-09
1.88070954e-06	1.358353e-09
1.88258749e-06	1.301141e-09
1.88446733e-06	1.239254e-09
1.88634904e-06	1.519423e-09
1.88823263e-06	1.233438e-09
1.89011810e-06	9.585376e-10
1.89200545e-06	1.233434e-09
1.89389469e-06	8.239137e-10
1.89578581e-06	1.427264e-09
1.89767882e-06	1.188124e-09
1.89957373e-06	1.237869e-09
1.90147052e-06	8.463660e-10
1.90336921e-06	9.676340e-10
1.90526980e-06	1.155528e-09
1.90717228e-06	9.295828e-10
1.90907666e-06	1.371750e-09
1.91098294e-06	1.213564e-09
1.91289113e-06	1.037843e-09
1.91480122e-06	1.362870e-09
1.91671322e-06	1.112489e-09
1.91862713e-06	1.352240e-09
1.92054295e-06	1.286103e-09
1.92246069e-06	1.110188e-09
1.92438033e-06	1.321040e-09
1.92630190e-06	1.123464e-09
1.92822538e-06	1.232625e-09
1.93015079e-06	1.350400e-09
1.93207812e-06	1.394759e-09
1.93400737e-06	1.063038e-09
1.93593855e-06	1.224854e-09
1.93787165e-06	1.149124e-09
1.93980669e-06	8.922675e-10
1.94174366e-06	1.419554e-09
1.94368256e-06	1.198945e-09
1.94562340e-06	1.284510e-09
1.94756618e-06	1.073738e-09
1.94951089e-06	1.236252e-09
1.95145755e-06	1.343243e-09
1.95340615e-06	8.803869e-10
1.95535670e-06	1.143094e-09
1.95730920e-06	1.108417e-09
1.95926364e-06	1.452942e-09
1.96122004e-06	1.256390e-09
1.96317839e-06	1.329918e-09
1.96513870e-06	1.024777e-09
1.96710096e-06	1.334549e-09
1.96906519e-06	1.309025e-09
1.97103137e-06	1.153859e-09
1.97299952e-06	1.074647e-09
1.97496963e-06	1.372937e-09
1.97694171e-06	1.228567e-09
1.97891576e-06	1.563874e-09
1.98089178e-06	1.312022e-09
1.98286978e-06	1.057783e-09
1.98484975e-06	1.066188e-09
1.98683169e-06	1.090142e-09
1.98881562e-06	1.515662e-09
1.99080152e-06	9.317737e-10
1.99278941e-06	1.083396e-09
1.99477929e-06	1.385863e-09
1.99677115e-06	1.092980e-09
1.99876500e-06	1.424606e-09
2.00076084e-06	1.468775e-09
2.00275867e-06	1.398716e-09
2.00475850e-06	1.340544e-09
2.00676033e-06	1.491785e-09
2.00876415e-06	9.178645e-10
2.01076998e-06	1.103301e-09
2.01277780e-06	1.432828e-09
2.01478764e-06	1.312898e-09
2.01679948e-06	1.031678e-09
2.01881333e-06	9.389634e-10
2.02082919e-06	1.346527e-09
2.02284706e-06	1.291803e-09
2.02486695e-06	1.138734e-09
2.02688885e-06	1.347831e-09
2.02891278e-06	1.167318e-09
2.03093872e-06	1.141487e-09
2.03296669e-06	1.240554e-09
2.03499668e-06	1.256869e-09
2.03702870e-06	1.419038e-09
2.03906275e-06	1.281813e-09
2.04109883e-06	1.379800e-09
2.04313694e-06	1.383059e-09
2.04517709e-06	1.554599e-09
2.04721927e-06	1.365794e-09
2.04926350e-06	1.547166e-09
2.05130976e-06	1.548214e-09
2.05335807e-06	1.083152e-09
2.05540843e-06	1.626282e-09
2.05746083e-06	1.474289e-09
2.05951528e-06	1.563357e-09
2.06157178e-06	1.163018e-09
2.06363034e-06	1.465692e-09
2.06569095e-06	1.557228e-09
2.06775362e-06	1.144532e-09
2.06981835e-06	1.684070e-09
2.07188514e-06	1.516441e-09
2.07395399e-06	1.508615e-09
2.07602491e-06	1.452724e-09
2.07809790e-06	1.578236e-09
2.08017296e-06	1.578943e-09
2.08225009e-06	1.674603e-09
2.08432929e-06	1.363531e-09
2.08641057e-06	1.223428e-09
2.08849393e-06	1.355970e-09
2.09057937e-06	1.435036e-09
2.09266689e-06	1.679476e-09
2.09475649e-06	1.397170e-09
2.09684818e-06	1.436820e-09
2.09894197e-06	1.576393e-09
2.10103784e-06	1.504609e-09
2.10313580e-06	1.611105e-09
2.10523586e-06	1.591169e-09
2.10733802e-06	1.409339e-09
2.10944227e-06	1.691074e-09
2.11154863e-06	1.377748e-09
2.11365709e-06	1.557885e-09
2.11576765e-06	1.666834e-09
2.11788032e-06	1.632437e-09
2.11999511e-06	1.458034e-09
2.12211200e-06	1.678495e-09
2.12423101e-06	1.714960e-09
2.12635213e-06	1.633736e-09
2.12847537e-06	1.320245e-09
2.13060073e-06	1.519107e-09
2.13272822e-06	1.641592e-09
2.13485783e-06	1.613769e-09
2.13698956e-06	1.467005e-09
2.13912342e-06	1.702084e-09
2.14125942e-06	1.510855e-09
2.14339754e-06	1.304274e-09
2.14553781e-06	1.729744e-09
2.14768021e-06	1.752571e-09
2.14982474e-06	1.460363e-09
2.15197142e-06	1.687799e-09
2.15412025e-06	1.654188e-09
2.15627122e-06	1.745193e-09
2.15842433e-06	1.783357e-09
2.16057960e-06	1.527711e-09
2.16273702e-06	1.752746e-09
2.16489659e-06	1.672653e-09
2.16705832e-06	1.732467e-09
2.16922221e-06	1.708540e-09
2.17138826e-06	1.468937e-09
2.17355647e-06	1.739307e-09
2.17572684e-06	1.511612e-09
2.17789939e-06	1.740360e-09
2.18007410e-06	1.669740e-09
2.18225099e-06	1.652975e-09
2.18443005e-06	1.522672e-09
2.18661128e-06	1.482239e-09
2.18879469e-06	1.666246e-09
2.19098028e-06	1.605773e-09
2.19316806e-06	1.718470e-09
2.19535802e-06	1.655502e-09
2.19755017e-06	1.667696e-09
2.19974450e-06	1.698259e-09
2.20194103e-06	1.620666e-09
2.20413975e-06	1.636802e-09
2.20634066e-06	1.648577e-09
2.20854377e-06	1.378368e-09
2.21074909e-06	1.466039e-09
2.21295660e-06	1.649692e-09
2.21516632e-06	1.688738e-09
2.21737825e-06	1.671431e-09
2.21959238e-06	1.181093e-09
2.22180873e-06	1.589143e-09
2.22402729e-06	1.717344e-09
2.22624806e-06	1.688006e-09
2.22847105e-06	1.671509e-09
2.23069626e-06	1.743806e-09
2.23292369e-06	1.222768e-09
2.23515335e-06	1.698406e-09
2.23738523e-06	1.705687e-09
2.23961935e-06	1.746278e-09
2.24185569e-06	1.298305e-09
2.24409427e-06	1.746917e-09
2.24633508e-06	1.636525e-09
2.24857813e-06	1.734549e-09
2.25082341e-06	1.655924e-09
2.25307094e-06	1.713357e-09
2.25532072e-06	1.667917e-09
2.25757274e-06	1.732942e-09
2.25982701e-06	1.702240e-09
2.26208353e-06	1.759717e-09
2.26434231e-06	1.580628e-09
2.26660334e-06	1.677880e-09
2.26886662e-06	1.640348e-09
2.27113217e-06	1.715004e-09
2.27339998e-06	1.654408e-09
2.27567005e-06	1.704240e-09
2.27794240e-06	1.689814e-09
2.28021700e-06	1.552317e-09
2.28249389e-06	1.531040e-09
2.28477304e-06	1.727407e-09
2.28705447e-06	1.656720e-09
2.28933818e-06	1.717960e-09
2.29162417e-06	1.582085e-09
2.29391244e-06	1.190618e-09
2.29620300e-06	1.621120e-09
2.29849584e-06	1.428736e-09
2.30079097e-06	1.641800e-09
2.30308840e-06	1.452297e-09
2.30538812e-06	1.673369e-09
2.30769013e-06	1.570022e-09
2.30999445e-06	1.469253e-09
2.31230106e-06	1.650600e-09
2.31460998e-06	1.692966e-09
2.31692121e-06	1.693183e-09
2.31923474e-06	1.708360e-09
2.32155058e-06	1.696876e-09
2.32386873e-06	1.677266e-09
2.32618920e-06	1.649034e-09
2.32851199e-06	1.354644e-09
2.33083709e-06	1.675192e-09
2.33316452e-06	1.559473e-09
2.33549427e-06	1.584942e-09
2.33782635e-06	1.633276e-09
2.34016076e-06	1.646064e-09
2.34249749e-06	1.607031e-09
2.34483656e-06	1.259098e-09
2.34717797e-06	1.705794e-09
2.34952171e-06	1.460078e-09
2.35186780e-06	1.738954e-09
2.35421623e-06	1.688774e-09
2.35656700e-06	1.709028e-09
2.35892012e-06	1.570816e-09
2.36127559e-06	1.667286e-09
2.36363341e-06	1.703645e-09
2.36599358e-06	1.719351e-09
2.36835612e-06	1.731867e-09
2.37072101e-06	1.595855e-09
2.37308826e-06	1.279305e-09
2.37545788e-06	1.588443e-09
2.37782986e-06	1.751772e-09
2.38020421e-06	1.661979e-09
2.38258093e-06	1.513054e-09
2.38496003e-06	1.577658e-09
2.38734150e-06	1.564972e-09
2.38972535e-06	1.715282e-09
2.39211158e-06	1.479542e-09
2.39450019e-06	1.652050e-09
2.39689119e-06	1.648730e-09
2.39928457e-06	1.730486e-09
2.40168035e-06	1.436839e-09
2.40407851e-06	1.397477e-09
2.40647907e-06	1.771374e-09
2.40888203e-06	1.529849e-09
2.41128739e-06	1.674168e-09
2.41369515e-06	1.425358e-09
2.41610531e-06	1.229830e-09
2.41851788e-06	1.520394e-09
2.42093286e-06	1.698774e-09
2.42335026e-06	1.226389e-09
2.42577006e-06	1.374141e-09
2.42819228e-06	1.521614e-09
2.43061692e-06	1.494608e-09
2.43304398e-06	1.711406e-09
2.43547347e-06	1.562991e-09
2.43790538e-06	1.319169e-09
2.44033972e-06	1.672494e-09
2.44277649e-06	1.720965e-09
2.44521569e-06	1.627527e-09
2.44765733e-06	1.522724e-09
2.45010140e-06	1.431308e-09
2.45254792e-06	1.469361e-09
2.45499688e-06	1.546546e-09
2.45744829e-06	1.790017e-09
2.45990214e-06	1.371844e-09
2.46235844e-06	1.764308e-09
2.46481720e-06	1.735942e-09
2.46727841e-06	1.742046e-09
2.46974208e-06	1.409804e-09
2.47220821e-06	1.493952e-09
2.47467680e-06	1.531220e-09
2.47714786e-06	1.543527e-09
2.47962138e-06	1.442786e-09
2.48209737e-06	1.523514e-09
2.48457584e-06	1.356115e-09
2.48705678e-06	1.259283e-09
2.48954020e-06	1.247621e-09
2.49202610e-06	1.444040e-09
2.49451448e-06	1.513712e-09
2.49700534e-06	1.346517e-09
2.49949870e-06	1.473097e-09
2.50199454e-06	1.752409e-09
2.50449287e-06	1.390944e-09
2.50699370e-06	1.528520e-09
2.50949703e-06	1.595330e-09
2.51200285e-06	1.258338e-09
2.51451118e-06	1.433207e-09
2.51702201e-06	1.632629e-09
2.51953535e-06	1.290125e-09
2.52205120e-06	1.482305e-09
2.52456956e-06	1.347290e-09
2.52709044e-06	1.505217e-09
2.52961383e-06	1.460164e-09
2.53213975e-06	1.617096e-09
2.53466818e-06	1.272592e-09
2.53719914e-06	1.573126e-09
2.53973263e-06	1.282428e-09
2.54226865e-06	1.533044e-09
2.54480720e-06	1.626176e-09
2.54734828e-06	1.587773e-09
2.54989190e-06	1.502534e-09
2.55243806e-06	1.464309e-09
2.55498677e-06	1.470798e-09
2.55753802e-06	1.580146e-09
2.56009181e-06	1.283717e-09
2.56264816e-06	1.297594e-09
2.56520706e-06	1.490979e-09
2.56776851e-06	1.282311e-09
2.57033253e-06	1.767375e-09
2.57289910e-06	1.605788e-09
2.57546823e-06	1.489040e-09
2.57803993e-06	1.299840e-09
2.58061420e-06	1.614110e-09
2.58319104e-06	1.370004e-09
2.58577045e-06	1.534349e-09
2.58835244e-06	1.399221e-09
2.59093701e-06	1.688093e-09
2.59352415e-06	1.475580e-09
2.59611388e-06	1.331456e-09
2.59870620e-06	1.670651e-09
2.60130110e-06	1.371728e-09
2.60389860e-06	1.501653e-09
2.60649869e-06	1.326592e-09
2.60910137e-06	1.348151e-09
2.61170666e-06	1.683796e-09
2.61431454e-06	1.728897e-09
2.61692503e-06	1.430450e-09
2.61953813e-06	1.727398e-09
2.62215384e-06	1.523080e-09
2.62477215e-06	1.670111e-09
2.62739309e-06	1.420605e-09
2.63001663e-06	1.749070e-09
2.63264280e-06	1.355371e-09
2.63527160e-06	1.719827e-09
2.63790301e-06	1.763739e-09
2.64053706e-06	1.316322e-09
2.64317373e-06	1.320037e-09
2.64581304e-06	1.327251e-09
2.64845498e-06	1.378931e-09
2.65109956e-06	1.390209e-09
2.65374678e-06	1.759246e-09
2.65639665e-06	1.573139e-09
2.65904916e-06	1.674710e-09
2.66170431e-06	1.703649e-09
2.66436213e-06	1.648930e-09
2.66702259e-06	1.429286e-09
2.66968571e-06	1.349786e-09
2.67235149e-06	1.718923e-09
2.67501993e-06	1.571630e-09
2.67769104e-06	1.432019e-09
2.68036481e-06	1.486470e-09
2.68304126e-06	1.352592e-09
2.68572037e-06	1.331971e-09
2.68840216e-06	1.598823e-09
2.69108663e-06	1.333519e-09
2.69377378e-06	1.335209e-09
2.69646362e-06	1.387203e-09
2.69915613e-06	1.760364e-09
2.70185134e-06	1.363303e-09
2.70454924e-06	1.348109e-09
2.70724983e-06	1.405038e-09
2.70995312e-06	1.414599e-09
2.71265911e-06	1.662851e-09
2.71536780e-06	1.350413e-09
2.71807920e-06	1.568490e-09
2.72079330e-06	1.458158e-09
2.72351011e-06	1.512405e-09
2.72622964e-06	1.451169e-09
2.72895188e-06	1.348198e-09
2.73167684e-06	1.363373e-09
2.73440452e-06	1.547107e-09
2.73713492e-06	1.673161e-09
2.73986805e-06	1.440276e-09
2.74260391e-06	1.768726e-09
2.74534251e-06	1.415205e-09
2.74808383e-06	1.371215e-09
2.75082790e-06	1.566500e-09
2.75357470e-06	1.775885e-09
2.75632425e-06	1.722874e-09
2.75907654e-06	1.891905e-09
2.76183158e-06	1.782979e-09
2.76458937e-06	1.426067e-09
2.76734991e-06	1.533265e-09
2.77011322e-06	1.371476e-09
2.77287928e-06	1.490318e-09
2.77564810e-06	1.698081e-09
2.77841969e-06	1.430222e-09
2.78119404e-06	1.403862e-09
2.78397117e-06	1.601275e-09
2.78675106e-06	1.441860e-09
2.78953374e-06	1.370981e-09
2.79231919e-06	1.387341e-09
2.79510743e-06	1.500886e-09
2.79789844e-06	1.388539e-09
2.80069225e-06	1.372305e-09
2.80348884e-06	1.402538e-09
2.80628823e-06	1.663629e-09
2.80909041e-06	1.398873e-09
2.81189540e-06	1.667029e-09
2.81470318e-06	1.378401e-09
2.81751376e-06	1.395778e-09
2.82032715e-06	1.471634e-09
2.82314336e-06	1.381030e-09
2.82596237e-06	1.423214e-09
2.82878420e-06	1.459872e-09
2.83160884e-06	1.473481e-09
2.83443631e-06	1.504191e-09
2.83726660e-06	1.383881e-09
2.84009972e-06	1.447828e-09
2.84293566e-06	1.451710e-09
2.84577444e-06	1.537644e-09
2.84861605e-06	1.391878e-09
2.85146050e-06	1.406033e-09
2.85430779e-06	1.578508e-09
2.85715792e-06	1.472066e-09
2.86001090e-06	1.640098e-09
2.86286672e-06	1.742797e-09
2.86572540e-06	1.392604e-09
2.86858693e-06	1.419908e-09
2.87145132e-06	1.431331e-09
2.87431857e-06	1.832942e-09
2.87718869e-06	1.419861e-09
2.88006167e-06	1.712199e-09
2.88293752e-06	1.424145e-09
2.88581624e-06	1.534345e-09
2.88869783e-06	1.419582e-09
2.89158230e-06	1.491638e-09
2.89446965e-06	1.539480e-09
2.89735989e-06	1.648717e-09
2.90025301e-06	1.458030e-09
2.90314902e-06	1.874054e-09
2.90604792e-06	1.627391e-09
2.90894972e-06	1.411488e-09
2.91185441e-06	1.443807e-09
2.91476201e-06	1.538915e-09
2.91767251e-06	1.627593e-09
2.92058591e-06	1.408865e-09
2.92350222e-06	1.513780e-09
2.92642145e-06	1.442806e-09
2.92934359e-06	1.648032e-09
2.93226865e-06	1.612436e-09
2.93519663e-06	1.627037e-09
2.93812753e-06	1.442815e-09
2.94106136e-06	1.730534e-09
2.94399812e-06	1.638234e-09
2.94693781e-06	1.571691e-09
2.94988043e-06	1.806234e-09
2.95282600e-06	1.944726e-09
2.95577451e-06	1.515299e-09
2.95872596e-06	1.611473e-09
2.96168035e-06	1.693062e-09
2.96463770e-06	1.752209e-09
2.96759800e-06	1.727649e-09
2.97056126e-06	1.464025e-09
2.97352747e-06	1.521932e-09
2.97649665e-06	1.681130e-09
2.97946879e-06	1.500837e-09
2.98244390e-06	1.439537e-09
2.98542198e-06	1.513613e-09
2.98840304e-06	1.712318e-09
2.99138707e-06	1.471892e-09
2.99437408e-06	1.539582e-09
2.99736407e-06	1.855807e-09
3.00035705e-06	1.646682e-09
3.00335302e-06	1.463869e-09
3.00635198e-06	1.621730e-09
3.00935393e-06	1.701062e-09
3.01235888e-06	1.706049e-09
3.01536684e-06	1.842299e-09
3.01837779e-06	1.540828e-09
3.02139175e-06	1.672030e-09
3.02440873e-06	1.564954e-09
3.02742871e-06	1.752376e-09
3.03045171e-06	1.588443e-09
3.03347773e-06	1.506045e-09
3.03650677e-06	1.628414e-09
3.03953883e-06	1.616251e-09
3.04257392e-06	1.482184e-09
3.04561205e-06	1.864573e-09
3.04865320e-06	1.630167e-09
3.05169740e-06	1.656977e-09
3.05474463e-06	1.659144e-09
3.05779491e-06	1.737092e-09
3.06084823e-06	1.602236e-09
3.06390460e-06	1.458739e-09
3.06696402e-06	1.600129e-09
3.07002650e-06	1.615549e-09
3.07309203e-06	1.469746e-09
3.07616063e-06	1.779067e-09
3.07923229e-06	1.666628e-09
3.08230702e-06	1.663307e-09
3.08538481e-06	1.559625e-09
3.08846569e-06	1.605185e-09
3.09154963e-06	1.546825e-09
3.09463666e-06	1.530903e-09
3.09772677e-06	1.562854e-09
3.10081996e-06	1.558081e-09
3.10391625e-06	1.714942e-09
3.10701562e-06	1.475150e-09
3.11011809e-06	1.523468e-09
3.11322366e-06	1.658438e-09
3.11633233e-06	1.559160e-09
3.11944410e-06	1.692028e-09
3.12255898e-06	1.505144e-09
3.12567698e-06	1.669784e-09
3.12879808e-06	1.635836e-09
3.13192230e-06	1.612495e-09
3.13504964e-06	1.541353e-09
3.13818010e-06	1.520928e-09
3.14131369e-06	1.536813e-09
3.14445041e-06	1.712357e-09
3.14759026e-06	1.644269e-09
3.15073325e-06	1.509409e-09
3.15387937e-06	1.619660e-09
3.15702864e-06	1.620972e-09
3.16018105e-06	1.546973e-09
3.16333660e-06	1.476791e-09
3.16649531e-06	1.650436e-09
3.16965718e-06	1.767961e-09
3.17282220e-06	1.609815e-09
3.17599038e-06	1.562794e-09
3.17916172e-06	1.530178e-09
3.18233623e-06	1.807827e-09
3.18551391e-06	1.614034e-09
3.18869477e-06	1.539766e-09
3.19187880e-06	1.680260e-09
3.19506601e-06	1.604485e-09
3.19825640e-06	1.605435e-09
3.20144997e-06	1.497318e-09
3.20464674e-06	1.501922e-09
3.20784670e-06	1.716173e-09
3.21104985e-06	1.533360e-09
3.21425621e-06	1.650131e-09
3.21746576e-06	1.621965e-09
3.22067852e-06	1.578576e-09
3.22389449e-06	1.488005e-09
3.22711366e-06	1.658464e-09
3.23033606e-06	1.745968e-09
3.23356167e-06	1.601297e-09
3.23679050e-06	1.569147e-09
3.24002255e-06	1.822053e-09
3.24325783e-06	1.495848e-09
3.24649635e-06	1.717536e-09
3.24973809e-06	1.719441e-09
3.25298308e-06	1.651660e-09
3.25623130e-06	1.799919e-09
3.25948277e-06	1.504740e-09
3.26273748e-06	1.811952e-09
3.26599545e-06	1.807484e-09
3.26925667e-06	1.569277e-09
3.27252114e-06	1.918125e-09
3.27578887e-06	1.569349e-09
3.27905987e-06	1.809493e-09
3.28233413e-06	1.607092e-09
3.28561167e-06	1.601512e-09
3.28889247e-06	1.877621e-09
3.29217655e-06	1.638660e-09
3.29546391e-06	1.804979e-09
3.29875455e-06	1.642291e-09
3.30204848e-06	1.912264e-09
3.30534570e-06	1.594317e-09
3.30864621e-06	1.600730e-09
3.31195002e-06	1.472642e-09
3.31525712e-06	1.662112e-09
3.31856753e-06	1.693987e-09
3.32188124e-06	1.627537e-09
3.32519826e-06	1.669834e-09
3.32851860e-06	1.549416e-09
3.33184225e-06	1.554144e-09
3.33516921e-06	1.734404e-09
3.33849950e-06	1.606424e-09
3.34183312e-06	1.591507e-09
3.34517006e-06	1.602707e-09
3.34851034e-06	1.627069e-09
3.35185395e-06	1.779706e-09
3.35520090e-06	1.694628e-09
3.35855119e-06	1.634968e-09
3.36190483e-06	1.670651e-09
3.36526182e-06	1.668954e-09
3.36862216e-06	1.685246e-09
3.37198585e-06	1.810577e-09
3.37535290e-06	1.887868e-09
3.37872332e-06	1.769213e-09
3.38209710e-06	1.741060e-09
3.38547425e-06	1.655284e-09
3.38885477e-06	1.841300e-09
3.39223867e-06	1.597526e-09
3.39562594e-06	1.753252e-09
3.39901660e-06	1.788556e-09
3.40241065e-06	1.801934e-09
3.40580808e-06	1.832236e-09
3.40920890e-06	1.626462e-09
3.41261313e-06	1.584138e-09
3.41602075e-06	1.729776e-09
3.41943177e-06	1.749701e-09
3.42284620e-06	1.770747e-09
3.42626404e-06	1.619945e-09
3.42968529e-06	1.627067e-09
3.43310996e-06	1.711831e-09
3.43653804e-06	1.533388e-09
3.43996956e-06	1.764932e-09
3.44340449e-06	1.766815e-09
3.44684286e-06	1.606252e-09
3.45028466e-06	1.823945e-09
3.45372990e-06	1.739329e-09
3.45717857e-06	1.716144e-09
3.46063070e-06	1.880850e-09
3.46408626e-06	1.734967e-09
3.46754528e-06	1.590949e-09
3.47100775e-06	1.504803e-09
3.47447368e-06	1.761873e-09
3.47794307e-06	1.578742e-09
3.48141593e-06	1.608756e-09
3.48489225e-06	1.546669e-09
3.48837205e-06	1.763155e-09
3.49185532e-06	1.738946e-09
3.49534206e-06	1.730414e-09
3.49883229e-06	1.843089e-09
3.50232600e-06	1.872999e-09
3.50582321e-06	1.852276e-09
3.50932390e-06	1.846523e-09
3.51282809e-06	1.830549e-09
3.51633578e-06	1.586041e-09
3.51984697e-06	1.821199e-09
3.52336167e-06	1.923073e-09
3.52687988e-06	1.501769e-09
3.53040160e-06	1.901130e-09
3.53392683e-06	1.807791e-09
3.53745559e-06	1.841177e-09
3.54098787e-06	1.725879e-09
3.54452368e-06	1.728987e-09
3.54806302e-06	1.952095e-09
3.55160589e-06	1.805345e-09
3.55515230e-06	1.799540e-09
3.55870225e-06	1.817536e-09
3.56225575e-06	1.873725e-09
3.56581279e-06	1.815137e-09
3.56937339e-06	1.815861e-09
3.57293754e-06	1.841677e-09
3.57650525e-06	1.822644e-09
3.58007652e-06	1.914495e-09
3.58365136e-06	1.896561e-09
3.58722977e-06	1.871543e-09
3.59081175e-06	1.912796e-09
3.59439731e-06	1.972684e-09
3.59798645e-06	1.564096e-09
3.60157917e-06	1.567886e-09
3.60517548e-06	1.884188e-09
3.60877538e-06	1.747363e-09
3.61237888e-06	1.662949e-09
3.61598597e-06	1.754232e-09
3.61959667e-06	1.953151e-09
3.62321097e-06	1.790790e-09
3.62682888e-06	1.715763e-09
3.63045040e-06	1.794031e-09
3.63407554e-06	1.753906e-09
3.63770430e-06	1.622403e-09
3.64133669e-06	1.974222e-09
3.64497270e-06	2.017015e-09
3.64861234e-06	1.795924e-09
3.65225561e-06	1.655040e-09
3.65590252e-06	2.078175e-09
3.65955308e-06	1.949926e-09
3.66320728e-06	1.894635e-09
3.66686512e-06	1.996165e-09
3.67052662e-06	1.969165e-09
3.67419178e-06	1.669094e-09
3.67786060e-06	1.908682e-09
3.68153308e-06	1.915433e-09
3.68520923e-06	2.122218e-09
3.68888904e-06	1.793243e-09
3.69257254e-06	2.032677e-09
3.69625971e-06	1.616653e-09
3.69995056e-06	1.828179e-09
3.70364510e-06	1.996414e-09
3.70734332e-06	1.833125e-09
3.71104524e-06	1.822883e-09
3.71475086e-06	1.997475e-09
3.71846018e-06	1.951571e-09
3.72217320e-06	1.861783e-09
3.72588992e-06	1.986050e-09
3.72961036e-06	2.041233e-09
3.73333452e-06	1.997676e-09
3.73706239e-06	1.966642e-09
3.74079399e-06	2.081648e-09
3.74452931e-06	1.972654e-09
3.74826836e-06	1.635070e-09
3.75201114e-06	2.055879e-09
3.75575766e-06	2.005920e-09
3.75950793e-06	2.083127e-09
3.76326194e-06	2.103623e-09
3.76701969e-06	2.109742e-09
3.77078120e-06	1.906357e-09
3.77454647e-06	1.924461e-09
3.77831549e-06	1.901810e-09
3.78208828e-06	1.828714e-09
3.78586483e-06	1.924973e-09
3.78964516e-06	2.184892e-09
3.79342926e-06	1.634538e-09
3.79721714e-06	2.203874e-09
3.80100880e-06	2.144648e-09
3.80480425e-06	2.103327e-09
3.80860349e-06	2.136636e-09
3.81240652e-06	2.185768e-09
3.81621335e-06	2.039585e-09
3.82002398e-06	2.214409e-09
3.82383842e-06	2.116632e-09
3.82765666e-06	2.172840e-09
3.83147872e-06	1.945959e-09
3.83530459e-06	2.187142e-09
3.83913428e-06	2.118369e-09
3.84296780e-06	2.178339e-09
3.84680515e-06	1.813347e-09
3.85064633e-06	2.003953e-09
3.85449134e-06	2.210757e-09
3.85834019e-06	2.105439e-09
3.86219289e-06	2.004129e-09
3.86604943e-06	1.888789e-09
3.86990982e-06	2.188128e-09
3.87377407e-06	2.069782e-09
3.87764218e-06	2.118872e-09
3.88151415e-06	2.220399e-09
3.88538998e-06	2.079487e-09
3.88926969e-06	2.120476e-09
3.89315327e-06	2.209196e-09
3.89704073e-06	1.973594e-09
3.90093207e-06	2.187470e-09
3.90482729e-06	2.210066e-09
3.90872641e-06	2.196256e-09
3.91262941e-06	2.170437e-09
3.91653632e-06	2.112030e-09
3.92044713e-06	1.949690e-09
3.92436184e-06	1.934714e-09
3.92828046e-06	2.219922e-09
3.93220299e-06	1.704929e-09
3.93612944e-06	2.111534e-09
3.94005981e-06	1.991654e-09
3.94399411e-06	2.225629e-09
3.94793233e-06	1.989646e-09
3.95187449e-06	1.956846e-09
3.95582058e-06	2.272512e-09
3.95977062e-06	2.133405e-09
3.96372460e-06	1.787902e-09
3.96768252e-06	2.079672e-09
3.97164440e-06	2.079517e-09
3.97561023e-06	1.840562e-09
3.97958003e-06	2.137608e-09
3.98355379e-06	2.082463e-09
3.98753151e-06	2.129475e-09
3.99151321e-06	1.831921e-09
3.99549888e-06	2.167529e-09
3.99948854e-06	1.675726e-09
4.00348217e-06	2.235914e-09
