2.99769222e-07	1.672691e-16
3.00068553e-07	8.633915e-16
3.00368182e-07	8.863899e-16
3.00668111e-07	9.099616e-16
3.00968339e-07	9.341200e-16
3.01268867e-07	9.588786e-16
3.01569695e-07	9.842511e-16
3.01870824e-07	1.010252e-15
3.02172253e-07	1.036895e-15
3.02473983e-07	1.064195e-15
3.02776015e-07	1.092168e-15
3.03078348e-07	1.120828e-15
3.03380983e-07	1.150191e-15
3.03683920e-07	1.180273e-15
3.03987160e-07	1.211091e-15
3.04290702e-07	1.242661e-15
3.04594547e-07	1.275000e-15
3.04898696e-07	1.308126e-15
3.05203149e-07	1.342056e-15
3.05507906e-07	1.376807e-15
3.05812967e-07	1.412400e-15
3.06118332e-07	1.448852e-15
3.06424003e-07	1.486183e-15
3.06729978e-07	1.524411e-15
3.07036260e-07	1.563558e-15
3.07342847e-07	1.603644e-15
3.07649740e-07	1.644689e-15
3.07956940e-07	1.686715e-15
3.08264446e-07	1.729742e-15
3.08572260e-07	1.773795e-15
3.08880380e-07	1.818893e-15
3.09188809e-07	1.865062e-15
3.09497545e-07	1.912324e-15
3.09806590e-07	1.960704e-15
3.10115944e-07	2.010224e-15
3.10425606e-07	2.060912e-15
3.10735577e-07	2.112790e-15
3.11045858e-07	2.165887e-15
3.11356449e-07	2.220227e-15
3.11667350e-07	2.275839e-15
3.11978561e-07	2.332748e-15
3.12290084e-07	2.390984e-15
3.12601917e-07	2.450575e-15
3.12914061e-07	2.511549e-15
3.13226518e-07	2.573937e-15
3.13539286e-07	2.637768e-15
3.13852367e-07	2.703074e-15
3.14165760e-07	2.769886e-15
3.14479466e-07	2.838235e-15
3.14793485e-07	2.908155e-15
3.15107818e-07	2.979678e-15
3.15422465e-07	3.052839e-15
3.15737426e-07	3.127672e-15
3.16052702e-07	3.204212e-15
3.16368292e-07	3.282495e-15
3.16684197e-07	3.362557e-15
3.17000418e-07	3.444436e-15
3.17316955e-07	3.528170e-15
3.17633808e-07	3.613798e-15
3.17950977e-07	3.701358e-15
3.18268463e-07	3.790891e-15
3.18586266e-07	3.882438e-15
3.18904386e-07	3.976040e-15
3.19222824e-07	4.071740e-15
3.19541579e-07	4.169581e-15
3.19860654e-07	4.269607e-15
3.20180046e-07	4.371863e-15
3.20499758e-07	4.476394e-15
3.20819789e-07	4.583248e-15
3.21140139e-07	4.692471e-15
3.21460810e-07	4.804112e-15
3.21781800e-07	4.918220e-15
3.22103111e-07	5.034845e-15
3.22424743e-07	5.154037e-15
3.22746696e-07	5.275850e-15
3.23068971e-07	5.400335e-15
3.23391567e-07	5.527546e-15
3.23714485e-07	5.657539e-15
3.24037726e-07	5.790369e-15
3.24361290e-07	5.926093e-15
3.24685177e-07	6.064768e-15
3.25009387e-07	6.206454e-15
3.25333921e-07	6.351210e-15
3.25658779e-07	6.499098e-15
3.25983961e-07	6.650179e-15
3.26309468e-07	6.804517e-15
3.26635300e-07	6.962176e-15
3.26961458e-07	7.123221e-15
3.27287941e-07	7.287720e-15
3.27614750e-07	7.455739e-15
3.27941886e-07	7.627349e-15
3.28269348e-07	7.802619e-15
3.28597137e-07	7.981620e-15
3.28925253e-07	8.164426e-15
3.29253697e-07	8.351110e-15
3.29582469e-07	8.541748e-15
3.29911570e-07	8.736417e-15
3.30240998e-07	8.935193e-15
3.30570756e-07	9.138157e-15
3.30900844e-07	9.345390e-15
3.31231260e-07	9.556972e-15
3.31562007e-07	9.772989e-15
3.31893084e-07	9.993525e-15
3.32224491e-07	1.021867e-14
3.32556230e-07	1.044850e-14
3.32888300e-07	1.068312e-14
3.33220701e-07	1.092261e-14
3.33553434e-07	1.116706e-14
3.33886500e-07	1.141658e-14
3.34219898e-07	1.167125e-14
3.34553629e-07	1.193117e-14
3.34887693e-07	1.219645e-14
3.35222091e-07	1.246718e-14
3.35556822e-07	1.274346e-14
3.35891888e-07	1.302540e-14
3.36227289e-07	1.331311e-14
3.36563024e-07	1.360669e-14
3.36899095e-07	1.390625e-14
3.37235501e-07	1.421190e-14
3.37572243e-07	1.452376e-14
3.37909321e-07	1.484194e-14
3.38246736e-07	1.516655e-14
3.38584488e-07	1.549773e-14
3.38922578e-07	1.583558e-14
3.39261004e-07	1.618022e-14
3.39599769e-07	1.653180e-14
3.39938872e-07	1.689042e-14
3.40278313e-07	1.725622e-14
3.40618094e-07	1.762933e-14
3.40958214e-07	1.800989e-14
3.41298673e-07	1.839803e-14
3.41639473e-07	1.879388e-14
3.41980612e-07	1.919758e-14
3.42322093e-07	1.960929e-14
3.42663914e-07	2.002914e-14
3.43006076e-07	2.045727e-14
3.43348581e-07	2.089385e-14
3.43691427e-07	2.133901e-14
3.44034616e-07	2.179291e-14
3.44378147e-07	2.225572e-14
3.44722021e-07	2.272758e-14
3.45066239e-07	2.320865e-14
3.45410800e-07	2.369911e-14
3.45755706e-07	2.419912e-14
3.46100956e-07	2.470885e-14
3.46446550e-07	2.522846e-14
3.46792490e-07	2.575814e-14
3.47138775e-07	2.629806e-14
3.47485406e-07	2.684840e-14
3.47832383e-07	2.740934e-14
3.48179707e-07	2.798107e-14
3.48527377e-07	2.856378e-14
3.48875395e-07	2.915765e-14
3.49223760e-07	2.976289e-14
3.49572472e-07	3.037968e-14
3.49921534e-07	3.100824e-14
3.50270943e-07	3.164876e-14
3.50620702e-07	3.230145e-14
3.50970809e-07	3.296652e-14
3.51321267e-07	3.364418e-14
3.51672074e-07	3.433465e-14
3.52023232e-07	3.503815e-14
3.52374740e-07	3.575490e-14
3.52726599e-07	3.648513e-14
3.53078810e-07	3.722907e-14
3.53431372e-07	3.798694e-14
3.53784286e-07	3.875900e-14
3.54137553e-07	3.954547e-14
3.54491173e-07	4.034660e-14
3.54845145e-07	4.116265e-14
3.55199471e-07	4.199384e-14
3.55554151e-07	4.284041e-14
3.55909185e-07	4.370268e-14
3.56264573e-07	4.458099e-14
3.56620317e-07	4.547543e-14
3.56976415e-07	4.638633e-14
3.57332870e-07	4.731399e-14
3.57689680e-07	4.825866e-14
3.58046846e-07	4.922067e-14
3.58404369e-07	5.020026e-14
3.58762249e-07	5.119774e-14
3.59120487e-07	5.221340e-14
3.59479082e-07	5.324756e-14
3.59838035e-07	5.430047e-14
3.60197347e-07	5.537243e-14
3.60557017e-07	5.646331e-14
3.60917046e-07	5.757499e-14
3.61277436e-07	5.870636e-14
3.61638184e-07	5.985796e-14
3.61999294e-07	6.103026e-14
3.62360763e-07	6.222342e-14
3.62722594e-07	6.343829e-14
3.63084786e-07	6.467483e-14
3.63447339e-07	6.593330e-14
3.63810255e-07	6.721437e-14
3.64173533e-07	6.851810e-14
3.64537174e-07	6.984512e-14
3.64901178e-07	7.119561e-14
3.65265545e-07	7.257002e-14
3.65630276e-07	7.396871e-14
3.65995372e-07	7.539213e-14
3.66360832e-07	7.684060e-14
3.66726656e-07	7.831455e-14
3.67092847e-07	7.981432e-14
3.67459402e-07	8.134049e-14
3.67826324e-07	8.289309e-14
3.68193613e-07	8.447318e-14
3.68561267e-07	8.608071e-14
3.68929290e-07	8.771624e-14
3.69297679e-07	8.937986e-14
3.69666437e-07	9.107292e-14
3.70035562e-07	9.279473e-14
3.70405056e-07	9.454697e-14
3.70774920e-07	9.632893e-14
3.71145152e-07	9.814160e-14
3.71515754e-07	9.998566e-14
3.71886726e-07	1.018610e-13
3.72258069e-07	1.037691e-13
3.72629783e-07	1.057102e-13
3.73001867e-07	1.076837e-13
3.73374323e-07	1.096912e-13
3.73747152e-07	1.117329e-13
3.74120352e-07	1.138088e-13
3.74493925e-07	1.159202e-13
3.74867871e-07	1.180673e-13
3.75242191e-07	1.202518e-13
3.75616884e-07	1.224713e-13
3.75991951e-07	1.247304e-13
3.76367393e-07	1.270264e-13
3.76743210e-07	1.293600e-13
3.77119402e-07	1.317306e-13
3.77495970e-07	1.341481e-13
3.77872913e-07	1.366024e-13
3.78250233e-07	1.390967e-13
3.78627930e-07	1.416335e-13
3.79006004e-07	1.442123e-13
3.79384456e-07	1.468337e-13
3.79763285e-07	1.494974e-13
3.80142493e-07	1.522080e-13
3.80522079e-07	1.549611e-13
3.80902045e-07	1.577603e-13
3.81282390e-07	1.606064e-13
3.81663114e-07	1.634953e-13
3.82044219e-07	1.664343e-13
3.82425704e-07	1.694264e-13
3.82807570e-07	1.724632e-13
3.83189818e-07	1.755504e-13
3.83572447e-07	1.786846e-13
3.83955458e-07	1.818752e-13
3.84338852e-07	1.851132e-13
3.84722629e-07	1.884042e-13
3.85106789e-07	1.917531e-13
3.85491332e-07	1.951533e-13
3.85876259e-07	1.986083e-13
3.86261571e-07	2.021191e-13
3.86647268e-07	2.056839e-13
3.87033349e-07	2.093104e-13
3.87419816e-07	2.129926e-13
3.87806669e-07	2.167327e-13
3.88193909e-07	2.205363e-13
3.88581535e-07	2.243927e-13
3.88969548e-07	2.283194e-13
3.89357948e-07	2.323076e-13
3.89746737e-07	2.363527e-13
3.90135913e-07	2.404709e-13
3.90525478e-07	2.446457e-13
3.90915433e-07	2.488888e-13
3.91305776e-07	2.532019e-13
3.91696509e-07	2.575869e-13
3.92087633e-07	2.620341e-13
3.92479147e-07	2.665525e-13
3.92871052e-07	2.711410e-13
3.93263348e-07	2.758042e-13
3.93656036e-07	2.805381e-13
3.94049116e-07	2.853432e-13
3.94442589e-07	2.902205e-13
3.94836455e-07	2.951890e-13
3.95230713e-07	3.002085e-13
3.95625366e-07	3.053231e-13
3.96020412e-07	3.105195e-13
3.96415854e-07	3.158104e-13
3.96811689e-07	3.211625e-13
3.97207921e-07	3.266017e-13
3.97604547e-07	3.321231e-13
3.98001570e-07	3.377278e-13
3.98398990e-07	3.434093e-13
3.98796806e-07	3.492007e-13
3.99195019e-07	3.550549e-13
3.99593630e-07	3.610321e-13
3.99992639e-07	3.670726e-13
4.00392047e-07	3.732110e-13
4.00791853e-07	3.794552e-13
4.01192059e-07	3.857807e-13
4.01592664e-07	3.922099e-13
4.01993669e-07	3.987287e-13
4.02395074e-07	4.053418e-13
4.02796881e-07	4.120687e-13
4.03199088e-07	4.188915e-13
4.03601698e-07	4.258034e-13
4.04004709e-07	4.328423e-13
4.04408123e-07	4.399715e-13
4.04811939e-07	4.471896e-13
4.05216159e-07	4.545541e-13
4.05620782e-07	4.620217e-13
4.06025810e-07	4.695835e-13
4.06431241e-07	4.772223e-13
4.06837078e-07	4.850505e-13
4.07243320e-07	4.929515e-13
4.07649967e-07	5.010034e-13
4.08057021e-07	5.091462e-13
4.08464481e-07	5.174161e-13
4.08872348e-07	5.257821e-13
4.09280622e-07	5.343152e-13
4.09689304e-07	5.429455e-13
4.10098394e-07	5.517061e-13
4.10507892e-07	5.605384e-13
4.10917800e-07	5.696120e-13
4.11328116e-07	5.782148e-13
4.11738843e-07	5.880258e-13
4.12149979e-07	5.972653e-13
4.12561526e-07	6.069834e-13
4.12973484e-07	6.167163e-13
4.13385854e-07	6.265671e-13
4.13798635e-07	6.365244e-13
4.14211828e-07	6.466100e-13
4.14625434e-07	6.568186e-13
4.15039453e-07	6.673285e-13
4.15453885e-07	6.778632e-13
4.15868731e-07	6.885668e-13
4.16283991e-07	6.995092e-13
4.16699666e-07	7.105008e-13
4.17115756e-07	7.217079e-13
4.17532262e-07	7.330144e-13
4.17949183e-07	7.445416e-13
4.18366521e-07	7.562068e-13
4.18784276e-07	7.679555e-13
4.19202447e-07	7.800059e-13
4.19621036e-07	7.920160e-13
4.20040044e-07	8.045626e-13
4.20459469e-07	8.170622e-13
4.20879314e-07	8.296534e-13
4.21299577e-07	8.426372e-13
4.21720260e-07	8.552978e-13
4.22141364e-07	8.686300e-13
4.22562887e-07	8.822997e-13
4.22984832e-07	8.952170e-13
4.23407198e-07	9.095398e-13
4.23829986e-07	9.234390e-13
4.24253196e-07	9.377372e-13
4.24676828e-07	9.523004e-13
4.25100884e-07	9.668537e-13
4.25525363e-07	9.815615e-13
4.25950266e-07	9.966661e-13
4.26375593e-07	1.011822e-12
4.26801345e-07	1.027315e-12
4.27227522e-07	1.042803e-12
4.27654124e-07	1.058722e-12
4.28081153e-07	1.074717e-12
4.28508608e-07	1.091061e-12
4.28936489e-07	1.107312e-12
4.29364798e-07	1.123874e-12
4.29793535e-07	1.141215e-12
4.30222700e-07	1.158412e-12
4.30652293e-07	1.175745e-12
4.31082315e-07	1.193391e-12
4.31512767e-07	1.211435e-12
4.31943648e-07	1.229532e-12
4.32374960e-07	1.247908e-12
4.32806703e-07	1.266445e-12
4.33238876e-07	1.285083e-12
4.33671481e-07	1.304458e-12
4.34104518e-07	1.323904e-12
4.34537988e-07	1.343311e-12
4.34971890e-07	1.363297e-12
4.35406226e-07	1.383620e-12
4.35840995e-07	1.403676e-12
4.36276198e-07	1.424720e-12
4.36711836e-07	1.445421e-12
4.37147909e-07	1.466840e-12
4.37584417e-07	1.488752e-12
4.38021362e-07	1.510558e-12
4.38458742e-07	1.532524e-12
4.38896560e-07	1.555133e-12
4.39334814e-07	1.577485e-12
4.39773506e-07	1.600631e-12
4.40212636e-07	1.624279e-12
4.40652205e-07	1.647932e-12
4.41092212e-07	1.671721e-12
4.41532659e-07	1.695938e-12
4.41973546e-07	1.720410e-12
4.42414873e-07	1.745452e-12
4.42856641e-07	1.770049e-12
4.43298849e-07	1.795358e-12
4.43741500e-07	1.822046e-12
4.44184592e-07	1.848230e-12
4.44628127e-07	1.874917e-12
4.45072105e-07	1.901797e-12
4.45516526e-07	1.928909e-12
4.45961390e-07	1.946310e-12
4.46406699e-07	1.984708e-12
4.46852453e-07	2.013067e-12
4.47298652e-07	2.041561e-12
4.47745296e-07	2.071034e-12
4.48192386e-07	2.100465e-12
4.48639923e-07	2.127326e-12
4.49087906e-07	2.160015e-12
4.49536337e-07	2.191264e-12
4.49985216e-07	2.222039e-12
4.50434543e-07	2.253410e-12
4.50884319e-07	2.284973e-12
4.51334543e-07	2.317192e-12
4.51785218e-07	2.349572e-12
4.52236342e-07	2.382258e-12
4.52687917e-07	2.416279e-12
4.53139942e-07	2.450025e-12
4.53592419e-07	2.484559e-12
4.54045348e-07	2.518960e-12
4.54498729e-07	2.551929e-12
4.54952563e-07	2.590208e-12
4.55406850e-07	2.626409e-12
4.55861591e-07	2.662568e-12
4.56316785e-07	2.699919e-12
4.56772435e-07	2.737641e-12
4.57228539e-07	2.775245e-12
4.57685098e-07	2.813328e-12
4.58142114e-07	2.852054e-12
4.58599586e-07	2.891415e-12
4.59057514e-07	2.930784e-12
4.59515900e-07	2.971971e-12
4.59974744e-07	3.012848e-12
4.60434046e-07	3.053584e-12
4.60893806e-07	3.095058e-12
4.61354026e-07	3.138594e-12
4.61814705e-07	3.181358e-12
4.62275844e-07	3.224694e-12
4.62737444e-07	3.268246e-12
4.63199504e-07	3.313086e-12
4.63662026e-07	3.357978e-12
4.64125010e-07	3.403189e-12
4.64588456e-07	3.448368e-12
4.65052364e-07	3.495323e-12
4.65516737e-07	3.541064e-12
4.65981572e-07	3.591942e-12
4.66446872e-07	3.638738e-12
4.66912637e-07	3.685186e-12
4.67378866e-07	3.738257e-12
4.67845561e-07	3.785889e-12
4.68312722e-07	3.839782e-12
4.68780350e-07	3.882870e-12
4.69248445e-07	3.943282e-12
4.69717007e-07	3.993004e-12
4.70186036e-07	4.049708e-12
4.70655535e-07	4.101613e-12
4.71125502e-07	4.145240e-12
4.71595938e-07	4.213171e-12
4.72066844e-07	4.269146e-12
4.72538220e-07	4.324936e-12
4.73010067e-07	4.382656e-12
4.73482385e-07	4.441082e-12
4.73955175e-07	4.491459e-12
4.74428437e-07	4.558382e-12
4.74902171e-07	4.616031e-12
4.75376378e-07	4.675588e-12
4.75851059e-07	4.735535e-12
4.76326214e-07	4.803037e-12
4.76801844e-07	4.868244e-12
4.77277948e-07	4.926434e-12
4.77754528e-07	4.988426e-12
4.78231583e-07	5.057938e-12
4.78709115e-07	5.125459e-12
4.79187124e-07	5.191249e-12
4.79665610e-07	5.256940e-12
4.80144574e-07	5.312577e-12
4.80624016e-07	5.397161e-12
4.81103937e-07	5.463709e-12
4.81584337e-07	5.536183e-12
4.82065217e-07	5.605080e-12
4.82546577e-07	5.684662e-12
4.83028417e-07	5.747790e-12
4.83510739e-07	5.794836e-12
4.83993543e-07	5.888855e-12
4.84476828e-07	5.958029e-12
4.84960596e-07	6.046760e-12
4.85444847e-07	6.125642e-12
4.85929582e-07	6.212562e-12
4.86414801e-07	6.288685e-12
4.86900504e-07	6.369849e-12
4.87386692e-07	6.449676e-12
4.87873366e-07	6.485908e-12
4.88360525e-07	6.619117e-12
4.88848171e-07	6.698308e-12
4.89336304e-07	6.780075e-12
4.89824925e-07	6.812528e-12
4.90314033e-07	6.958258e-12
4.90803630e-07	7.038009e-12
4.91293716e-07	7.136553e-12
4.91784291e-07	7.227834e-12
4.92275355e-07	7.316785e-12
4.92766911e-07	7.404257e-12
4.93258957e-07	7.508620e-12
4.93751494e-07	7.600043e-12
4.94244523e-07	7.675650e-12
4.94738045e-07	7.785448e-12
4.95232059e-07	7.884205e-12
4.95726566e-07	7.985600e-12
4.96221568e-07	8.081037e-12
4.96717063e-07	8.179148e-12
4.97213054e-07	8.272576e-12
4.97709539e-07	8.380810e-12
4.98206521e-07	8.493887e-12
4.98703999e-07	8.593958e-12
4.99201973e-07	8.693364e-12
4.99700445e-07	8.805213e-12
5.00199414e-07	8.926259e-12
5.00698882e-07	9.042640e-12
5.01198848e-07	9.139709e-12
5.01699314e-07	9.253279e-12
5.02200279e-07	9.358831e-12
5.02701745e-07	9.491631e-12
5.03203711e-07	9.584331e-12
5.03706178e-07	9.710726e-12
5.04209148e-07	9.846794e-12
5.04712619e-07	9.952167e-12
5.05216594e-07	1.008603e-11
5.05721071e-07	1.018838e-11
5.06226052e-07	1.033456e-11
5.06731538e-07	1.043302e-11
5.07237528e-07	1.056949e-11
5.07744023e-07	1.071404e-11
5.08251025e-07	1.082159e-11
5.08758532e-07	1.093702e-11
5.09266546e-07	1.110630e-11
5.09775068e-07	1.124315e-11
5.10284097e-07	1.136164e-11
5.10793635e-07	1.140645e-11
5.11303681e-07	1.162321e-11
5.11814237e-07	1.175596e-11
5.12325302e-07	1.181444e-11
5.12836878e-07	1.203102e-11
5.13348965e-07	1.215886e-11
5.13861563e-07	1.234140e-11
5.14374672e-07	1.245701e-11
5.14888295e-07	1.267071e-11
5.15402430e-07	1.281379e-11
5.15917078e-07	1.296998e-11
5.16432240e-07	1.310771e-11
5.16947917e-07	1.325704e-11
5.17464109e-07	1.341861e-11
5.17980816e-07	1.358383e-11
5.18498039e-07	1.377132e-11
5.19015778e-07	1.392196e-11
5.19534035e-07	1.410644e-11
5.20052809e-07	1.427225e-11
5.20572101e-07	1.441034e-11
5.21091911e-07	1.460005e-11
5.21612241e-07	1.476511e-11
5.22133090e-07	1.496790e-11
5.22654459e-07	1.512034e-11
5.23176349e-07	1.528894e-11
5.23698760e-07	1.548478e-11
5.24221693e-07	1.556126e-11
5.24745148e-07	1.582237e-11
5.25269125e-07	1.603379e-11
5.25793626e-07	1.623072e-11
5.26318650e-07	1.642495e-11
5.26844199e-07	1.656321e-11
5.27370272e-07	1.678578e-11
5.27896871e-07	1.683936e-11
5.28423996e-07	1.720434e-11
5.28951647e-07	1.738987e-11
5.29479824e-07	1.755999e-11
5.30008530e-07	1.780685e-11
5.30537763e-07	1.800758e-11
5.31067524e-07	1.818806e-11
5.31597815e-07	1.841913e-11
5.32128635e-07	1.864161e-11
5.32659985e-07	1.880926e-11
5.33191866e-07	1.903754e-11
5.33724278e-07	1.927413e-11
5.34257221e-07	1.947536e-11
5.34790697e-07	1.971037e-11
5.35324705e-07	1.995158e-11
5.35859247e-07	2.014619e-11
5.36394322e-07	2.029156e-11
5.36929932e-07	2.065291e-11
5.37466076e-07	2.086798e-11
5.38002756e-07	2.113533e-11
5.38539972e-07	2.133319e-11
5.39077724e-07	2.147358e-11
5.39616013e-07	2.157242e-11
5.40154839e-07	2.192637e-11
5.40694204e-07	2.224705e-11
5.41234107e-07	2.256193e-11
5.41774550e-07	2.271505e-11
5.42315532e-07	2.283346e-11
5.42857054e-07	2.318126e-11
5.43399117e-07	2.323244e-11
5.43941721e-07	2.339068e-11
5.44484867e-07	2.408550e-11
5.45028555e-07	2.431632e-11
5.45572786e-07	2.466915e-11
5.46117561e-07	2.481723e-11
5.46662879e-07	2.494707e-11
5.47208743e-07	2.538758e-11
5.47755151e-07	2.573740e-11
5.48302105e-07	2.592313e-11
5.48849605e-07	2.633503e-11
5.49397651e-07	2.661063e-11
5.49946245e-07	2.697560e-11
5.50495387e-07	2.712412e-11
5.51045077e-07	2.758523e-11
5.51595316e-07	2.759302e-11
5.52146104e-07	2.821267e-11
5.52697443e-07	2.820432e-11
5.53249331e-07	2.874544e-11
5.53801771e-07	2.863481e-11
5.54354763e-07	2.930222e-11
5.54908307e-07	2.979601e-11
5.55462403e-07	3.000204e-11
5.56017053e-07	3.034758e-11
5.56572257e-07	3.038292e-11
5.57128015e-07	3.087453e-11
5.57684328e-07	3.116787e-11
5.58241196e-07	3.177344e-11
5.58798621e-07	3.215810e-11
5.59356602e-07	3.244926e-11
5.59915140e-07	3.280406e-11
5.60474236e-07	3.304866e-11
5.61033890e-07	3.348056e-11
5.61594104e-07	3.373417e-11
5.62154876e-07	3.431772e-11
5.62716209e-07	3.455390e-11
5.63278102e-07	3.500091e-11
5.63840556e-07	3.517638e-11
5.64403571e-07	3.570846e-11
5.64967149e-07	3.617215e-11
5.65531290e-07	3.641845e-11
5.66095994e-07	3.663828e-11
5.66661262e-07	3.724865e-11
5.67227094e-07	3.758200e-11
5.67793491e-07	3.772383e-11
5.68360454e-07	3.683442e-11
5.68927983e-07	3.849298e-11
5.69496079e-07	3.898780e-11
5.70064741e-07	3.938450e-11
5.70633972e-07	3.956423e-11
5.71203771e-07	3.987013e-11
5.71774140e-07	3.997542e-11
5.72345077e-07	4.070341e-11
5.72916585e-07	4.173774e-11
5.73488663e-07	4.226533e-11
5.74061313e-07	4.244477e-11
5.74634535e-07	4.269361e-11
5.75208328e-07	4.309973e-11
5.75782695e-07	4.387761e-11
5.76357636e-07	4.413547e-11
5.76933150e-07	4.484346e-11
5.77509239e-07	4.521086e-11
5.78085904e-07	4.489737e-11
5.78663144e-07	4.580882e-11
5.79240960e-07	4.578260e-11
5.79819354e-07	4.700608e-11
5.80398325e-07	4.670489e-11
5.80977874e-07	4.773022e-11
5.81558002e-07	4.717003e-11
5.82138709e-07	4.924314e-11
5.82719997e-07	4.929684e-11
5.83301864e-07	4.992259e-11
5.83884313e-07	4.934906e-11
5.84467343e-07	5.021884e-11
5.85050955e-07	5.101472e-11
5.85635150e-07	5.194093e-11
5.86219928e-07	5.149320e-11
5.86805291e-07	5.043364e-11
5.87391238e-07	5.323362e-11
5.87977770e-07	5.344279e-11
5.88564887e-07	5.395246e-11
5.89152591e-07	4.979356e-11
5.89740882e-07	5.383110e-11
5.90329760e-07	5.303441e-11
5.90919226e-07	5.589315e-11
5.91509281e-07	5.669441e-11
5.92099925e-07	5.487256e-11
5.92691158e-07	5.736628e-11
5.93282982e-07	5.764927e-11
5.93875397e-07	5.816351e-11
5.94468404e-07	5.868535e-11
5.95062003e-07	5.896261e-11
5.95656194e-07	6.070868e-11
5.96250979e-07	6.086416e-11
5.96846358e-07	5.846924e-11
5.97442331e-07	6.168537e-11
5.98038899e-07	6.185431e-11
5.98636063e-07	6.384059e-11
5.99233823e-07	6.292999e-11
5.99832181e-07	6.488284e-11
6.00431135e-07	5.947217e-11
6.01030688e-07	6.561806e-11
6.01630839e-07	6.570007e-11
6.02231590e-07	6.575594e-11
6.02832941e-07	6.807756e-11
6.03434892e-07	6.900226e-11
6.04037444e-07	6.761164e-11
6.04640598e-07	6.654819e-11
6.05244354e-07	6.954793e-11
6.05848713e-07	7.003289e-11
6.06453675e-07	7.079468e-11
6.07059241e-07	7.282815e-11
6.07665413e-07	7.328453e-11
6.08272189e-07	7.484216e-11
6.08879571e-07	7.613272e-11
6.09487560e-07	7.664662e-11
6.10096156e-07	7.762516e-11
6.10705360e-07	7.668400e-11
6.11315172e-07	7.917293e-11
6.11925592e-07	7.959100e-11
6.12536623e-07	7.922985e-11
6.13148263e-07	8.192352e-11
6.13760515e-07	8.166873e-11
6.14373377e-07	8.038978e-11
6.14986852e-07	8.352221e-11
6.15600939e-07	8.493403e-11
6.16215639e-07	8.465107e-11
6.16830953e-07	8.334926e-11
6.17446882e-07	8.688461e-11
6.18063426e-07	8.768778e-11
6.18680585e-07	8.937155e-11
6.19298360e-07	8.872669e-11
6.19916753e-07	8.882563e-11
6.20535763e-07	9.131345e-11
6.21155390e-07	9.054504e-11
6.21775637e-07	9.420565e-11
6.22396503e-07	9.389178e-11
6.23017989e-07	9.552712e-11
6.23640096e-07	9.418924e-11
6.24262823e-07	9.597578e-11
6.24886173e-07	9.716752e-11
6.25510145e-07	9.867269e-11
6.26134740e-07	9.644266e-11
6.26759959e-07	9.741520e-11
6.27385802e-07	9.944274e-11
6.28012270e-07	9.849133e-11
6.28639363e-07	1.000047e-10
6.29267083e-07	1.048089e-10
6.29895429e-07	1.038502e-10
6.30524403e-07	1.029807e-10
6.31154005e-07	1.040355e-10
6.31784236e-07	1.055670e-10
6.32415096e-07	1.040451e-10
6.33046586e-07	1.029425e-10
6.33678706e-07	1.109335e-10
6.34311458e-07	1.115683e-10
6.34944842e-07	1.113181e-10
6.35578858e-07	1.134879e-10
6.36213507e-07	1.152416e-10
6.36848789e-07	1.156368e-10
6.37484706e-07	1.127802e-10
6.38121259e-07	1.152785e-10
6.38758446e-07	1.152282e-10
6.39396270e-07	1.193673e-10
6.40034731e-07	1.201235e-10
6.40673830e-07	1.199264e-10
6.41313566e-07	1.204332e-10
6.41953941e-07	1.222144e-10
6.42594956e-07	1.243505e-10
6.43236611e-07	1.215798e-10
6.43878907e-07	1.231182e-10
6.44521844e-07	1.191942e-10
6.45165423e-07	1.262364e-10
6.45809644e-07	1.274334e-10
6.46454509e-07	1.266820e-10
6.47100018e-07	1.232504e-10
6.47746171e-07	1.236921e-10
6.48392970e-07	1.280333e-10
6.49040414e-07	1.345048e-10
6.49688505e-07	1.315736e-10
6.50337243e-07	1.364933e-10
6.50986629e-07	1.359225e-10
6.51636663e-07	1.271937e-10
6.52287347e-07	1.322468e-10
6.52938680e-07	1.320538e-10
6.53590663e-07	1.371922e-10
6.54243298e-07	1.384585e-10
6.54896584e-07	1.429997e-10
6.55550522e-07	1.417152e-10
6.56205114e-07	1.357210e-10
6.56860359e-07	1.394162e-10
6.57516258e-07	1.338288e-10
6.58172813e-07	1.455808e-10
6.58830023e-07	1.025773e-10
6.59487889e-07	1.349268e-10
6.60146412e-07	1.484049e-10
6.60805592e-07	1.557076e-10
6.61465431e-07	1.519905e-10
6.62125929e-07	1.561241e-10
6.62787086e-07	1.014640e-10
6.63448904e-07	1.319078e-10
6.64111382e-07	1.593962e-10
6.64774522e-07	1.468866e-10
6.65438324e-07	1.581503e-10
6.66102789e-07	1.611992e-10
6.66767917e-07	1.559277e-10
6.67433710e-07	1.543646e-10
6.68100167e-07	1.635283e-10
6.68767290e-07	1.666895e-10
6.69435079e-07	1.682541e-10
6.70103534e-07	1.713622e-10
6.70772657e-07	1.609903e-10
6.71442449e-07	1.753417e-10
6.72112909e-07	1.700854e-10
6.72784039e-07	1.784986e-10
6.73455838e-07	1.793613e-10
6.74128309e-07	1.652717e-10
6.74801451e-07	1.638678e-10
6.75475265e-07	1.768286e-10
6.76149752e-07	1.861715e-10
6.76824913e-07	1.690091e-10
6.77500748e-07	1.840518e-10
6.78177257e-07	1.869180e-10
6.78854443e-07	1.856336e-10
6.79532304e-07	1.847103e-10
6.80210842e-07	1.908193e-10
6.80890058e-07	1.924888e-10
6.81569952e-07	1.857697e-10
6.82250525e-07	1.896513e-10
6.82931777e-07	2.005824e-10
6.83613710e-07	1.983973e-10
6.84296323e-07	2.007879e-10
6.84979619e-07	2.049518e-10
6.85663596e-07	1.973808e-10
6.86348257e-07	2.063209e-10
6.87033601e-07	2.065890e-10
6.87719629e-07	1.507127e-10
6.88406343e-07	1.951721e-10
6.89093742e-07	2.064267e-10
6.89781828e-07	2.051055e-10
6.90470600e-07	2.027491e-10
6.91160061e-07	1.923858e-10
6.91850210e-07	1.891063e-10
6.92541048e-07	1.531666e-10
6.93232576e-07	1.891116e-10
6.93924794e-07	2.011013e-10
6.94617704e-07	1.963735e-10
6.95311305e-07	2.018187e-10
6.96005599e-07	2.058546e-10
6.96700587e-07	2.033532e-10
6.97396268e-07	2.062345e-10
6.98092644e-07	2.121055e-10
6.98789716e-07	2.189350e-10
6.99487483e-07	2.228720e-10
7.00185947e-07	2.066127e-10
7.00885109e-07	2.069706e-10
7.01584968e-07	2.249667e-10
7.02285527e-07	2.192773e-10
7.02986785e-07	2.063680e-10
7.03688744e-07	2.198511e-10
7.04391403e-07	2.164590e-10
7.05094764e-07	2.133944e-10
7.05798827e-07	2.390350e-10
7.06503593e-07	2.358775e-10
7.07209063e-07	2.023429e-10
7.07915238e-07	2.326348e-10
7.08622117e-07	2.282000e-10
7.09329703e-07	1.943052e-10
7.10037995e-07	2.299530e-10
7.10746994e-07	2.126492e-10
7.11456701e-07	2.390343e-10
7.12167117e-07	2.047800e-10
7.12878242e-07	2.278985e-10
7.13590078e-07	2.293133e-10
7.14302624e-07	2.084450e-10
7.15015881e-07	2.271354e-10
7.15729851e-07	2.062725e-10
7.16444534e-07	2.059192e-10
7.17159931e-07	2.222982e-10
7.17876041e-07	2.123373e-10
7.18592867e-07	2.160246e-10
7.19310409e-07	2.125771e-10
7.20028667e-07	2.176622e-10
7.20747642e-07	2.072515e-10
7.21467335e-07	1.828218e-10
7.22187747e-07	2.210145e-10
7.22908878e-07	2.229190e-10
7.23630730e-07	1.723359e-10
7.24353302e-07	2.017370e-10
7.25076595e-07	2.231164e-10
7.25800611e-07	2.107593e-10
7.26525350e-07	2.085674e-10
7.27250813e-07	2.258162e-10
7.27976999e-07	2.408837e-10
7.28703911e-07	2.279676e-10
7.29431549e-07	2.202191e-10
7.30159914e-07	2.080277e-10
7.30889005e-07	2.016067e-10
7.31618825e-07	2.462031e-10
7.32349374e-07	2.074994e-10
7.33080652e-07	2.381591e-10
7.33812660e-07	2.396821e-10
7.34545399e-07	2.468372e-10
7.35278870e-07	2.445621e-10
7.36013073e-07	2.384911e-10
7.36748009e-07	1.884398e-10
7.37483680e-07	2.445937e-10
7.38220084e-07	2.331169e-10
7.38957224e-07	2.532125e-10
7.39695101e-07	2.760330e-10
7.40433714e-07	2.339328e-10
7.41173064e-07	2.410262e-10
7.41913153e-07	1.929263e-10
7.42653981e-07	2.582416e-10
7.43395548e-07	2.707220e-10
7.44137856e-07	8.609324e-11
7.44880905e-07	2.658747e-10
7.45624697e-07	1.669182e-10
7.46369230e-07	2.493865e-10
7.47114508e-07	2.306362e-10
7.47860529e-07	2.788610e-10
7.48607296e-07	2.579735e-10
7.49354808e-07	2.839576e-10
7.50103066e-07	2.804427e-10
7.50852072e-07	2.307302e-10
7.51601826e-07	2.495868e-10
7.52352328e-07	2.642262e-10
7.53103580e-07	2.489525e-10
7.53855582e-07	2.709455e-10
7.54608334e-07	2.837627e-10
7.55361839e-07	2.856252e-10
7.56116095e-07	2.783359e-10
7.56871105e-07	2.688727e-10
7.57626869e-07	2.851242e-10
7.58383388e-07	2.944468e-10
7.59140662e-07	2.673524e-10
7.59898692e-07	2.903954e-10
7.60657479e-07	2.812144e-10
7.61417023e-07	3.094211e-10
7.62177326e-07	3.185379e-10
7.62938389e-07	3.277534e-10
7.63700211e-07	3.329424e-10
7.64462794e-07	3.281325e-10
7.65226138e-07	2.952552e-10
7.65990245e-07	3.293221e-10
7.66755115e-07	3.339244e-10
7.67520748e-07	3.173444e-10
7.68287146e-07	3.445432e-10
7.69054309e-07	3.284154e-10
7.69822238e-07	3.088520e-10
7.70590934e-07	2.989361e-10
7.71360398e-07	3.293651e-10
7.72130630e-07	3.106683e-10
7.72901631e-07	3.638949e-10
7.73673402e-07	3.390440e-10
7.74445944e-07	3.510554e-10
7.75219257e-07	3.542022e-10
7.75993342e-07	3.637111e-10
7.76768200e-07	3.580705e-10
7.77543832e-07	3.375501e-10
7.78320238e-07	3.631230e-10
7.79097420e-07	3.258079e-10
7.79875377e-07	3.687713e-10
7.80654112e-07	3.828472e-10
7.81433624e-07	3.747842e-10
7.82213914e-07	3.831663e-10
7.82994984e-07	3.885803e-10
7.83776833e-07	3.498317e-10
7.84559463e-07	3.673089e-10
7.85342875e-07	3.798124e-10
7.86127069e-07	3.900886e-10
7.86912046e-07	3.457905e-10
7.87697807e-07	3.947908e-10
7.88484352e-07	3.803335e-10
7.89271683e-07	3.800527e-10
7.90059800e-07	3.810809e-10
7.90848704e-07	4.068635e-10
7.91638396e-07	4.093284e-10
7.92428876e-07	4.148828e-10
7.93220146e-07	4.146135e-10
7.94012205e-07	4.155178e-10
7.94805056e-07	4.158180e-10
7.95598698e-07	4.230554e-10
7.96393133e-07	4.048356e-10
7.97188361e-07	4.406350e-10
7.97984383e-07	4.143653e-10
7.98781200e-07	4.259267e-10
7.99578813e-07	4.346836e-10
8.00377222e-07	4.127723e-10
8.01176428e-07	4.324817e-10
8.01976433e-07	4.369865e-10
8.02777236e-07	4.394076e-10
8.03578839e-07	3.704679e-10
8.04381242e-07	4.091516e-10
8.05184446e-07	4.346916e-10
8.05988453e-07	4.034830e-10
8.06793262e-07	3.107132e-10
8.07598875e-07	2.792535e-10
8.08405293e-07	3.963327e-10
8.09212515e-07	3.544296e-10
8.10020544e-07	3.679571e-10
8.10829379e-07	3.346863e-10
8.11639023e-07	3.340636e-10
8.12449474e-07	2.812672e-10
8.13260735e-07	3.054519e-10
8.14072806e-07	3.893731e-10
8.14885688e-07	2.609821e-10
8.15699382e-07	2.819057e-10
8.16513888e-07	4.084269e-10
8.17329207e-07	4.085584e-10
8.18145341e-07	4.153441e-10
8.18962289e-07	3.935749e-10
8.19780053e-07	3.794899e-10
8.20598634e-07	3.768947e-10
8.21418032e-07	4.232124e-10
8.22238248e-07	4.371680e-10
8.23059284e-07	5.499961e-11
8.23881139e-07	4.034344e-10
8.24703815e-07	3.423040e-10
8.25527312e-07	4.283684e-10
8.26351632e-07	3.894279e-10
8.27176774e-07	4.361052e-10
8.28002741e-07	4.926655e-10
8.28829533e-07	3.465816e-10
8.29657150e-07	3.090601e-10
8.30485593e-07	4.631108e-10
8.31314864e-07	4.017338e-10
8.32144962e-07	5.057296e-10
8.32975890e-07	4.976024e-10
8.33807647e-07	4.643035e-10
8.34640235e-07	3.175344e-10
8.35473654e-07	2.212993e-10
8.36307906e-07	3.894642e-10
8.37142990e-07	4.171277e-10
8.37978908e-07	4.486414e-10
8.38815661e-07	3.533136e-10
8.39653250e-07	4.656549e-10
8.40491675e-07	3.849557e-10
8.41330937e-07	4.175838e-10
8.42171037e-07	4.428056e-10
8.43011976e-07	4.326156e-10
8.43853755e-07	4.464891e-10
8.44696374e-07	4.991686e-10
8.45539834e-07	4.617413e-10
8.46384137e-07	2.700873e-10
8.47229283e-07	4.614363e-10
8.48075273e-07	4.545694e-10
8.48922108e-07	5.038433e-10
8.49769788e-07	5.028436e-10
8.50618314e-07	4.708878e-10
8.51467688e-07	4.897077e-10
8.52317910e-07	4.808318e-10
8.53168981e-07	5.182303e-10
8.54020902e-07	5.313617e-10
8.54873674e-07	4.691798e-10
8.55727297e-07	3.840534e-10
8.56581772e-07	4.325331e-10
8.57437101e-07	4.847465e-10
8.58293284e-07	4.829541e-10
8.59150321e-07	5.448272e-10
8.60008215e-07	4.539093e-10
8.60866965e-07	5.524241e-10
8.61726572e-07	5.418968e-10
8.62587038e-07	5.521869e-10
8.63448363e-07	5.469996e-10
8.64310548e-07	5.550825e-10
8.65173595e-07	5.546949e-10
8.66037502e-07	5.407646e-10
8.66902273e-07	6.074098e-10
8.67767907e-07	5.360671e-10
8.68634405e-07	6.415282e-10
8.69501769e-07	5.330949e-10
8.70369999e-07	5.426416e-10
8.71239096e-07	4.118207e-10
8.72109060e-07	6.270537e-10
8.72979893e-07	6.159097e-10
8.73851596e-07	6.553818e-10
8.74724169e-07	6.321694e-10
8.75597614e-07	5.800715e-10
8.76471930e-07	6.303758e-10
8.77347120e-07	6.905649e-10
8.78223184e-07	5.775124e-10
8.79100122e-07	6.665684e-10
8.79977936e-07	6.798519e-10
8.80856627e-07	6.252003e-10
8.81736195e-07	6.419549e-10
8.82616641e-07	6.737067e-10
8.83497966e-07	6.202569e-10
8.84380172e-07	6.505509e-10
8.85263258e-07	7.017475e-10
8.86147226e-07	6.320419e-10
8.87032077e-07	6.134096e-10
8.87917812e-07	6.737834e-10
8.88804430e-07	6.442264e-10
8.89691935e-07	6.662440e-10
8.90580325e-07	6.995820e-10
8.91469602e-07	5.543680e-10
8.92359768e-07	5.713590e-10
8.93250822e-07	5.850204e-10
8.94142766e-07	6.822429e-10
8.95035601e-07	6.163789e-10
8.95929327e-07	6.105718e-10
8.96823946e-07	5.710550e-10
8.97719458e-07	2.835876e-10
8.98615864e-07	6.584331e-10
8.99513165e-07	6.790811e-10
9.00411362e-07	7.074663e-10
9.01310456e-07	6.706179e-10
9.02210448e-07	6.814517e-10
9.03111339e-07	6.015983e-10
9.04013129e-07	5.905019e-10
9.04915820e-07	6.576069e-10
9.05819412e-07	6.088177e-10
9.06723906e-07	7.150390e-10
9.07629303e-07	5.703998e-10
9.08535605e-07	7.521143e-10
9.09442811e-07	5.690896e-10
9.10350924e-07	6.861005e-10
9.11259943e-07	7.496570e-10
9.12169869e-07	6.953823e-10
9.13080705e-07	4.215649e-10
9.13992450e-07	7.406435e-10
9.14905105e-07	7.600167e-10
9.15818672e-07	1.063516e-10
9.16733151e-07	4.962591e-10
9.17648543e-07	3.183620e-10
9.18564849e-07	6.638514e-10
9.19482070e-07	5.108832e-10
9.20400207e-07	5.072930e-10
9.21319260e-07	5.216961e-10
9.22239232e-07	5.213763e-10
9.23160122e-07	2.802673e-10
9.24081931e-07	3.822271e-10
9.25004661e-07	7.364202e-10
9.25928313e-07	9.153852e-11
9.26852887e-07	5.672983e-10
9.27778384e-07	3.300639e-10
9.28704805e-07	7.595890e-11
9.29632151e-07	3.108602e-10
9.30560423e-07	6.109043e-10
9.31489622e-07	6.518293e-10
9.32419749e-07	1.042689e-10
9.33350805e-07	1.262838e-10
9.34282790e-07	3.000508e-10
9.35215706e-07	4.536085e-10
9.36149554e-07	4.389837e-10
9.37084334e-07	5.853989e-10
9.38020047e-07	3.541203e-11
9.38956695e-07	1.667174e-10
9.39894278e-07	3.738062e-10
9.40832797e-07	6.473119e-10
9.41772253e-07	8.027841e-11
9.42712648e-07	2.738416e-10
9.43653981e-07	1.556220e-10
9.44596255e-07	1.987958e-10
9.45539469e-07	4.738917e-10
9.46483625e-07	5.412944e-10
9.47428724e-07	2.446128e-10
9.48374767e-07	4.031282e-10
9.49321755e-07	3.825808e-10
9.50269687e-07	4.092326e-10
9.51218567e-07	5.494823e-10
9.52168394e-07	3.540220e-10
9.53119169e-07	3.241688e-10
9.54070894e-07	6.443056e-10
9.55023569e-07	5.706110e-10
9.55977196e-07	2.976925e-10
9.56931774e-07	1.258831e-10
9.57887306e-07	5.629399e-10
9.58843792e-07	5.267441e-10
9.59801233e-07	3.081438e-10
9.60759630e-07	1.838297e-10
9.61718984e-07	4.694491e-10
9.62679296e-07	1.693320e-10
9.63640567e-07	1.218947e-10
9.64602798e-07	5.395171e-10
9.65565990e-07	4.041144e-10
9.66530143e-07	5.805573e-10
9.67495259e-07	4.333078e-10
9.68461339e-07	2.231681e-10
9.69428384e-07	2.789005e-10
9.70396394e-07	6.763287e-10
9.71365371e-07	6.095627e-10
9.72335315e-07	5.169719e-10
9.73306228e-07	4.011499e-10
9.74278110e-07	1.442639e-10
9.75250963e-07	2.333859e-10
9.76224787e-07	5.805771e-10
9.77199584e-07	4.554304e-10
9.78175354e-07	4.385010e-10
9.79152098e-07	4.016399e-10
9.80129818e-07	6.402628e-10
9.81108514e-07	5.216501e-10
9.82088187e-07	5.187741e-10
9.83068838e-07	5.208228e-10
9.84050469e-07	4.467877e-10
9.85033080e-07	3.664850e-10
9.86016672e-07	4.255983e-10
9.87001246e-07	5.751949e-10
9.87986804e-07	3.978959e-10
9.88973345e-07	5.391106e-10
9.89960871e-07	5.052401e-10
9.90949384e-07	5.529148e-10
9.91938884e-07	5.142099e-10
9.92929371e-07	5.540936e-10
9.93920848e-07	7.172073e-10
9.94913315e-07	5.717600e-10
9.95906773e-07	5.253439e-10
9.96901223e-07	5.094384e-10
9.97896665e-07	6.941904e-10
9.98893102e-07	7.234603e-10
9.99890534e-07	6.866107e-10
1.00088896e-06	4.230828e-10
1.00188839e-06	4.335940e-10
1.00288881e-06	6.226080e-10
1.00389023e-06	7.398849e-10
1.00489265e-06	6.105027e-10
1.00589607e-06	5.971048e-10
1.00690050e-06	7.546554e-10
1.00790593e-06	6.887318e-10
1.00891236e-06	7.827159e-10
1.00991979e-06	7.620589e-10
1.01092824e-06	5.237657e-10
1.01193769e-06	7.639215e-10
1.01294814e-06	6.452500e-10
1.01395961e-06	7.353242e-10
1.01497209e-06	7.809696e-10
1.01598557e-06	8.137424e-10
1.01700007e-06	7.344547e-10
1.01801558e-06	7.345580e-10
1.01903211e-06	8.570371e-10
1.02004965e-06	5.505064e-10
1.02106821e-06	8.398675e-10
1.02208778e-06	8.392268e-10
1.02310838e-06	7.073136e-10
1.02412999e-06	7.757619e-10
1.02515262e-06	8.297475e-10
1.02617627e-06	7.276176e-10
1.02720095e-06	8.489005e-10
1.02822665e-06	7.906124e-10
1.02925337e-06	7.933181e-10
1.03028112e-06	8.029283e-10
1.03130989e-06	8.849939e-10
1.03233969e-06	8.312587e-10
1.03337052e-06	8.880341e-10
1.03440238e-06	9.559891e-10
1.03543527e-06	9.116023e-10
1.03646919e-06	9.644494e-10
1.03750414e-06	8.304378e-10
1.03854013e-06	8.911013e-10
1.03957715e-06	9.497391e-10
1.04061521e-06	9.631630e-10
1.04165430e-06	8.644263e-10
1.04269443e-06	8.682253e-10
1.04373560e-06	9.240176e-10
1.04477781e-06	8.998036e-10
1.04582106e-06	9.781517e-10
1.04686535e-06	7.939178e-10
1.04791068e-06	8.516789e-10
1.04895706e-06	9.395568e-10
1.05000448e-06	9.080261e-10
1.05105295e-06	8.725119e-10
1.05210246e-06	8.608893e-10
1.05315303e-06	1.048427e-09
1.05420464e-06	1.045154e-09
1.05525730e-06	1.098225e-09
1.05631102e-06	1.027896e-09
1.05736578e-06	1.076309e-09
1.05842160e-06	1.097277e-09
1.05947847e-06	9.857148e-10
1.06053640e-06	9.420011e-10
1.06159539e-06	1.048468e-09
1.06265543e-06	1.075101e-09
1.06371653e-06	1.035103e-09
1.06477869e-06	1.133415e-09
1.06584191e-06	1.047667e-09
1.06690619e-06	1.039105e-09
1.06797154e-06	1.075541e-09
1.06903795e-06	9.482690e-10
1.07010542e-06	1.125820e-09
1.07117396e-06	9.920726e-10
1.07224357e-06	1.172110e-09
1.07331424e-06	1.138227e-09
1.07438599e-06	1.224272e-09
1.07545880e-06	1.174450e-09
1.07653269e-06	1.034598e-09
1.07760765e-06	1.078212e-09
1.07868368e-06	6.851534e-10
1.07976078e-06	1.063002e-09
1.08083896e-06	1.157955e-09
1.08191822e-06	1.141113e-09
1.08299856e-06	1.182197e-09
1.08407997e-06	1.180307e-09
1.08516247e-06	1.102279e-09
1.08624604e-06	9.683585e-10
1.08733070e-06	9.880210e-10
1.08841644e-06	1.066471e-09
1.08950326e-06	8.887637e-10
1.09059117e-06	1.019558e-09
1.09168017e-06	4.319692e-10
1.09277025e-06	4.515313e-10
1.09386142e-06	4.856587e-10
1.09495368e-06	4.775250e-10
1.09604703e-06	2.654372e-10
1.09714148e-06	5.379897e-10
1.09823701e-06	8.411215e-10
1.09933364e-06	8.158519e-10
1.10043137e-06	4.678112e-10
1.10153019e-06	5.575560e-10
1.10263011e-06	5.974008e-10
1.10373113e-06	1.020653e-09
1.10483324e-06	6.755252e-10
1.10593646e-06	4.681870e-10
1.10704078e-06	7.460734e-10
1.10814620e-06	6.308698e-10
1.10925273e-06	5.665544e-10
1.11036036e-06	1.608231e-10
1.11146909e-06	6.677377e-10
1.11257893e-06	6.967128e-10
1.11368989e-06	6.617331e-10
1.11480195e-06	1.887362e-10
1.11591512e-06	8.077478e-10
1.11702940e-06	3.485491e-10
1.11814480e-06	7.687295e-10
1.11926130e-06	2.502939e-10
1.12037893e-06	8.721747e-11
1.12149767e-06	7.948426e-10
1.12261752e-06	8.108359e-10
1.12373850e-06	7.303634e-10
1.12486059e-06	7.201131e-10
1.12598381e-06	7.348122e-10
1.12710815e-06	8.206635e-10
1.12823361e-06	2.458695e-10
1.12936019e-06	1.632847e-10
1.13048790e-06	7.144405e-10
1.13161673e-06	4.763084e-10
1.13274669e-06	9.197670e-10
1.13387778e-06	8.410995e-10
1.13501000e-06	5.248437e-10
1.13614335e-06	5.879451e-10
1.13727783e-06	6.610349e-10
1.13841345e-06	9.289144e-10
1.13955019e-06	8.963657e-10
1.14068808e-06	7.890769e-10
1.14182710e-06	5.282732e-10
1.14296725e-06	5.886461e-10
1.14410855e-06	2.178347e-10
1.14525098e-06	7.056159e-10
1.14639456e-06	3.627771e-10
1.14753928e-06	6.021659e-10
1.14868514e-06	4.123972e-10
1.14983214e-06	2.342748e-10
1.15098029e-06	4.851976e-10
1.15212959e-06	9.019715e-10
1.15328003e-06	2.893313e-10
1.15443162e-06	3.965666e-10
1.15558437e-06	5.045379e-10
1.15673826e-06	8.060132e-10
1.15789331e-06	5.100218e-10
1.15904951e-06	7.593940e-10
1.16020686e-06	6.473452e-10
1.16136537e-06	6.575421e-10
1.16252504e-06	1.045616e-10
1.16368586e-06	1.177300e-10
1.16484784e-06	4.758795e-10
1.16601099e-06	7.385952e-10
1.16717529e-06	5.077320e-10
1.16834076e-06	1.318007e-10
1.16950739e-06	1.616873e-10
1.17067519e-06	4.185095e-10
1.17184415e-06	8.379327e-10
1.17301428e-06	6.351953e-10
1.17418558e-06	6.201165e-10
1.17535805e-06	7.508702e-10
1.17653168e-06	5.462958e-10
1.17770650e-06	5.109906e-10
1.17888248e-06	4.078175e-10
1.18005964e-06	3.686063e-10
1.18123797e-06	6.500363e-10
1.18241748e-06	1.343772e-10
1.18359817e-06	4.465733e-10
1.18478003e-06	5.904000e-10
1.18596308e-06	2.373050e-10
1.18714731e-06	1.029390e-09
1.18833272e-06	8.169917e-10
1.18951931e-06	4.267510e-10
1.19070709e-06	5.057058e-10
1.19189606e-06	7.132628e-10
1.19308621e-06	9.759103e-10
1.19427755e-06	8.035915e-10
1.19547008e-06	1.013769e-09
1.19666380e-06	9.026218e-10
1.19785872e-06	8.864162e-10
1.19905482e-06	5.383325e-10
1.20025212e-06	1.053938e-09
1.20145062e-06	9.454009e-10
1.20265031e-06	8.856330e-10
1.20385120e-06	1.189908e-09
1.20505329e-06	7.915202e-10
1.20625658e-06	7.834130e-10
1.20746108e-06	1.012559e-09
1.20866677e-06	1.048039e-09
1.20987367e-06	4.790145e-10
1.21108177e-06	9.625005e-10
1.21229108e-06	7.608505e-10
1.21350160e-06	9.785469e-10
1.21471333e-06	1.078826e-09
1.21592626e-06	7.324476e-10
1.21714041e-06	9.986642e-10
1.21835577e-06	1.170936e-09
1.21957234e-06	1.319730e-09
1.22079013e-06	8.175804e-10
1.22200914e-06	1.124686e-09
1.22322936e-06	9.472662e-10
1.22445080e-06	1.198415e-09
1.22567346e-06	1.028009e-09
1.22689734e-06	1.000239e-09
1.22812244e-06	1.129714e-09
1.22934876e-06	9.549499e-10
1.23057631e-06	9.043807e-10
1.23180509e-06	7.905849e-10
1.23303509e-06	1.167627e-09
1.23426633e-06	9.979081e-10
1.23549879e-06	1.014075e-09
1.23673248e-06	8.975800e-10
1.23796740e-06	1.110831e-09
1.23920356e-06	1.239636e-09
1.24044095e-06	1.075539e-09
1.24167957e-06	1.302767e-09
1.24291944e-06	1.043587e-09
1.24416054e-06	1.115309e-09
1.24540288e-06	1.408084e-09
1.24664646e-06	1.400516e-09
1.24789128e-06	1.375259e-09
1.24913735e-06	1.422092e-09
1.25038466e-06	1.450788e-09
1.25163321e-06	1.353409e-09
1.25288301e-06	1.456295e-09
1.25413407e-06	1.468214e-09
1.25538636e-06	1.013283e-09
1.25663991e-06	1.364680e-09
1.25789472e-06	1.211816e-09
1.25915077e-06	1.538325e-09
1.26040808e-06	1.077001e-09
1.26166664e-06	1.396757e-09
1.26292646e-06	1.548384e-09
1.26418754e-06	1.455615e-09
1.26544988e-06	1.473738e-09
1.26671348e-06	1.586469e-09
1.26797834e-06	1.640950e-09
1.26924446e-06	1.461204e-09
1.27051185e-06	6.769761e-10
1.27178050e-06	1.626922e-09
1.27305042e-06	1.318467e-09
1.27432161e-06	1.795765e-09
1.27559407e-06	1.558575e-09
1.27686780e-06	1.384115e-09
1.27814280e-06	1.624845e-09
1.27941907e-06	1.343898e-09
1.28069662e-06	1.365285e-09
1.28197544e-06	1.318233e-09
1.28325554e-06	7.208878e-10
1.28453692e-06	1.371155e-09
1.28581958e-06	1.533526e-09
1.28710351e-06	1.698336e-09
1.28838874e-06	1.544918e-09
1.28967524e-06	1.015778e-09
1.29096303e-06	1.534402e-09
1.29225210e-06	1.524408e-09
1.29354246e-06	1.812903e-09
1.29483411e-06	1.158302e-09
1.29612705e-06	1.542869e-09
1.29742128e-06	1.424510e-09
1.29871681e-06	1.680867e-09
1.30001362e-06	1.894730e-09
1.30131174e-06	1.427194e-09
1.30261114e-06	1.397855e-09
1.30391185e-06	1.466062e-09
1.30521385e-06	1.556049e-09
1.30651716e-06	1.363957e-09
1.30782176e-06	1.362126e-09
1.30912767e-06	4.186217e-10
1.31043489e-06	9.663103e-10
1.31174340e-06	7.105501e-10
1.31305323e-06	1.534075e-09
1.31436436e-06	1.263224e-09
1.31567680e-06	1.494803e-09
1.31699055e-06	8.742219e-10
1.31830562e-06	1.307044e-09
1.31962199e-06	1.127876e-09
1.32093969e-06	1.154325e-09
1.32225869e-06	1.349338e-09
1.32357902e-06	1.267196e-09
1.32490066e-06	1.212951e-09
1.32622362e-06	7.167711e-10
1.32754791e-06	1.736466e-09
1.32887351e-06	7.234637e-10
1.33020044e-06	5.634543e-10
1.33152870e-06	1.324392e-09
1.33285828e-06	4.352660e-10
1.33418918e-06	7.866436e-10
1.33552142e-06	7.978116e-10
1.33685499e-06	5.265953e-10
1.33818989e-06	4.521537e-10
1.33952612e-06	7.115626e-10
1.34086369e-06	7.800387e-10
1.34220259e-06	1.080915e-09
1.34354283e-06	2.571205e-10
1.34488441e-06	1.529680e-10
1.34622732e-06	8.047928e-10
1.34757158e-06	3.867584e-10
1.34891718e-06	5.434063e-10
1.35026412e-06	2.541278e-10
1.35161241e-06	2.091276e-10
1.35296205e-06	3.925573e-10
1.35431303e-06	2.881710e-10
1.35566536e-06	2.152738e-10
1.35701905e-06	3.981905e-10
1.35837408e-06	1.759351e-10
1.35973047e-06	4.133890e-10
1.36108821e-06	1.597063e-10
1.36244730e-06	2.690520e-10
1.36380776e-06	6.273990e-10
1.36516957e-06	5.572668e-10
1.36653274e-06	3.598700e-10
1.36789728e-06	3.360710e-10
1.36926317e-06	2.708542e-10
1.37063043e-06	2.882424e-10
1.37199906e-06	5.321988e-10
1.37336905e-06	6.490441e-10
1.37474041e-06	5.006978e-10
1.37611314e-06	3.233317e-10
1.37748724e-06	8.328683e-10
1.37886271e-06	4.003483e-10
1.38023956e-06	3.012944e-10
1.38161778e-06	7.347726e-10
1.38299737e-06	4.016859e-10
1.38437835e-06	2.821134e-10
1.38576070e-06	2.586482e-10
1.38714443e-06	4.768651e-10
1.38852955e-06	6.614831e-10
1.38991605e-06	1.835197e-10
1.39130393e-06	6.172328e-10
1.39269320e-06	2.079627e-10
1.39408385e-06	7.447641e-10
1.39547590e-06	4.040767e-10
1.39686933e-06	3.970542e-10
1.39826416e-06	5.812630e-10
1.39966038e-06	1.976671e-10
1.40105799e-06	2.087097e-10
1.40245700e-06	6.450961e-10
1.40385740e-06	6.059488e-10
1.40525921e-06	2.450900e-10
1.40666241e-06	2.127683e-10
1.40806702e-06	5.753549e-10
1.40947302e-06	4.124618e-10
1.41088043e-06	2.800980e-10
1.41228925e-06	4.444921e-10
1.41369947e-06	3.560336e-10
1.41511110e-06	5.657737e-10
1.41652415e-06	8.285274e-10
1.41793860e-06	4.178894e-10
1.41935446e-06	3.035248e-10
1.42077174e-06	1.949437e-10
1.42219043e-06	2.703856e-10
1.42361054e-06	2.258571e-10
1.42503207e-06	3.605243e-10
1.42645502e-06	5.605079e-10
1.42787939e-06	3.905385e-10
1.42930518e-06	2.628385e-10
1.43073239e-06	5.764158e-10
1.43216103e-06	2.795648e-10
1.43359110e-06	5.289682e-10
1.43502259e-06	5.320851e-10
1.43645551e-06	4.054063e-10
1.43788987e-06	4.415148e-10
1.43932565e-06	5.524854e-10
1.44076287e-06	4.400374e-10
1.44220153e-06	5.184009e-10
1.44364162e-06	7.385412e-10
1.44508315e-06	3.630688e-10
1.44652612e-06	5.688494e-10
1.44797053e-06	3.969514e-10
1.44941638e-06	6.533451e-10
1.45086368e-06	3.011207e-10
1.45231242e-06	5.910133e-10
1.45376261e-06	3.355520e-10
1.45521424e-06	6.211529e-10
1.45666733e-06	2.176268e-10
1.45812186e-06	2.570010e-10
1.45957785e-06	2.887120e-10
1.46103529e-06	6.644706e-10
1.46249419e-06	3.451909e-10
1.46395455e-06	3.321370e-10
1.46541636e-06	7.624756e-10
1.46687963e-06	3.710322e-10
1.46834437e-06	5.031371e-10
1.46981056e-06	5.920732e-10
1.47127822e-06	6.671777e-10
1.47274735e-06	8.701260e-10
1.47421794e-06	3.337657e-10
1.47569000e-06	3.165580e-10
1.47716353e-06	5.030904e-10
1.47863854e-06	2.971693e-10
1.48011501e-06	4.441388e-10
1.48159296e-06	6.100711e-10
1.48307239e-06	9.668341e-10
1.48455329e-06	3.617067e-10
1.48603567e-06	4.887712e-10
1.48751953e-06	7.332175e-10
1.48900488e-06	8.267834e-10
1.49049170e-06	4.699637e-10
1.49198001e-06	7.217168e-10
1.49346981e-06	3.248882e-10
1.49496110e-06	1.055671e-09
1.49645387e-06	3.548338e-10
1.49794813e-06	9.305655e-10
1.49944389e-06	8.575653e-10
1.50094114e-06	6.203240e-10
1.50243989e-06	6.105644e-10
1.50394013e-06	5.892875e-10
1.50544187e-06	6.760689e-10
1.50694511e-06	5.638976e-10
1.50844985e-06	7.720462e-10
1.50995609e-06	6.666286e-10
1.51146384e-06	6.399444e-10
1.51297309e-06	1.013215e-09
1.51448385e-06	6.727024e-10
1.51599612e-06	9.996943e-10
1.51750990e-06	5.086691e-10
1.51902519e-06	3.818026e-10
1.52054199e-06	7.807537e-10
1.52206031e-06	4.902779e-10
1.52358014e-06	6.889833e-10
1.52510149e-06	6.818473e-10
1.52662436e-06	1.158189e-09
1.52814875e-06	6.285616e-10
1.52967467e-06	1.403150e-09
1.53120210e-06	3.599624e-10
1.53273107e-06	9.071205e-10
1.53426156e-06	5.454513e-10
1.53579357e-06	7.590711e-10
1.53732712e-06	3.707537e-10
1.53886220e-06	8.234967e-10
1.54039881e-06	1.038918e-09
1.54193695e-06	9.107512e-10
1.54347663e-06	1.008619e-09
1.54501785e-06	1.365379e-09
1.54656061e-06	5.784330e-10
1.54810491e-06	1.117421e-09
1.54965075e-06	7.989443e-10
1.55119813e-06	1.061323e-09
1.55274706e-06	1.078207e-09
1.55429754e-06	1.237642e-09
1.55584956e-06	1.140112e-09
1.55740313e-06	8.318104e-10
1.55895826e-06	1.143736e-09
1.56051494e-06	1.269834e-09
1.56207317e-06	1.236768e-09
1.56363296e-06	1.292353e-09
1.56519430e-06	7.978128e-10
1.56675721e-06	1.239224e-09
1.56832167e-06	1.211792e-09
1.56988770e-06	1.281121e-09
1.57145529e-06	1.097271e-09
1.57302445e-06	6.859385e-10
1.57459517e-06	1.290758e-09
1.57616746e-06	1.156579e-09
1.57774132e-06	1.450147e-09
1.57931676e-06	1.417943e-09
1.58089376e-06	1.501621e-09
1.58247234e-06	7.059024e-10
1.58405250e-06	1.196088e-09
1.58563424e-06	1.368619e-09
1.58721755e-06	1.148430e-09
1.58880245e-06	1.636278e-09
1.59038892e-06	7.868205e-10
1.59197699e-06	1.204277e-09
1.59356663e-06	1.606460e-09
1.59515787e-06	1.759030e-09
1.59675069e-06	1.480987e-09
1.59834511e-06	1.151984e-09
1.59994111e-06	1.430880e-09
1.60153872e-06	1.416138e-09
1.60313791e-06	1.264059e-09
1.60473870e-06	1.807821e-09
1.60634109e-06	1.526475e-09
1.60794509e-06	1.661816e-09
1.60955068e-06	1.616080e-09
1.61115787e-06	1.608557e-09
1.61276668e-06	1.564633e-09
1.61437708e-06	1.731300e-09
1.61598910e-06	1.560860e-09
1.61760272e-06	1.716690e-09
1.61921796e-06	1.475014e-09
1.62083481e-06	1.726703e-09
1.62245327e-06	1.613944e-09
1.62407335e-06	1.493781e-09
1.62569505e-06	1.655341e-09
1.62731837e-06	1.628808e-09
1.62894330e-06	1.857835e-09
1.63056986e-06	1.757874e-09
1.63219805e-06	5.967866e-10
1.63382786e-06	1.830188e-09
1.63545930e-06	1.615940e-09
1.63709236e-06	1.657668e-09
1.63872706e-06	1.695899e-09
1.64036339e-06	1.565018e-09
1.64200135e-06	2.129379e-09
1.64364095e-06	1.881517e-09
1.64528219e-06	1.746202e-09
1.64692506e-06	1.822971e-09
1.64856958e-06	1.825204e-09
1.65021574e-06	1.906994e-09
1.65186354e-06	1.721527e-09
1.65351299e-06	1.989119e-09
1.65516408e-06	1.954846e-09
1.65681682e-06	2.007835e-09
1.65847122e-06	1.894802e-09
1.66012726e-06	1.826504e-09
1.66178496e-06	1.828226e-09
1.66344431e-06	1.953151e-09
1.66510532e-06	2.002755e-09
1.66676799e-06	1.790503e-09
1.66843232e-06	1.951863e-09
1.67009831e-06	1.395146e-09
1.67176597e-06	1.333086e-09
1.67343529e-06	1.918108e-09
1.67510628e-06	1.851221e-09
1.67677893e-06	1.965181e-09
1.67845326e-06	1.387558e-09
1.68012926e-06	1.973043e-09
1.68180693e-06	2.277216e-09
1.68348627e-06	1.639052e-09
1.68516730e-06	1.750435e-09
1.68685000e-06	1.104312e-09
1.68853438e-06	1.913132e-09
1.69022045e-06	2.059861e-09
1.69190819e-06	1.435915e-09
1.69359763e-06	2.132929e-09
1.69528875e-06	1.353375e-09
1.69698156e-06	1.789347e-09
1.69867605e-06	2.063802e-09
1.70037225e-06	1.701855e-09
1.70207013e-06	1.915844e-09
1.70376971e-06	1.327866e-09
1.70547099e-06	1.700153e-09
1.70717396e-06	1.864508e-09
1.70887864e-06	1.799573e-09
1.71058502e-06	2.136398e-09
1.71229310e-06	1.827606e-09
1.71400289e-06	1.508260e-09
1.71571438e-06	1.252997e-09
1.71742759e-06	1.219816e-09
1.71914250e-06	1.261539e-09
1.72085913e-06	1.084453e-09
1.72257747e-06	1.260958e-09
1.72429753e-06	1.901549e-09
1.72601931e-06	1.715468e-09
1.72774280e-06	1.267948e-09
1.72946801e-06	1.115179e-09
1.73119495e-06	1.464418e-09
1.73292362e-06	1.402137e-09
1.73465400e-06	1.286408e-09
1.73638612e-06	1.638833e-09
1.73811997e-06	1.444581e-09
1.73985554e-06	8.407680e-10
1.74159285e-06	1.546813e-09
1.74333190e-06	1.564230e-09
1.74507268e-06	9.905540e-10
1.74681520e-06	4.359178e-10
1.74855946e-06	1.855599e-09
1.75030546e-06	5.729556e-10
1.75205321e-06	6.329719e-10
1.75380270e-06	1.203684e-09
1.75555393e-06	5.016567e-10
1.75730692e-06	6.824869e-10
1.75906165e-06	1.670848e-09
1.76081814e-06	1.457505e-09
1.76257638e-06	1.454219e-09
1.76433638e-06	1.390962e-09
1.76609814e-06	1.463800e-09
1.76786165e-06	4.344980e-10
1.76962693e-06	1.761229e-09
1.77139397e-06	1.227999e-09
1.77316277e-06	9.385319e-10
1.77493334e-06	9.505167e-10
1.77670567e-06	1.102954e-09
1.77847978e-06	7.082192e-10
1.78025566e-06	1.038995e-09
1.78203331e-06	7.385984e-10
1.78381274e-06	9.914681e-10
1.78559394e-06	1.342783e-09
1.78737692e-06	1.298719e-09
1.78916168e-06	1.117595e-09
1.79094823e-06	8.715434e-10
1.79273655e-06	7.118779e-10
1.79452667e-06	1.563978e-09
1.79631857e-06	4.524465e-10
1.79811226e-06	9.681199e-10
1.79990774e-06	1.278603e-09
1.80170502e-06	7.367461e-10
1.80350409e-06	6.937637e-10
1.80530495e-06	1.183228e-09
1.80710762e-06	6.514517e-10
1.80891208e-06	6.453266e-10
1.81071835e-06	5.132404e-10
1.81252641e-06	5.145703e-10
1.81433629e-06	9.081662e-10
1.81614797e-06	1.488036e-09
1.81796146e-06	8.256990e-10
1.81977676e-06	8.899666e-10
1.82159388e-06	7.051764e-10
1.82341281e-06	5.612394e-10
1.82523355e-06	9.407131e-10
1.82705612e-06	8.912373e-10
1.82888050e-06	4.895276e-10
1.83070670e-06	9.726695e-10
1.83253473e-06	5.350362e-10
1.83436459e-06	1.490574e-09
1.83619627e-06	5.394321e-10
1.83802978e-06	1.114015e-09
1.83986512e-06	5.020125e-10
1.84170229e-06	1.373107e-09
1.84354130e-06	5.942088e-10
1.84538214e-06	1.265713e-09
1.84722483e-06	5.345652e-10
1.84906935e-06	1.536052e-09
1.85091571e-06	1.228924e-09
1.85276392e-06	1.552706e-09
1.85461397e-06	1.029206e-09
1.85646588e-06	9.290877e-10
1.85831963e-06	1.002329e-09
1.86017523e-06	9.270473e-10
1.86203268e-06	8.789803e-10
1.86389199e-06	1.115029e-09
1.86575315e-06	1.139964e-09
1.86761618e-06	8.417245e-10
1.86948106e-06	1.349892e-09
1.87134781e-06	9.804957e-10
1.87321642e-06	9.602413e-10
1.87508689e-06	1.233885e-09
1.87695924e-06	1.183120e-09
1.87883345e-06	1.078541e-09
1.88070954e-06	1.507712e-09
1.88258749e-06	1.356925e-09
1.88446733e-06	1.266567e-09
1.88634904e-06	1.735280e-09
1.88823263e-06	1.219367e-09
1.89011810e-06	7.822596e-10
1.89200545e-06	1.237277e-09
1.89389469e-06	5.360973e-10
1.89578581e-06	1.559726e-09
1.89767882e-06	1.158162e-09
1.89957373e-06	1.264838e-09
1.90147052e-06	5.801826e-10
1.90336921e-06	7.794983e-10
1.90526980e-06	1.120425e-09
1.90717228e-06	7.195001e-10
1.90907666e-06	1.442238e-09
1.91098294e-06	1.186238e-09
1.91289113e-06	8.897739e-10
1.91480122e-06	1.481287e-09
1.91671322e-06	1.047137e-09
1.91862713e-06	1.395048e-09
1.92054295e-06	1.348487e-09
1.92246069e-06	9.929372e-10
1.92438033e-06	1.409261e-09
1.92630190e-06	1.015920e-09
1.92822538e-06	1.211046e-09
1.93015079e-06	1.448516e-09
1.93207812e-06	1.509630e-09
1.93400737e-06	9.276556e-10
1.93593855e-06	1.207746e-09
1.93787165e-06	1.087873e-09
1.93980669e-06	6.324157e-10
1.94174366e-06	1.568804e-09
1.94368256e-06	1.174090e-09
1.94562340e-06	1.293905e-09
1.94756618e-06	9.554020e-10
1.94951089e-06	1.216367e-09
1.95145755e-06	1.381193e-09
1.95340615e-06	5.917061e-10
1.95535670e-06	1.052072e-09
1.95730920e-06	9.915611e-10
1.95926364e-06	1.580178e-09
1.96122004e-06	1.242305e-09
1.96317839e-06	1.350712e-09
1.96513870e-06	8.428342e-10
1.96710096e-06	1.342520e-09
1.96906519e-06	1.311732e-09
1.97103137e-06	1.072537e-09
1.97299952e-06	9.267853e-10
1.97496963e-06	1.406684e-09
1.97694171e-06	1.156966e-09
1.97891576e-06	1.778177e-09
1.98089178e-06	1.303958e-09
1.98286978e-06	8.893793e-10
1.98484975e-06	8.959993e-10
1.98683169e-06	9.236226e-10
1.98881562e-06	1.657172e-09
1.99080152e-06	6.613940e-10
1.99278941e-06	9.174770e-10
1.99477929e-06	1.422759e-09
1.99677115e-06	9.460573e-10
1.99876500e-06	1.492248e-09
2.00076084e-06	1.554020e-09
2.00275867e-06	1.428208e-09
2.00475850e-06	1.320607e-09
2.00676033e-06	1.622622e-09
2.00876415e-06	6.126365e-10
2.01076998e-06	9.441427e-10
2.01277780e-06	1.467040e-09
2.01478764e-06	1.245228e-09
2.01679948e-06	8.185275e-10
2.01881333e-06	6.473199e-10
2.02082919e-06	1.333389e-09
2.02284706e-06	1.244077e-09
2.02486695e-06	9.661175e-10
2.02688885e-06	1.308137e-09
2.02891278e-06	1.046857e-09
2.03093872e-06	9.953120e-10
2.03296669e-06	1.134261e-09
2.03499668e-06	1.165155e-09
2.03702870e-06	1.412078e-09
2.03906275e-06	1.190028e-09
2.04109883e-06	1.363968e-09
2.04313694e-06	1.345412e-09
2.04517709e-06	1.676774e-09
2.04721927e-06	1.321073e-09
2.04926350e-06	1.644972e-09
2.05130976e-06	1.635700e-09
2.05335807e-06	8.898233e-10
2.05540843e-06	1.784953e-09
2.05746083e-06	1.504841e-09
2.05951528e-06	1.657371e-09
2.06157178e-06	9.857358e-10
2.06363034e-06	1.504050e-09
2.06569095e-06	1.641490e-09
2.06775362e-06	9.506339e-10
2.06981835e-06	1.878628e-09
2.07188514e-06	1.578343e-09
2.07395399e-06	1.541455e-09
2.07602491e-06	1.446987e-09
2.07809790e-06	1.660342e-09
2.08017296e-06	1.678209e-09
2.08225009e-06	1.864589e-09
2.08432929e-06	1.293226e-09
2.08641057e-06	1.081591e-09
2.08849393e-06	1.279812e-09
2.09057937e-06	1.413399e-09
2.09266689e-06	1.871374e-09
2.09475649e-06	1.353085e-09
2.09684818e-06	1.408595e-09
2.09894197e-06	1.662398e-09
2.10103784e-06	1.521565e-09
2.10313580e-06	1.724391e-09
2.10523586e-06	1.687175e-09
2.10733802e-06	1.380358e-09
2.10944227e-06	1.886372e-09
2.11154863e-06	1.301885e-09
2.11365709e-06	1.614410e-09
2.11576765e-06	1.837299e-09
2.11788032e-06	1.772887e-09
2.11999511e-06	1.434477e-09
2.12211200e-06	1.867883e-09
2.12423101e-06	1.935130e-09
2.12635213e-06	1.770056e-09
2.12847537e-06	1.220820e-09
2.13060073e-06	1.602372e-09
2.13272822e-06	1.785684e-09
2.13485783e-06	1.730703e-09
2.13698956e-06	1.447760e-09
2.13912342e-06	1.925915e-09
2.14125942e-06	1.564949e-09
2.14339754e-06	1.191818e-09
2.14553781e-06	1.964320e-09
2.14768021e-06	2.027438e-09
2.14982474e-06	1.447880e-09
2.15197142e-06	1.865127e-09
2.15412025e-06	1.808128e-09
2.15627122e-06	2.000061e-09
2.15842433e-06	2.080190e-09
2.16057960e-06	1.566011e-09
2.16273702e-06	2.012659e-09
2.16489659e-06	1.858005e-09
2.16705832e-06	1.985244e-09
2.16922221e-06	1.920768e-09
2.17138826e-06	1.474167e-09
2.17355647e-06	1.996713e-09
2.17572684e-06	1.522387e-09
2.17789939e-06	1.995262e-09
2.18007410e-06	1.849977e-09
2.18225099e-06	1.813093e-09
2.18443005e-06	1.547649e-09
2.18661128e-06	1.483619e-09
2.18879469e-06	1.977639e-09
2.19098028e-06	1.754945e-09
2.19316806e-06	2.003765e-09
2.19535802e-06	1.890445e-09
2.19755017e-06	1.890631e-09
2.19974450e-06	1.964363e-09
2.20194103e-06	1.878128e-09
2.20413975e-06	1.830682e-09
2.20634066e-06	1.883837e-09
2.20854377e-06	1.323278e-09
2.21074909e-06	1.459283e-09
2.21295660e-06	1.933064e-09
2.21516632e-06	1.915416e-09
2.21737825e-06	1.865846e-09
2.21959238e-06	9.523540e-10
2.22180873e-06	1.698719e-09
2.22402729e-06	1.970188e-09
2.22624806e-06	1.934419e-09
2.22847105e-06	1.934660e-09
2.23069626e-06	2.042915e-09
2.23292369e-06	1.019501e-09
2.23515335e-06	1.923287e-09
2.23738523e-06	1.965035e-09
2.23961935e-06	2.079864e-09
2.24185569e-06	1.152607e-09
2.24409427e-06	2.027546e-09
2.24633508e-06	1.882619e-09
2.24857813e-06	1.996859e-09
2.25082341e-06	1.847674e-09
2.25307094e-06	1.983031e-09
2.25532072e-06	1.911509e-09
2.25757274e-06	1.985374e-09
2.25982701e-06	1.964258e-09
2.26208353e-06	2.046235e-09
2.26434231e-06	1.687070e-09
2.26660334e-06	1.861661e-09
2.26886662e-06	1.907912e-09
2.27113217e-06	1.972855e-09
2.27339998e-06	1.850538e-09
2.27567005e-06	1.941110e-09
2.27794240e-06	1.916333e-09
2.28021700e-06	1.599955e-09
2.28249389e-06	1.573001e-09
2.28477304e-06	2.001141e-09
2.28705447e-06	1.846190e-09
2.28933818e-06	2.003313e-09
2.29162417e-06	1.674394e-09
2.29391244e-06	9.179468e-10
2.29620300e-06	1.756960e-09
2.29849584e-06	1.356205e-09
2.30079097e-06	1.786077e-09
2.30308840e-06	1.402733e-09
2.30538812e-06	1.820076e-09
2.30769013e-06	1.644055e-09
2.30999445e-06	1.457193e-09
2.31230106e-06	1.780596e-09
2.31460998e-06	1.847524e-09
2.31692121e-06	1.880212e-09
2.31923474e-06	1.935720e-09
2.32155058e-06	1.916008e-09
2.32386873e-06	1.839474e-09
2.32618920e-06	1.802087e-09
2.32851199e-06	1.200041e-09
2.33083709e-06	1.856998e-09
2.33316452e-06	1.619958e-09
2.33549427e-06	1.665847e-09
2.33782635e-06	1.759396e-09
2.34016076e-06	1.796629e-09
2.34249749e-06	1.690606e-09
2.34483656e-06	1.032645e-09
2.34717797e-06	1.924872e-09
2.34952171e-06	1.417521e-09
2.35186780e-06	1.950556e-09
2.35421623e-06	1.858483e-09
2.35656700e-06	1.886175e-09
2.35892012e-06	1.656619e-09
2.36127559e-06	1.790734e-09
2.36363341e-06	1.906850e-09
2.36599358e-06	1.869555e-09
2.36835612e-06	1.949879e-09
2.37072101e-06	1.658468e-09
2.37308826e-06	1.039765e-09
2.37545788e-06	1.689725e-09
2.37782986e-06	1.998483e-09
2.38020421e-06	1.784372e-09
2.38258093e-06	1.485844e-09
2.38496003e-06	1.604517e-09
2.38734150e-06	1.565730e-09
2.38972535e-06	1.868803e-09
2.39211158e-06	1.429106e-09
2.39450019e-06	1.768928e-09
2.39689119e-06	1.710933e-09
2.39928457e-06	1.916979e-09
2.40168035e-06	1.308876e-09
2.40407851e-06	1.221694e-09
2.40647907e-06	1.976936e-09
2.40888203e-06	1.479055e-09
2.41128739e-06	1.805926e-09
2.41369515e-06	1.291653e-09
2.41610531e-06	9.231402e-10
2.41851788e-06	1.451609e-09
2.42093286e-06	1.830154e-09
2.42335026e-06	9.110389e-10
2.42577006e-06	1.192373e-09
2.42819228e-06	1.455193e-09
2.43061692e-06	1.408562e-09
2.43304398e-06	1.844267e-09
2.43547347e-06	1.573400e-09
2.43790538e-06	1.082195e-09
2.44033972e-06	1.723271e-09
2.44277649e-06	1.817045e-09
2.44521569e-06	1.628030e-09
2.44765733e-06	1.446920e-09
2.45010140e-06	1.282442e-09
2.45254792e-06	1.352178e-09
2.45499688e-06	1.485285e-09
2.45744829e-06	1.922592e-09
2.45990214e-06	1.185352e-09
2.46235844e-06	1.869983e-09
2.46481720e-06	1.822791e-09
2.46727841e-06	1.839996e-09
2.46974208e-06	1.268427e-09
2.47220821e-06	1.388365e-09
2.47467680e-06	1.462788e-09
2.47714786e-06	1.493413e-09
2.47962138e-06	1.271085e-09
2.48209737e-06	1.424654e-09
2.48457584e-06	1.147217e-09
2.48705678e-06	9.432924e-10
2.48954020e-06	9.057194e-10
2.49202610e-06	1.285480e-09
2.49451448e-06	1.404384e-09
2.49700534e-06	1.110377e-09
2.49949870e-06	1.351699e-09
2.50199454e-06	1.808211e-09
2.50449287e-06	1.178246e-09
2.50699370e-06	1.416882e-09
2.50949703e-06	1.542821e-09
2.51200285e-06	9.169904e-10
2.51451118e-06	1.278564e-09
2.51702201e-06	1.605590e-09
2.51953535e-06	9.977452e-10
2.52205120e-06	1.346780e-09
2.52456956e-06	1.107538e-09
2.52709044e-06	1.399780e-09
2.52961383e-06	1.320920e-09
2.53213975e-06	1.586413e-09
2.53466818e-06	9.485041e-10
2.53719914e-06	1.487871e-09
2.53973263e-06	9.665835e-10
2.54226865e-06	1.434377e-09
2.54480720e-06	1.613121e-09
2.54734828e-06	1.533718e-09
2.54989190e-06	1.369314e-09
2.55243806e-06	1.319353e-09
2.55498677e-06	1.317597e-09
2.55753802e-06	1.487022e-09
2.56009181e-06	9.411103e-10
2.56264816e-06	9.940071e-10
2.56520706e-06	1.373373e-09
2.56776851e-06	9.503929e-10
2.57033253e-06	1.784424e-09
2.57289910e-06	1.557709e-09
2.57546823e-06	1.317756e-09
2.57803993e-06	9.840752e-10
2.58061420e-06	1.558405e-09
2.58319104e-06	1.124254e-09
2.58577045e-06	1.387543e-09
2.58835244e-06	1.181312e-09
2.59093701e-06	1.675786e-09
2.59352415e-06	1.318357e-09
2.59611388e-06	1.042346e-09
2.59870620e-06	1.615113e-09
2.60130110e-06	1.116739e-09
2.60389860e-06	1.350165e-09
2.60649869e-06	1.026934e-09
2.60910137e-06	1.064433e-09
2.61170666e-06	1.672739e-09
2.61431454e-06	1.728224e-09
2.61692503e-06	1.229521e-09
2.61953813e-06	1.710463e-09
2.62215384e-06	1.379068e-09
2.62477215e-06	1.613592e-09
2.62739309e-06	1.207477e-09
2.63001663e-06	1.765401e-09
2.63264280e-06	1.070676e-09
2.63527160e-06	1.676305e-09
2.63790301e-06	1.761663e-09
2.64053706e-06	9.845604e-10
2.64317373e-06	9.959196e-10
2.64581304e-06	1.010606e-09
2.64845498e-06	1.113796e-09
2.65109956e-06	1.128367e-09
2.65374678e-06	1.770137e-09
2.65639665e-06	1.465244e-09
2.65904916e-06	1.601049e-09
2.66170431e-06	1.694168e-09
2.66436213e-06	1.577521e-09
2.66702259e-06	1.197304e-09
2.66968571e-06	1.046001e-09
2.67235149e-06	1.710172e-09
2.67501993e-06	1.458012e-09
2.67769104e-06	1.197437e-09
2.68036481e-06	1.283597e-09
2.68304126e-06	1.049151e-09
2.68572037e-06	9.969052e-10
2.68840216e-06	1.500661e-09
2.69108663e-06	9.998578e-10
2.69377378e-06	1.005467e-09
2.69646362e-06	1.122601e-09
2.69915613e-06	1.764689e-09
2.70185134e-06	1.065016e-09
2.70454924e-06	1.030276e-09
2.70724983e-06	1.156013e-09
2.70995312e-06	1.161450e-09
2.71265911e-06	1.597768e-09
2.71536780e-06	1.031365e-09
2.71807920e-06	1.420869e-09
2.72079330e-06	1.244983e-09
2.72351011e-06	1.329643e-09
2.72622964e-06	1.220208e-09
2.72895188e-06	1.018548e-09
2.73167684e-06	1.052820e-09
2.73440452e-06	1.390965e-09
2.73713492e-06	1.544091e-09
2.73986805e-06	1.208898e-09
2.74260391e-06	1.759390e-09
2.74534251e-06	1.165429e-09
2.74808383e-06	1.061580e-09
2.75082790e-06	1.410379e-09
2.75357470e-06	1.761886e-09
2.75632425e-06	1.679347e-09
2.75907654e-06	1.948754e-09
2.76183158e-06	1.773741e-09
2.76458937e-06	1.176487e-09
2.76734991e-06	1.358044e-09
2.77011322e-06	1.055664e-09
2.77287928e-06	1.286794e-09
2.77564810e-06	1.647934e-09
2.77841969e-06	1.176767e-09
2.78119404e-06	1.125934e-09
2.78397117e-06	1.479961e-09
2.78675106e-06	1.206874e-09
2.78953374e-06	1.046900e-09
2.79231919e-06	1.083426e-09
2.79510743e-06	1.302231e-09
2.79789844e-06	1.083106e-09
2.80069225e-06	1.043458e-09
2.80348884e-06	1.112426e-09
2.80628823e-06	1.551764e-09
2.80909041e-06	1.100190e-09
2.81189540e-06	1.542755e-09
2.81470318e-06	1.046242e-09
2.81751376e-06	1.092223e-09
2.82032715e-06	1.254294e-09
2.82314336e-06	1.057898e-09
2.82596237e-06	1.146915e-09
2.82878420e-06	1.214773e-09
2.83160884e-06	1.246244e-09
2.83443631e-06	1.308268e-09
2.83726660e-06	1.054751e-09
2.84009972e-06	1.196934e-09
2.84293566e-06	1.197988e-09
2.84577444e-06	1.380799e-09
2.84861605e-06	1.070092e-09
2.85146050e-06	1.106173e-09
2.85430779e-06	1.444491e-09
2.85715792e-06	1.236167e-09
2.86001090e-06	1.553576e-09
2.86286672e-06	1.669427e-09
2.86572540e-06	1.063678e-09
2.86858693e-06	1.125555e-09
2.87145132e-06	1.149092e-09
2.87431857e-06	1.835204e-09
2.87718869e-06	1.127258e-09
2.88006167e-06	1.638786e-09
2.88293752e-06	1.135611e-09
2.88581624e-06	1.340956e-09
2.88869783e-06	1.127728e-09
2.89158230e-06	1.267995e-09
2.89446965e-06	1.335777e-09
2.89735989e-06	1.521166e-09
2.90025301e-06	1.200000e-09
2.90314902e-06	1.887470e-09
2.90604792e-06	1.474927e-09
2.90894972e-06	1.099705e-09
2.91185441e-06	1.164482e-09
2.91476201e-06	1.356081e-09
2.91767251e-06	1.475700e-09
2.92058591e-06	1.090203e-09
2.92350222e-06	1.300830e-09
2.92642145e-06	1.175171e-09
2.92934359e-06	1.527698e-09
2.93226865e-06	1.483051e-09
2.93519663e-06	1.489974e-09
2.93812753e-06	1.165395e-09
2.94106136e-06	1.676268e-09
2.94399812e-06	1.512848e-09
2.94693781e-06	1.395933e-09
2.94988043e-06	1.790558e-09
2.95282600e-06	2.000309e-09
2.95577451e-06	1.295274e-09
2.95872596e-06	1.443543e-09
2.96168035e-06	1.573484e-09
2.96463770e-06	1.680606e-09
2.96759800e-06	1.666364e-09
2.97056126e-06	1.193951e-09
2.97352747e-06	1.306475e-09
2.97649665e-06	1.575564e-09
2.97946879e-06	1.260193e-09
2.98244390e-06	1.142793e-09
2.98542198e-06	1.298034e-09
2.98840304e-06	1.612355e-09
2.99138707e-06	1.212653e-09
2.99437408e-06	1.342096e-09
2.99736407e-06	1.852331e-09
3.00035705e-06	1.510956e-09
3.00335302e-06	1.182520e-09
3.00635198e-06	1.477682e-09
3.00935393e-06	1.612893e-09
3.01235888e-06	1.604758e-09
3.01536684e-06	1.835174e-09
3.01837779e-06	1.335459e-09
3.02139175e-06	1.558268e-09
3.02440873e-06	1.366411e-09
3.02742871e-06	1.763920e-09
3.03045171e-06	1.436519e-09
3.03347773e-06	1.271436e-09
3.03650677e-06	1.537902e-09
3.03953883e-06	1.446783e-09
3.04257392e-06	1.220091e-09
3.04561205e-06	1.886501e-09
3.04865320e-06	1.483257e-09
3.05169740e-06	1.527464e-09
3.05474463e-06	1.550975e-09
3.05779491e-06	1.710713e-09
3.06084823e-06	1.431708e-09
3.06390460e-06	1.164199e-09
3.06696402e-06	1.426053e-09
3.07002650e-06	1.505471e-09
3.07309203e-06	1.189746e-09
3.07616063e-06	1.800249e-09
3.07923229e-06	1.584916e-09
3.08230702e-06	1.553722e-09
3.08538481e-06	1.387371e-09
3.08846569e-06	1.470471e-09
3.09154963e-06	1.348432e-09
3.09463666e-06	1.317573e-09
3.09772677e-06	1.376983e-09
3.10081996e-06	1.359271e-09
3.10391625e-06	1.665182e-09
3.10701562e-06	1.201128e-09
3.11011809e-06	1.301686e-09
3.11322366e-06	1.552904e-09
3.11633233e-06	1.456444e-09
3.11944410e-06	1.661092e-09
3.12255898e-06	1.263316e-09
3.12567698e-06	1.578101e-09
3.12879808e-06	1.534007e-09
3.13192230e-06	1.583081e-09
3.13504964e-06	1.368759e-09
3.13818010e-06	1.292126e-09
3.14131369e-06	1.321839e-09
3.14445041e-06	1.662469e-09
3.14759026e-06	1.574709e-09
3.15073325e-06	1.264546e-09
3.15387937e-06	1.482150e-09
3.15702864e-06	1.500772e-09
3.16018105e-06	1.360996e-09
3.16333660e-06	1.203484e-09
3.16649531e-06	1.618592e-09
3.16965718e-06	1.790195e-09
3.17282220e-06	1.482472e-09
3.17599038e-06	1.380476e-09
3.17916172e-06	1.313155e-09
3.18233623e-06	1.924585e-09
3.18551391e-06	1.510387e-09
3.18869477e-06	1.320257e-09
3.19187880e-06	1.637099e-09
3.19506601e-06	1.523999e-09
3.19825640e-06	1.480605e-09
3.20144997e-06	1.239996e-09
3.20464674e-06	1.249437e-09
3.20784670e-06	1.699221e-09
3.21104985e-06	1.333301e-09
3.21425621e-06	1.585477e-09
3.21746576e-06	1.565327e-09
3.22067852e-06	1.433781e-09
3.22389449e-06	1.217813e-09
3.22711366e-06	1.586054e-09
3.23033606e-06	1.799824e-09
3.23356167e-06	1.471687e-09
3.23679050e-06	1.381667e-09
3.24002255e-06	1.920408e-09
3.24325783e-06	1.240056e-09
3.24649635e-06	1.671507e-09
3.24973809e-06	1.709072e-09
3.25298308e-06	1.563753e-09
3.25623130e-06	1.866398e-09
3.25948277e-06	1.252451e-09
3.26273748e-06	1.953193e-09
3.26599545e-06	1.849958e-09
3.26925667e-06	1.379791e-09
3.27252114e-06	2.081965e-09
3.27578887e-06	1.390377e-09
3.27905987e-06	1.864653e-09
3.28233413e-06	1.468804e-09
3.28561167e-06	1.470697e-09
3.28889247e-06	1.974794e-09
3.29217655e-06	1.527894e-09
3.29546391e-06	1.843902e-09
3.29875455e-06	1.524058e-09
3.30204848e-06	2.081738e-09
3.30534570e-06	1.441548e-09
3.30864621e-06	1.464543e-09
3.31195002e-06	1.174186e-09
3.31525712e-06	1.591414e-09
3.31856753e-06	1.656216e-09
3.32188124e-06	1.636264e-09
3.32519826e-06	1.785182e-09
3.32851860e-06	1.416484e-09
3.33184225e-06	1.390277e-09
3.33516921e-06	1.870537e-09
3.33849950e-06	1.491239e-09
3.34183312e-06	1.487476e-09
3.34517006e-06	1.513829e-09
3.34851034e-06	1.642482e-09
3.35185395e-06	1.917016e-09
3.35520090e-06	1.696626e-09
3.35855119e-06	1.555702e-09
3.36190483e-06	1.607750e-09
3.36526182e-06	1.617333e-09
3.36862216e-06	1.818505e-09
3.37198585e-06	1.954129e-09
3.37535290e-06	2.085364e-09
3.37872332e-06	1.797721e-09
3.38209710e-06	1.756355e-09
3.38547425e-06	1.569985e-09
3.38885477e-06	1.949679e-09
3.39223867e-06	1.447081e-09
3.39562594e-06	1.773069e-09
3.39901660e-06	1.803489e-09
3.40241065e-06	1.849804e-09
3.40580808e-06	1.898948e-09
3.40920890e-06	1.499439e-09
3.41261313e-06	1.416713e-09
3.41602075e-06	1.732252e-09
3.41943177e-06	1.855155e-09
3.42284620e-06	1.798129e-09
3.42626404e-06	1.484675e-09
3.42968529e-06	1.498332e-09
3.43310996e-06	1.669599e-09
3.43653804e-06	1.310013e-09
3.43996956e-06	1.835717e-09
3.44340449e-06	1.776439e-09
3.44684286e-06	1.471220e-09
3.45028466e-06	1.903275e-09
3.45372990e-06	1.766532e-09
3.45717857e-06	1.676173e-09
3.46063070e-06	2.052318e-09
3.46408626e-06	1.756042e-09
3.46754528e-06	1.438562e-09
3.47100775e-06	1.249149e-09
3.47447368e-06	1.795035e-09
3.47794307e-06	1.403202e-09
3.48141593e-06	1.472163e-09
3.48489225e-06	1.335428e-09
3.48837205e-06	1.829758e-09
3.49185532e-06	1.728194e-09
3.49534206e-06	1.800399e-09
3.49883229e-06	1.962629e-09
3.50232600e-06	2.063746e-09
3.50582321e-06	2.083407e-09
3.50932390e-06	1.929439e-09
3.51282809e-06	1.927561e-09
3.51633578e-06	1.418202e-09
3.51984697e-06	1.882422e-09
3.52336167e-06	2.081768e-09
3.52687988e-06	1.243917e-09
3.53040160e-06	2.113665e-09
3.53392683e-06	1.990947e-09
3.53745559e-06	1.929057e-09
3.54098787e-06	1.777127e-09
3.54452368e-06	1.716355e-09
3.54806302e-06	2.186098e-09
3.55160589e-06	1.894430e-09
3.55515230e-06	1.847652e-09
3.55870225e-06	1.888880e-09
3.56225575e-06	2.011204e-09
3.56581279e-06	1.877816e-09
3.56937339e-06	1.886640e-09
3.57293754e-06	1.919836e-09
3.57650525e-06	1.888172e-09
3.58007652e-06	2.082491e-09
3.58365136e-06	2.104414e-09
3.58722977e-06	2.070318e-09
3.59081175e-06	2.067961e-09
3.59439731e-06	2.198187e-09
3.59798645e-06	1.375146e-09
3.60157917e-06	1.386303e-09
3.60517548e-06	2.008364e-09
3.60877538e-06	1.739698e-09
3.61237888e-06	1.576685e-09
3.61598597e-06	1.741331e-09
3.61959667e-06	2.109093e-09
3.62321097e-06	2.035285e-09
3.62682888e-06	1.648089e-09
3.63045040e-06	1.802528e-09
3.63407554e-06	1.730137e-09
3.63770430e-06	1.480300e-09
3.64133669e-06	2.193572e-09
3.64497270e-06	2.262472e-09
3.64861234e-06	1.922639e-09
3.65225561e-06	1.530389e-09
3.65590252e-06	2.369006e-09
3.65955308e-06	2.141682e-09
3.66320728e-06	2.006708e-09
3.66686512e-06	2.191879e-09
3.67052662e-06	2.180943e-09
3.67419178e-06	1.565500e-09
3.67786060e-06	1.983524e-09
3.68153308e-06	2.022581e-09
3.68520923e-06	2.438893e-09
3.68888904e-06	1.778955e-09
3.69257254e-06	2.254455e-09
3.69625971e-06	1.467430e-09
3.69995056e-06	1.826147e-09
3.70364510e-06	2.181931e-09
3.70734332e-06	1.829951e-09
3.71104524e-06	1.810265e-09
3.71475086e-06	2.167245e-09
3.71846018e-06	2.094963e-09
3.72217320e-06	1.895747e-09
3.72588992e-06	2.132776e-09
3.72961036e-06	2.214237e-09
3.73333452e-06	2.148883e-09
3.73706239e-06	2.131495e-09
3.74079399e-06	2.356557e-09
3.74452931e-06	2.109705e-09
3.74826836e-06	1.504990e-09
3.75201114e-06	2.234416e-09
3.75575766e-06	2.166309e-09
3.75950793e-06	2.330213e-09
3.76326194e-06	2.427432e-09
3.76701969e-06	2.368275e-09
3.77078120e-06	1.963793e-09
3.77454647e-06	2.060457e-09
3.77831549e-06	1.958700e-09
3.78208828e-06	1.810163e-09
3.78586483e-06	1.970355e-09
3.78964516e-06	2.521578e-09
3.79342926e-06	1.511736e-09
3.79721714e-06	2.535752e-09
3.80100880e-06	2.428943e-09
3.80480425e-06	2.321113e-09
3.80860349e-06	2.390767e-09
3.81240652e-06	2.494275e-09
3.81621335e-06	2.183736e-09
3.82002398e-06	2.512526e-09
3.82383842e-06	2.366056e-09
3.82765666e-06	2.447987e-09
3.83147872e-06	2.023297e-09
3.83530459e-06	2.520598e-09
3.83913428e-06	2.341659e-09
3.84296780e-06	2.506136e-09
3.84680515e-06	1.776533e-09
3.85064633e-06	2.128880e-09
3.85449134e-06	2.500703e-09
3.85834019e-06	2.359286e-09
3.86219289e-06	2.088825e-09
3.86604943e-06	1.965580e-09
3.86990982e-06	2.466066e-09
3.87377407e-06	2.239771e-09
3.87764218e-06	2.375299e-09
3.88151415e-06	2.502672e-09
3.88538998e-06	2.252612e-09
3.88926969e-06	2.346628e-09
3.89315327e-06	2.507565e-09
3.89704073e-06	2.055930e-09
3.90093207e-06	2.508932e-09
3.90482729e-06	2.490250e-09
3.90872641e-06	2.457968e-09
3.91262941e-06	2.393905e-09
3.91653632e-06	2.317098e-09
3.92044713e-06	1.960291e-09
3.92436184e-06	1.949132e-09
3.92828046e-06	2.490751e-09
3.93220299e-06	1.640688e-09
3.93612944e-06	2.287477e-09
3.94005981e-06	2.072946e-09
3.94399411e-06	2.484850e-09
3.94793233e-06	2.118313e-09
3.95187449e-06	2.045933e-09
3.95582058e-06	2.604283e-09
3.95977062e-06	2.295766e-09
3.96372460e-06	1.724698e-09
3.96768252e-06	2.217841e-09
3.97164440e-06	2.211618e-09
3.97561023e-06	1.826178e-09
3.97958003e-06	2.324636e-09
3.98355379e-06	2.242816e-09
3.98753151e-06	2.291568e-09
3.99151321e-06	1.803843e-09
3.99549888e-06	2.405144e-09
3.99948854e-06	1.598979e-09
4.00348217e-06	2.522572e-09
