2.99769222e-07	4.960519e-16
3.00068553e-07	5.178170e-16
3.00368182e-07	5.291333e-16
3.00668111e-07	5.406819e-16
3.00968339e-07	5.524670e-16
3.01268867e-07	5.644933e-16
3.01569695e-07	5.767654e-16
3.01870824e-07	5.892880e-16
3.02172253e-07	6.020658e-16
3.02473983e-07	6.151037e-16
3.02776015e-07	6.284067e-16
3.03078348e-07	6.419798e-16
3.03380983e-07	6.558280e-16
3.03683920e-07	6.699567e-16
3.03987160e-07	6.843711e-16
3.04290702e-07	6.990767e-16
3.04594547e-07	7.140788e-16
3.04898696e-07	7.293832e-16
3.05203149e-07	7.449956e-16
3.05507906e-07	7.609216e-16
3.05812967e-07	7.771672e-16
3.06118332e-07	7.937383e-16
3.06424003e-07	8.106412e-16
3.06729978e-07	8.278819e-16
3.07036260e-07	8.454669e-16
3.07342847e-07	8.634024e-16
3.07649740e-07	8.816951e-16
3.07956940e-07	9.003517e-16
3.08264446e-07	9.193787e-16
3.08572260e-07	9.387833e-16
3.08880380e-07	9.585722e-16
3.09188809e-07	9.787527e-16
3.09497545e-07	9.993320e-16
3.09806590e-07	1.020318e-15
3.10115944e-07	1.041717e-15
3.10425606e-07	1.063537e-15
3.10735577e-07	1.085787e-15
3.11045858e-07	1.108473e-15
3.11356449e-07	1.131605e-15
3.11667350e-07	1.155189e-15
3.11978561e-07	1.179235e-15
3.12290084e-07	1.203751e-15
3.12601917e-07	1.228745e-15
3.12914061e-07	1.254226e-15
3.13226518e-07	1.280204e-15
3.13539286e-07	1.306686e-15
3.13852367e-07	1.333683e-15
3.14165760e-07	1.361203e-15
3.14479466e-07	1.389257e-15
3.14793485e-07	1.417853e-15
3.15107818e-07	1.447001e-15
3.15422465e-07	1.476713e-15
3.15737426e-07	1.506997e-15
3.16052702e-07	1.537864e-15
3.16368292e-07	1.569324e-15
3.16684197e-07	1.601389e-15
3.17000418e-07	1.634069e-15
3.17316955e-07	1.667374e-15
3.17633808e-07	1.701318e-15
3.17950977e-07	1.735910e-15
3.18268463e-07	1.771162e-15
3.18586266e-07	1.807086e-15
3.18904386e-07	1.843694e-15
3.19222824e-07	1.880999e-15
3.19541579e-07	1.919012e-15
3.19860654e-07	1.957747e-15
3.20180046e-07	1.997216e-15
3.20499758e-07	2.037432e-15
3.20819789e-07	2.078408e-15
3.21140139e-07	2.120158e-15
3.21460810e-07	2.162695e-15
3.21781800e-07	2.206034e-15
3.22103111e-07	2.250188e-15
3.22424743e-07	2.295172e-15
3.22746696e-07	2.341000e-15
3.23068971e-07	2.387688e-15
3.23391567e-07	2.435250e-15
3.23714485e-07	2.483702e-15
3.24037726e-07	2.533058e-15
3.24361290e-07	2.583336e-15
3.24685177e-07	2.634552e-15
3.25009387e-07	2.686720e-15
3.25333921e-07	2.739859e-15
3.25658779e-07	2.793985e-15
3.25983961e-07	2.849115e-15
3.26309468e-07	2.905266e-15
3.26635300e-07	2.962457e-15
3.26961458e-07	3.020705e-15
3.27287941e-07	3.080029e-15
3.27614750e-07	3.140447e-15
3.27941886e-07	3.201979e-15
3.28269348e-07	3.264642e-15
3.28597137e-07	3.328458e-15
3.28925253e-07	3.393445e-15
3.29253697e-07	3.459624e-15
3.29582469e-07	3.527015e-15
3.29911570e-07	3.595640e-15
3.30240998e-07	3.665519e-15
3.30570756e-07	3.736673e-15
3.30900844e-07	3.809125e-15
3.31231260e-07	3.882896e-15
3.31562007e-07	3.958010e-15
3.31893084e-07	4.034489e-15
3.32224491e-07	4.112356e-15
3.32556230e-07	4.191635e-15
3.32888300e-07	4.272350e-15
3.33220701e-07	4.354525e-15
3.33553434e-07	4.438185e-15
3.33886500e-07	4.523355e-15
3.34219898e-07	4.610061e-15
3.34553629e-07	4.698329e-15
3.34887693e-07	4.788184e-15
3.35222091e-07	4.879654e-15
3.35556822e-07	4.972766e-15
3.35891888e-07	5.067547e-15
3.36227289e-07	5.164027e-15
3.36563024e-07	5.262232e-15
3.36899095e-07	5.362192e-15
3.37235501e-07	5.463936e-15
3.37572243e-07	5.567495e-15
3.37909321e-07	5.672898e-15
3.38246736e-07	5.780176e-15
3.38584488e-07	5.889361e-15
3.38922578e-07	6.000485e-15
3.39261004e-07	6.113578e-15
3.39599769e-07	6.228676e-15
3.39938872e-07	6.345809e-15
3.40278313e-07	6.465013e-15
3.40618094e-07	6.586322e-15
3.40958214e-07	6.709771e-15
3.41298673e-07	6.835393e-15
3.41639473e-07	6.963228e-15
3.41980612e-07	7.093308e-15
3.42322093e-07	7.225674e-15
3.42663914e-07	7.360361e-15
3.43006076e-07	7.497408e-15
3.43348581e-07	7.636854e-15
3.43691427e-07	7.778737e-15
3.44034616e-07	7.923100e-15
3.44378147e-07	8.069980e-15
3.44722021e-07	8.219421e-15
3.45066239e-07	8.371463e-15
3.45410800e-07	8.526149e-15
3.45755706e-07	8.683523e-15
3.46100956e-07	8.843627e-15
3.46446550e-07	9.006507e-15
3.46792490e-07	9.172207e-15
3.47138775e-07	9.340774e-15
3.47485406e-07	9.512253e-15
3.47832383e-07	9.686693e-15
3.48179707e-07	9.864140e-15
3.48527377e-07	1.004464e-14
3.48875395e-07	1.022825e-14
3.49223760e-07	1.041502e-14
3.49572472e-07	1.060499e-14
3.49921534e-07	1.079822e-14
3.50270943e-07	1.099476e-14
3.50620702e-07	1.119467e-14
3.50970809e-07	1.139799e-14
3.51321267e-07	1.160479e-14
3.51672074e-07	1.181511e-14
3.52023232e-07	1.202902e-14
3.52374740e-07	1.224657e-14
3.52726599e-07	1.246782e-14
3.53078810e-07	1.269284e-14
3.53431372e-07	1.292167e-14
3.53784286e-07	1.315438e-14
3.54137553e-07	1.339103e-14
3.54491173e-07	1.363168e-14
3.54845145e-07	1.387641e-14
3.55199471e-07	1.412526e-14
3.55554151e-07	1.437831e-14
3.55909185e-07	1.463563e-14
3.56264573e-07	1.489728e-14
3.56620317e-07	1.516333e-14
3.56976415e-07	1.543384e-14
3.57332870e-07	1.570890e-14
3.57689680e-07	1.598856e-14
3.58046846e-07	1.627292e-14
3.58404369e-07	1.656202e-14
3.58762249e-07	1.685596e-14
3.59120487e-07	1.715480e-14
3.59479082e-07	1.745863e-14
3.59838035e-07	1.776752e-14
3.60197347e-07	1.808155e-14
3.60557017e-07	1.840076e-14
3.60917046e-07	1.872535e-14
3.61277436e-07	1.905530e-14
3.61638184e-07	1.939071e-14
3.61999294e-07	1.973167e-14
3.62360763e-07	2.007826e-14
3.62722594e-07	2.043060e-14
3.63084786e-07	2.078874e-14
3.63447339e-07	2.115279e-14
3.63810255e-07	2.152284e-14
3.64173533e-07	2.189897e-14
3.64537174e-07	2.228130e-14
3.64901178e-07	2.266990e-14
3.65265545e-07	2.306487e-14
3.65630276e-07	2.346632e-14
3.65995372e-07	2.387434e-14
3.66360832e-07	2.428904e-14
3.66726656e-07	2.471051e-14
3.67092847e-07	2.513886e-14
3.67459402e-07	2.557420e-14
3.67826324e-07	2.601662e-14
3.68193613e-07	2.646625e-14
3.68561267e-07	2.692319e-14
3.68929290e-07	2.738756e-14
3.69297679e-07	2.785943e-14
3.69666437e-07	2.833899e-14
3.70035562e-07	2.882628e-14
3.70405056e-07	2.932149e-14
3.70774920e-07	2.982468e-14
3.71145152e-07	3.033598e-14
3.71515754e-07	3.085554e-14
3.71886726e-07	3.138345e-14
3.72258069e-07	3.191990e-14
3.72629783e-07	3.246499e-14
3.73001867e-07	3.301878e-14
3.73374323e-07	3.358149e-14
3.73747152e-07	3.415321e-14
3.74120352e-07	3.473406e-14
3.74493925e-07	3.532421e-14
3.74867871e-07	3.592378e-14
3.75242191e-07	3.653302e-14
3.75616884e-07	3.715184e-14
3.75991951e-07	3.778066e-14
3.76367393e-07	3.841942e-14
3.76743210e-07	3.906826e-14
3.77119402e-07	3.972726e-14
3.77495970e-07	4.039723e-14
3.77872913e-07	4.107756e-14
3.78250233e-07	4.176860e-14
3.78627930e-07	4.247064e-14
3.79006004e-07	4.318377e-14
3.79384456e-07	4.390814e-14
3.79763285e-07	4.464386e-14
3.80142493e-07	4.539135e-14
3.80522079e-07	4.615047e-14
3.80902045e-07	4.692157e-14
3.81282390e-07	4.770484e-14
3.81663114e-07	4.850011e-14
3.82044219e-07	4.930807e-14
3.82425704e-07	5.012900e-14
3.82807570e-07	5.096251e-14
3.83189818e-07	5.180908e-14
3.83572447e-07	5.266868e-14
3.83955458e-07	5.354201e-14
3.84338852e-07	5.442868e-14
3.84722629e-07	5.532920e-14
3.85106789e-07	5.624401e-14
3.85491332e-07	5.717286e-14
3.85876259e-07	5.811612e-14
3.86261571e-07	5.907401e-14
3.86647268e-07	6.004658e-14
3.87033349e-07	6.103451e-14
3.87419816e-07	6.203755e-14
3.87806669e-07	6.305600e-14
3.88193909e-07	6.409044e-14
3.88581535e-07	6.514024e-14
3.88969548e-07	6.620688e-14
3.89357948e-07	6.728985e-14
3.89746737e-07	6.838901e-14
3.90135913e-07	6.950568e-14
3.90525478e-07	7.063886e-14
3.90915433e-07	7.178957e-14
3.91305776e-07	7.295818e-14
3.91696509e-07	7.414487e-14
3.92087633e-07	7.534924e-14
3.92479147e-07	7.657208e-14
3.92871052e-07	7.781353e-14
3.93263348e-07	7.907413e-14
3.93656036e-07	8.035371e-14
3.94049116e-07	8.165256e-14
3.94442589e-07	8.297103e-14
3.94836455e-07	8.431050e-14
3.95230713e-07	8.566837e-14
3.95625366e-07	8.704810e-14
3.96020412e-07	8.844894e-14
3.96415854e-07	8.987210e-14
3.96811689e-07	9.131513e-14
3.97207921e-07	9.278027e-14
3.97604547e-07	9.426744e-14
3.98001570e-07	9.577685e-14
3.98398990e-07	9.730827e-14
3.98796806e-07	9.886447e-14
3.99195019e-07	1.004421e-13
3.99593630e-07	1.020459e-13
3.99992639e-07	1.036716e-13
4.00392047e-07	1.053221e-13
4.00791853e-07	1.069983e-13
4.01192059e-07	1.086985e-13
4.01592664e-07	1.104247e-13
4.01993669e-07	1.121759e-13
4.02395074e-07	1.139530e-13
4.02796881e-07	1.157577e-13
4.03199088e-07	1.175888e-13
4.03601698e-07	1.194459e-13
4.04004709e-07	1.213326e-13
4.04408123e-07	1.232459e-13
4.04811939e-07	1.251860e-13
4.05216159e-07	1.271583e-13
4.05620782e-07	1.291590e-13
4.06025810e-07	1.311879e-13
4.06431241e-07	1.332436e-13
4.06837078e-07	1.353363e-13
4.07243320e-07	1.374560e-13
4.07649967e-07	1.396096e-13
4.08057021e-07	1.417926e-13
4.08464481e-07	1.440083e-13
4.08872348e-07	1.462539e-13
4.09280622e-07	1.485369e-13
4.09689304e-07	1.508506e-13
4.10098394e-07	1.531982e-13
4.10507892e-07	1.555732e-13
4.10917800e-07	1.579972e-13
4.11328116e-07	1.604047e-13
4.11738843e-07	1.629355e-13
4.12149979e-07	1.654428e-13
4.12561526e-07	1.680185e-13
4.12973484e-07	1.706198e-13
4.13385854e-07	1.732564e-13
4.13798635e-07	1.759290e-13
4.14211828e-07	1.786383e-13
4.14625434e-07	1.813844e-13
4.15039453e-07	1.841852e-13
4.15453885e-07	1.870140e-13
4.15868731e-07	1.898859e-13
4.16283991e-07	1.928066e-13
4.16699666e-07	1.957599e-13
4.17115756e-07	1.987606e-13
4.17532262e-07	2.017988e-13
4.17949183e-07	2.048859e-13
4.18366521e-07	2.080152e-13
4.18784276e-07	2.111819e-13
4.19202447e-07	2.144070e-13
4.19621036e-07	2.176595e-13
4.20040044e-07	2.209892e-13
4.20459469e-07	2.243481e-13
4.20879314e-07	2.277460e-13
4.21299577e-07	2.312134e-13
4.21720260e-07	2.346787e-13
4.22141364e-07	2.382439e-13
4.22562887e-07	2.418742e-13
4.22984832e-07	2.454616e-13
4.23407198e-07	2.492251e-13
4.23829986e-07	2.529772e-13
4.24253196e-07	2.568023e-13
4.24676828e-07	2.606895e-13
4.25100884e-07	2.646096e-13
4.25525363e-07	2.685798e-13
4.25950266e-07	2.726266e-13
4.26375593e-07	2.767140e-13
4.26801345e-07	2.808719e-13
4.27227522e-07	2.850643e-13
4.27654124e-07	2.893383e-13
4.28081153e-07	2.936614e-13
4.28508608e-07	2.980553e-13
4.28936489e-07	3.024766e-13
4.29364798e-07	3.069765e-13
4.29793535e-07	3.115843e-13
4.30222700e-07	3.162238e-13
4.30652293e-07	3.209186e-13
4.31082315e-07	3.256853e-13
4.31512767e-07	3.305354e-13
4.31943648e-07	3.354332e-13
4.32374960e-07	3.404022e-13
4.32806703e-07	3.454296e-13
4.33238876e-07	3.505132e-13
4.33671481e-07	3.557190e-13
4.34104518e-07	3.609736e-13
4.34537988e-07	3.662724e-13
4.34971890e-07	3.716736e-13
4.35406226e-07	3.771609e-13
4.35840995e-07	3.826672e-13
4.36276198e-07	3.883216e-13
4.36711836e-07	3.939939e-13
4.37147909e-07	3.997817e-13
4.37584417e-07	4.056773e-13
4.38021362e-07	4.116111e-13
4.38458742e-07	4.176105e-13
4.38896560e-07	4.237311e-13
4.39334814e-07	4.298802e-13
4.39773506e-07	4.361554e-13
4.40212636e-07	4.425457e-13
4.40652205e-07	4.489896e-13
4.41092212e-07	4.555029e-13
4.41532659e-07	4.621154e-13
4.41973546e-07	4.688096e-13
4.42414873e-07	4.756269e-13
4.42856641e-07	4.824455e-13
4.43298849e-07	4.894077e-13
4.43741500e-07	4.965746e-13
4.44184592e-07	5.037446e-13
4.44628127e-07	5.110281e-13
4.45072105e-07	5.183933e-13
4.45516526e-07	5.258453e-13
4.45961390e-07	5.322837e-13
4.46406699e-07	5.411191e-13
4.46852453e-07	5.489009e-13
4.47298652e-07	5.567581e-13
4.47745296e-07	5.647882e-13
4.48192386e-07	5.728822e-13
4.48639923e-07	5.807779e-13
4.49087906e-07	5.893441e-13
4.49536337e-07	5.978441e-13
4.49985216e-07	6.063559e-13
4.50434543e-07	6.150030e-13
4.50884319e-07	6.237406e-13
4.51334543e-07	6.326365e-13
4.51785218e-07	6.416015e-13
4.52236342e-07	6.507022e-13
4.52687917e-07	6.599999e-13
4.53139942e-07	6.693534e-13
4.53592419e-07	6.788720e-13
4.54045348e-07	6.884495e-13
4.54498729e-07	6.979741e-13
4.54952563e-07	7.081254e-13
4.55406850e-07	7.181513e-13
4.55861591e-07	7.282422e-13
4.56316785e-07	7.385619e-13
4.56772435e-07	7.490048e-13
4.57228539e-07	7.595015e-13
4.57685098e-07	7.701594e-13
4.58142114e-07	7.809640e-13
4.58599586e-07	7.919345e-13
4.59057514e-07	8.029822e-13
4.59515900e-07	8.143431e-13
4.59974744e-07	8.257449e-13
4.60434046e-07	8.372215e-13
4.60893806e-07	8.488931e-13
4.61354026e-07	8.608882e-13
4.61814705e-07	8.728794e-13
4.62275844e-07	8.850319e-13
4.62737444e-07	8.973151e-13
4.63199504e-07	9.098391e-13
4.63662026e-07	9.224690e-13
4.64125010e-07	9.352344e-13
4.64588456e-07	9.480862e-13
4.65052364e-07	9.612049e-13
4.65516737e-07	9.743469e-13
4.65981572e-07	9.882458e-13
4.66446872e-07	1.001708e-12
4.66912637e-07	1.015167e-12
4.67378866e-07	1.029647e-12
4.67845561e-07	1.043458e-12
4.68312722e-07	1.058258e-12
4.68780350e-07	1.071601e-12
4.69248445e-07	1.087595e-12
4.69717007e-07	1.102090e-12
4.70186036e-07	1.117746e-12
4.70655535e-07	1.132810e-12
4.71125502e-07	1.146617e-12
4.71595938e-07	1.164276e-12
4.72066844e-07	1.180183e-12
4.72538220e-07	1.196122e-12
4.73010067e-07	1.212542e-12
4.73482385e-07	1.229214e-12
4.73955175e-07	1.244809e-12
4.74428437e-07	1.262801e-12
4.74902171e-07	1.279557e-12
4.75376378e-07	1.296818e-12
4.75851059e-07	1.314284e-12
4.76326214e-07	1.332902e-12
4.76801844e-07	1.351256e-12
4.77277948e-07	1.368757e-12
4.77754528e-07	1.387091e-12
4.78231583e-07	1.406368e-12
4.78709115e-07	1.425485e-12
4.79187124e-07	1.444638e-12
4.79665610e-07	1.463836e-12
4.80144574e-07	1.482046e-12
4.80624016e-07	1.503908e-12
4.81103937e-07	1.523711e-12
4.81584337e-07	1.544397e-12
4.82065217e-07	1.564776e-12
4.82546577e-07	1.586804e-12
4.83028417e-07	1.606467e-12
4.83510739e-07	1.624014e-12
4.83993543e-07	1.647806e-12
4.84476828e-07	1.669043e-12
4.84960596e-07	1.693092e-12
4.85444847e-07	1.716477e-12
4.85929582e-07	1.740645e-12
4.86414801e-07	1.763413e-12
4.86900504e-07	1.786972e-12
4.87386692e-07	1.810638e-12
4.87873366e-07	1.826685e-12
4.88360525e-07	1.859870e-12
4.88848171e-07	1.883290e-12
4.89336304e-07	1.908160e-12
4.89824925e-07	1.924218e-12
4.90314033e-07	1.959420e-12
4.90803630e-07	1.984045e-12
4.91293716e-07	2.011986e-12
4.91784291e-07	2.038771e-12
4.92275355e-07	2.065191e-12
4.92766911e-07	2.091664e-12
4.93258957e-07	2.121176e-12
4.93751494e-07	2.148505e-12
4.94244523e-07	2.173409e-12
4.94738045e-07	2.204107e-12
4.95232059e-07	2.233599e-12
4.95726566e-07	2.263380e-12
4.96221568e-07	2.292190e-12
4.96717063e-07	2.321857e-12
4.97213054e-07	2.350550e-12
4.97709539e-07	2.382826e-12
4.98206521e-07	2.414951e-12
4.98703999e-07	2.445411e-12
4.99201973e-07	2.475990e-12
4.99700445e-07	2.509085e-12
5.00199414e-07	2.543728e-12
5.00698882e-07	2.577857e-12
5.01198848e-07	2.608592e-12
5.01699314e-07	2.642927e-12
5.02200279e-07	2.675046e-12
5.02701745e-07	2.713001e-12
5.03203711e-07	2.743791e-12
5.03706178e-07	2.780500e-12
5.04209148e-07	2.819839e-12
5.04712619e-07	2.853670e-12
5.05216594e-07	2.893098e-12
5.05721071e-07	2.925939e-12
5.06226052e-07	2.967650e-12
5.06731538e-07	3.001152e-12
5.07237528e-07	3.041091e-12
5.07744023e-07	3.083234e-12
5.08251025e-07	3.117855e-12
5.08758532e-07	3.154817e-12
5.09266546e-07	3.202800e-12
5.09775068e-07	3.244260e-12
5.10284097e-07	3.282672e-12
5.10793635e-07	3.305959e-12
5.11303681e-07	3.364281e-12
5.11814237e-07	3.406300e-12
5.12325302e-07	3.435917e-12
5.12836878e-07	3.491932e-12
5.13348965e-07	3.533791e-12
5.13861563e-07	3.584993e-12
5.14374672e-07	3.625845e-12
5.14888295e-07	3.682810e-12
5.15402430e-07	3.727690e-12
5.15917078e-07	3.775978e-12
5.16432240e-07	3.821202e-12
5.16947917e-07	3.867268e-12
5.17464109e-07	3.917940e-12
5.17980816e-07	3.968530e-12
5.18498039e-07	4.023692e-12
5.19015778e-07	4.071689e-12
5.19534035e-07	4.127047e-12
5.20052809e-07	4.178694e-12
5.20572101e-07	4.224838e-12
5.21091911e-07	4.282956e-12
5.21612241e-07	4.334246e-12
5.22133090e-07	4.394761e-12
5.22654459e-07	4.445665e-12
5.23176349e-07	4.498149e-12
5.23698760e-07	4.558562e-12
5.24221693e-07	4.593013e-12
5.24745148e-07	4.668560e-12
5.25269125e-07	4.731630e-12
5.25793626e-07	4.792370e-12
5.26318650e-07	4.853216e-12
5.26844199e-07	4.903976e-12
5.27370272e-07	4.969234e-12
5.27896871e-07	5.007072e-12
5.28423996e-07	5.100129e-12
5.28951647e-07	5.160259e-12
5.29479824e-07	5.217787e-12
5.30008530e-07	5.291170e-12
5.30537763e-07	5.355296e-12
5.31067524e-07	5.417104e-12
5.31597815e-07	5.488369e-12
5.32128635e-07	5.557688e-12
5.32659985e-07	5.616209e-12
5.33191866e-07	5.688171e-12
5.33724278e-07	5.761507e-12
5.34257221e-07	5.828854e-12
5.34790697e-07	5.903378e-12
5.35324705e-07	5.978159e-12
5.35859247e-07	6.044453e-12
5.36394322e-07	6.100959e-12
5.36929932e-07	6.203196e-12
5.37466076e-07	6.274383e-12
5.38002756e-07	6.357991e-12
5.38539972e-07	6.425263e-12
5.39077724e-07	6.481718e-12
5.39616013e-07	6.526260e-12
5.40154839e-07	6.630115e-12
5.40694204e-07	6.726677e-12
5.41234107e-07	6.822040e-12
5.41774550e-07	6.880110e-12
5.42315532e-07	6.933908e-12
5.42857054e-07	7.035576e-12
5.43399117e-07	7.076479e-12
5.43941721e-07	7.146151e-12
5.44484867e-07	7.319779e-12
5.45028555e-07	7.407505e-12
5.45572786e-07	7.516029e-12
5.46117561e-07	7.572918e-12
5.46662879e-07	7.625900e-12
5.47208743e-07	7.766679e-12
5.47755151e-07	7.874349e-12
5.48302105e-07	7.943459e-12
5.48849605e-07	8.067097e-12
5.49397651e-07	8.164189e-12
5.49946245e-07	8.274531e-12
5.50495387e-07	8.337537e-12
5.51045077e-07	8.478395e-12
5.51595316e-07	8.514471e-12
5.52146104e-07	8.686672e-12
5.52697443e-07	8.715304e-12
5.53249331e-07	8.868307e-12
5.53801771e-07	8.876493e-12
5.54354763e-07	9.069678e-12
5.54908307e-07	9.213213e-12
5.55462403e-07	9.297478e-12
5.56017053e-07	9.408263e-12
5.56572257e-07	9.451413e-12
5.57128015e-07	9.599593e-12
5.57684328e-07	9.710410e-12
5.58241196e-07	9.884178e-12
5.58798621e-07	1.001055e-11
5.59356602e-07	1.011584e-11
5.59915140e-07	1.023401e-11
5.60474236e-07	1.032900e-11
5.61033890e-07	1.046934e-11
5.61594104e-07	1.056928e-11
5.62154876e-07	1.074372e-11
5.62716209e-07	1.083856e-11
5.63278102e-07	1.098160e-11
5.63840556e-07	1.107645e-11
5.64403571e-07	1.122686e-11
5.64967149e-07	1.138305e-11
5.65531290e-07	1.148234e-11
5.66095994e-07	1.156890e-11
5.66661262e-07	1.175986e-11
5.67227094e-07	1.185775e-11
5.67793491e-07	1.191041e-11
5.68360454e-07	1.166742e-11
5.68927983e-07	1.217383e-11
5.69496079e-07	1.236598e-11
5.70064741e-07	1.250051e-11
5.70633972e-07	1.261330e-11
5.71203771e-07	1.271866e-11
5.71774140e-07	1.279117e-11
5.72345077e-07	1.300055e-11
5.72916585e-07	1.331621e-11
5.73488663e-07	1.347578e-11
5.74061313e-07	1.357778e-11
5.74634535e-07	1.364733e-11
5.75208328e-07	1.379646e-11
5.75782695e-07	1.406785e-11
5.76357636e-07	1.415722e-11
5.76933150e-07	1.440325e-11
5.77509239e-07	1.452568e-11
5.78085904e-07	1.447659e-11
5.78663144e-07	1.478970e-11
5.79240960e-07	1.482271e-11
5.79819354e-07	1.519388e-11
5.80398325e-07	1.509463e-11
5.80977874e-07	1.549316e-11
5.81558002e-07	1.537126e-11
5.82138709e-07	1.597126e-11
5.82719997e-07	1.602286e-11
5.83301864e-07	1.626436e-11
5.83884313e-07	1.618917e-11
5.84467343e-07	1.641488e-11
5.85050955e-07	1.665711e-11
5.85635150e-07	1.696272e-11
5.86219928e-07	1.688485e-11
5.86805291e-07	1.664430e-11
5.87391238e-07	1.743120e-11
5.87977770e-07	1.752339e-11
5.88564887e-07	1.768343e-11
5.89152591e-07	1.649997e-11
5.89740882e-07	1.764373e-11
5.90329760e-07	1.739890e-11
5.90919226e-07	1.835278e-11
5.91509281e-07	1.870861e-11
5.92099925e-07	1.833778e-11
5.92691158e-07	1.895608e-11
5.93282982e-07	1.915199e-11
5.93875397e-07	1.930643e-11
5.94468404e-07	1.947804e-11
5.95062003e-07	1.961033e-11
5.95656194e-07	2.015650e-11
5.96250979e-07	2.024870e-11
5.96846358e-07	1.965449e-11
5.97442331e-07	2.062699e-11
5.98038899e-07	2.076371e-11
5.98636063e-07	2.132138e-11
5.99233823e-07	2.101236e-11
5.99832181e-07	2.167844e-11
6.00431135e-07	2.023710e-11
6.01030688e-07	2.204547e-11
6.01630839e-07	2.212218e-11
6.02231590e-07	2.220375e-11
6.02832941e-07	2.292565e-11
6.03434892e-07	2.328314e-11
6.04037444e-07	2.285385e-11
6.04640598e-07	2.283501e-11
6.05244354e-07	2.350937e-11
6.05848713e-07	2.375074e-11
6.06453675e-07	2.404276e-11
6.07059241e-07	2.469528e-11
6.07665413e-07	2.481626e-11
6.08272189e-07	2.542753e-11
6.08879571e-07	2.591959e-11
6.09487560e-07	2.605586e-11
6.10096156e-07	2.647773e-11
6.10705360e-07	2.611498e-11
6.11315172e-07	2.703077e-11
6.11925592e-07	2.728930e-11
6.12536623e-07	2.723643e-11
6.13148263e-07	2.804003e-11
6.13760515e-07	2.803342e-11
6.14373377e-07	2.766690e-11
6.14986852e-07	2.870244e-11
6.15600939e-07	2.916065e-11
6.16215639e-07	2.922184e-11
6.16830953e-07	2.884434e-11
6.17446882e-07	2.992275e-11
6.18063426e-07	3.024868e-11
6.18680585e-07	3.076595e-11
6.19298360e-07	3.065133e-11
6.19916753e-07	3.076555e-11
6.20535763e-07	3.155215e-11
6.21155390e-07	3.151001e-11
6.21775637e-07	3.263965e-11
6.22396503e-07	3.267970e-11
6.23017989e-07	3.325539e-11
6.23640096e-07	3.299640e-11
6.24262823e-07	3.359808e-11
6.24886173e-07	3.395962e-11
6.25510145e-07	3.451869e-11
6.26134740e-07	3.390878e-11
6.26759959e-07	3.426932e-11
6.27385802e-07	3.498757e-11
6.28012270e-07	3.486556e-11
6.28639363e-07	3.543059e-11
6.29267083e-07	3.698212e-11
6.29895429e-07	3.673414e-11
6.30524403e-07	3.661122e-11
6.31154005e-07	3.714495e-11
6.31784236e-07	3.745137e-11
6.32415096e-07	3.711078e-11
6.33046586e-07	3.683881e-11
6.33678706e-07	3.948913e-11
6.34311458e-07	3.979019e-11
6.34944842e-07	3.986488e-11
6.35578858e-07	4.063111e-11
6.36213507e-07	4.124720e-11
6.36848789e-07	4.142880e-11
6.37484706e-07	4.057371e-11
6.38121259e-07	4.144726e-11
6.38758446e-07	4.156857e-11
6.39396270e-07	4.298078e-11
6.40034731e-07	4.330806e-11
6.40673830e-07	4.335957e-11
6.41313566e-07	4.347450e-11
6.41953941e-07	4.419006e-11
6.42594956e-07	4.494522e-11
6.43236611e-07	4.399080e-11
6.43878907e-07	4.465726e-11
6.44521844e-07	4.306821e-11
6.45165423e-07	4.552911e-11
6.45809644e-07	4.616757e-11
6.46454509e-07	4.586684e-11
6.47100018e-07	4.432472e-11
6.47746171e-07	4.436341e-11
6.48392970e-07	4.651460e-11
6.49040414e-07	4.882022e-11
6.49688505e-07	4.813614e-11
6.50337243e-07	4.977815e-11
6.50986629e-07	4.966039e-11
6.51636663e-07	4.637032e-11
6.52287347e-07	4.824456e-11
6.52938680e-07	4.859281e-11
6.53590663e-07	5.050176e-11
6.54243298e-07	5.111624e-11
6.54896584e-07	5.246831e-11
6.55550522e-07	5.207233e-11
6.56205114e-07	5.027911e-11
6.56860359e-07	5.144088e-11
6.57516258e-07	4.986257e-11
6.58172813e-07	5.415805e-11
6.58830023e-07	4.037100e-11
6.59487889e-07	5.068093e-11
6.60146412e-07	5.469670e-11
6.60805592e-07	5.789088e-11
6.61465431e-07	5.624546e-11
6.62125929e-07	5.819934e-11
6.62787086e-07	4.104888e-11
6.63448904e-07	4.993632e-11
6.64111382e-07	5.951151e-11
6.64774522e-07	5.523299e-11
6.65438324e-07	5.960219e-11
6.66102789e-07	6.079542e-11
6.66767917e-07	5.890211e-11
6.67433710e-07	5.878280e-11
6.68100167e-07	6.149930e-11
6.68767290e-07	6.304649e-11
6.69435079e-07	6.398891e-11
6.70103534e-07	6.494983e-11
6.70772657e-07	6.267099e-11
6.71442449e-07	6.682754e-11
6.72112909e-07	6.492249e-11
6.72784039e-07	6.795412e-11
6.73455838e-07	6.853954e-11
6.74128309e-07	6.369629e-11
6.74801451e-07	6.367689e-11
6.75475265e-07	6.801527e-11
6.76149752e-07	7.133999e-11
6.76824913e-07	6.670008e-11
6.77500748e-07	7.087426e-11
6.78177257e-07	7.199762e-11
6.78854443e-07	7.176644e-11
6.79532304e-07	7.209889e-11
6.80210842e-07	7.391981e-11
6.80890058e-07	7.474821e-11
6.81569952e-07	7.294831e-11
6.82250525e-07	7.393675e-11
6.82931777e-07	7.799263e-11
6.83613710e-07	7.725244e-11
6.84296323e-07	7.817884e-11
6.84979619e-07	7.965824e-11
6.85663596e-07	7.824953e-11
6.86348257e-07	8.041560e-11
6.87033601e-07	8.112930e-11
6.87719629e-07	6.055247e-11
6.88406343e-07	7.689521e-11
6.89093742e-07	8.094658e-11
6.89781828e-07	8.039783e-11
6.90470600e-07	7.851946e-11
6.91160061e-07	7.455350e-11
6.91850210e-07	7.217357e-11
6.92541048e-07	6.035279e-11
6.93232576e-07	7.262216e-11
6.93924794e-07	7.747266e-11
6.94617704e-07	7.616317e-11
6.95311305e-07	7.845867e-11
6.96005599e-07	7.981999e-11
6.96700587e-07	7.998023e-11
6.97396268e-07	8.177300e-11
6.98092644e-07	8.368617e-11
6.98789716e-07	8.634477e-11
6.99487483e-07	8.784630e-11
7.00185947e-07	8.249836e-11
7.00885109e-07	8.373533e-11
7.01584968e-07	8.906467e-11
7.02285527e-07	8.671601e-11
7.02986785e-07	8.040861e-11
7.03688744e-07	8.714505e-11
7.04391403e-07	8.497587e-11
7.05094764e-07	8.360903e-11
7.05798827e-07	9.409671e-11
7.06503593e-07	9.261577e-11
7.07209063e-07	8.060572e-11
7.07915238e-07	9.213665e-11
7.08622117e-07	9.113407e-11
7.09329703e-07	8.055354e-11
7.10037995e-07	9.091199e-11
7.10746994e-07	8.517874e-11
7.11456701e-07	9.517211e-11
7.12167117e-07	8.119655e-11
7.12878242e-07	9.070504e-11
7.13590078e-07	9.043931e-11
7.14302624e-07	8.165340e-11
7.15015881e-07	8.974510e-11
7.15729851e-07	8.330695e-11
7.16444534e-07	8.000221e-11
7.17159931e-07	8.579035e-11
7.17876041e-07	8.290662e-11
7.18592867e-07	8.514859e-11
7.19310409e-07	8.428489e-11
7.20028667e-07	8.576429e-11
7.20747642e-07	8.221077e-11
7.21467335e-07	7.768777e-11
7.22187747e-07	8.802508e-11
7.22908878e-07	8.917279e-11
7.23630730e-07	7.583019e-11
7.24353302e-07	8.421209e-11
7.25076595e-07	8.893413e-11
7.25800611e-07	8.579099e-11
7.26525350e-07	8.722630e-11
7.27250813e-07	8.980184e-11
7.27976999e-07	9.529505e-11
7.28703911e-07	9.385817e-11
7.29431549e-07	8.797240e-11
7.30159914e-07	8.343923e-11
7.30889005e-07	8.652639e-11
7.31618825e-07	9.906851e-11
7.32349374e-07	8.771172e-11
7.33080652e-07	9.747343e-11
7.33812660e-07	9.909942e-11
7.34545399e-07	9.980442e-11
7.35278870e-07	9.899624e-11
7.36013073e-07	9.753110e-11
7.36748009e-07	8.161305e-11
7.37483680e-07	9.941459e-11
7.38220084e-07	9.763615e-11
7.38957224e-07	1.032492e-10
7.39695101e-07	1.126052e-10
7.40433714e-07	9.834871e-11
7.41173064e-07	1.017360e-10
7.41913153e-07	8.920554e-11
7.42653981e-07	1.061338e-10
7.43395548e-07	1.117870e-10
7.44137856e-07	6.778961e-11
7.44880905e-07	1.117740e-10
7.45624697e-07	8.426952e-11
7.46369230e-07	1.052250e-10
7.47114508e-07	1.006201e-10
7.47860529e-07	1.151794e-10
7.48607296e-07	1.082712e-10
7.49354808e-07	1.180423e-10
7.50103066e-07	1.168159e-10
7.50852072e-07	1.038602e-10
7.51601826e-07	1.093110e-10
7.52352328e-07	1.122420e-10
7.53103580e-07	1.093564e-10
7.53855582e-07	1.166500e-10
7.54608334e-07	1.212778e-10
7.55361839e-07	1.206908e-10
7.56116095e-07	1.204934e-10
7.56871105e-07	1.185984e-10
7.57626869e-07	1.234923e-10
7.58383388e-07	1.256998e-10
7.59140662e-07	1.176412e-10
7.59898692e-07	1.256642e-10
7.60657479e-07	1.235654e-10
7.61417023e-07	1.314041e-10
7.62177326e-07	1.356278e-10
7.62938389e-07	1.396216e-10
7.63700211e-07	1.411545e-10
7.64462794e-07	1.398503e-10
7.65226138e-07	1.302791e-10
7.65990245e-07	1.409445e-10
7.66755115e-07	1.420336e-10
7.67520748e-07	1.390698e-10
7.68287146e-07	1.469530e-10
7.69054309e-07	1.408208e-10
7.69822238e-07	1.370026e-10
7.70590934e-07	1.326283e-10
7.71360398e-07	1.435243e-10
7.72130630e-07	1.368107e-10
7.72901631e-07	1.554184e-10
7.73673402e-07	1.475222e-10
7.74445944e-07	1.531926e-10
7.75219257e-07	1.522593e-10
7.75993342e-07	1.565242e-10
7.76768200e-07	1.546898e-10
7.77543832e-07	1.503240e-10
7.78320238e-07	1.576084e-10
7.79097420e-07	1.456336e-10
7.79875377e-07	1.587587e-10
7.80654112e-07	1.641421e-10
7.81433624e-07	1.623274e-10
7.82213914e-07	1.648711e-10
7.82994984e-07	1.664188e-10
7.83776833e-07	1.542696e-10
7.84559463e-07	1.609564e-10
7.85342875e-07	1.658923e-10
7.86127069e-07	1.695584e-10
7.86912046e-07	1.564171e-10
7.87697807e-07	1.711377e-10
7.88484352e-07	1.671545e-10
7.89271683e-07	1.671941e-10
7.90059800e-07	1.690178e-10
7.90848704e-07	1.766742e-10
7.91638396e-07	1.779043e-10
7.92428876e-07	1.802930e-10
7.93220146e-07	1.808041e-10
7.94012205e-07	1.824844e-10
7.94805056e-07	1.811319e-10
7.95598698e-07	1.839170e-10
7.96393133e-07	1.783768e-10
7.97188361e-07	1.904168e-10
7.97984383e-07	1.839587e-10
7.98781200e-07	1.863477e-10
7.99578813e-07	1.880084e-10
8.00377222e-07	1.819002e-10
8.01176428e-07	1.907111e-10
8.01976433e-07	1.909885e-10
8.02777236e-07	1.925300e-10
8.03578839e-07	1.701789e-10
8.04381242e-07	1.822134e-10
8.05184446e-07	1.920862e-10
8.05988453e-07	1.795384e-10
8.06793262e-07	1.554926e-10
8.07598875e-07	1.471165e-10
8.08405293e-07	1.738055e-10
8.09212515e-07	1.609088e-10
8.10020544e-07	1.663985e-10
8.10829379e-07	1.622938e-10
8.11639023e-07	1.558820e-10
8.12449474e-07	1.508470e-10
8.13260735e-07	1.508942e-10
8.14072806e-07	1.789189e-10
8.14885688e-07	1.482627e-10
8.15699382e-07	1.487132e-10
8.16513888e-07	1.850230e-10
8.17329207e-07	1.868241e-10
8.18145341e-07	1.856334e-10
8.18962289e-07	1.813681e-10
8.19780053e-07	1.779405e-10
8.20598634e-07	1.775290e-10
8.21418032e-07	1.936271e-10
8.22238248e-07	1.992176e-10
8.23059284e-07	1.062567e-10
8.23881139e-07	1.845451e-10
8.24703815e-07	1.719916e-10
8.25527312e-07	1.955543e-10
8.26351632e-07	1.874964e-10
8.27176774e-07	1.984942e-10
8.28002741e-07	2.213477e-10
8.28829533e-07	1.769538e-10
8.29657150e-07	1.651561e-10
8.30485593e-07	2.122483e-10
8.31314864e-07	1.934769e-10
8.32144962e-07	2.256680e-10
8.32975890e-07	2.284330e-10
8.33807647e-07	2.098762e-10
8.34640235e-07	1.748427e-10
8.35473654e-07	1.548092e-10
8.36307906e-07	1.970306e-10
8.37142990e-07	2.027900e-10
8.37978908e-07	2.106421e-10
8.38815661e-07	1.824149e-10
8.39653250e-07	2.122454e-10
8.40491675e-07	1.952652e-10
8.41330937e-07	2.078862e-10
8.42171037e-07	2.098693e-10
8.43011976e-07	2.081938e-10
8.43853755e-07	2.167787e-10
8.44696374e-07	2.316043e-10
8.45539834e-07	2.169003e-10
8.46384137e-07	1.756569e-10
8.47229283e-07	2.233191e-10
8.48075273e-07	2.249677e-10
8.48922108e-07	2.362810e-10
8.49769788e-07	2.390750e-10
8.50618314e-07	2.311465e-10
8.51467688e-07	2.378437e-10
8.52317910e-07	2.382388e-10
8.53168981e-07	2.471904e-10
8.54020902e-07	2.487903e-10
8.54873674e-07	2.332200e-10
8.55727297e-07	2.131855e-10
8.56581772e-07	2.220080e-10
8.57437101e-07	2.392394e-10
8.58293284e-07	2.405055e-10
8.59150321e-07	2.573394e-10
8.60008215e-07	2.347914e-10
8.60866965e-07	2.614120e-10
8.61726572e-07	2.627186e-10
8.62587038e-07	2.586214e-10
8.63448363e-07	2.643674e-10
8.64310548e-07	2.700869e-10
8.65173595e-07	2.678246e-10
8.66037502e-07	2.666355e-10
8.66902273e-07	2.881477e-10
8.67767907e-07	2.660504e-10
8.68634405e-07	3.016681e-10
8.69501769e-07	2.710484e-10
8.70369999e-07	2.709213e-10
8.71239096e-07	2.380663e-10
8.72109060e-07	3.023812e-10
8.72979893e-07	3.002736e-10
8.73851596e-07	3.122257e-10
8.74724169e-07	3.048466e-10
8.75597614e-07	2.927320e-10
8.76471930e-07	3.079084e-10
8.77347120e-07	3.302783e-10
8.78223184e-07	2.925420e-10
8.79100122e-07	3.204771e-10
8.79977936e-07	3.245738e-10
8.80856627e-07	3.065035e-10
8.81736195e-07	3.090405e-10
8.82616641e-07	3.099435e-10
8.83497966e-07	2.927857e-10
8.84380172e-07	3.070898e-10
8.85263258e-07	3.265343e-10
8.86147226e-07	3.016340e-10
8.87032077e-07	2.897530e-10
8.87917812e-07	3.081591e-10
8.88804430e-07	2.992811e-10
8.89691935e-07	3.068364e-10
8.90580325e-07	3.179555e-10
8.91469602e-07	2.754782e-10
8.92359768e-07	2.778488e-10
8.93250822e-07	2.794182e-10
8.94142766e-07	3.112769e-10
8.95035601e-07	2.953202e-10
8.95929327e-07	2.879368e-10
8.96823946e-07	2.853058e-10
8.97719458e-07	2.201320e-10
8.98615864e-07	3.109173e-10
8.99513165e-07	3.180821e-10
9.00411362e-07	3.328696e-10
9.01310456e-07	3.271540e-10
9.02210448e-07	3.391532e-10
9.03111339e-07	3.090619e-10
9.04013129e-07	3.114064e-10
9.04915820e-07	3.262196e-10
9.05819412e-07	3.170814e-10
9.06723906e-07	3.542210e-10
9.07629303e-07	3.028601e-10
9.08535605e-07	3.679977e-10
9.09442811e-07	3.148653e-10
9.10350924e-07	3.506208e-10
9.11259943e-07	3.627100e-10
9.12169869e-07	3.372771e-10
9.13080705e-07	2.719887e-10
9.13992450e-07	3.561432e-10
9.14905105e-07	3.655957e-10
9.15818672e-07	1.975882e-10
9.16733151e-07	2.900036e-10
9.17648543e-07	2.609623e-10
9.18564849e-07	3.301823e-10
9.19482070e-07	2.945098e-10
9.20400207e-07	3.038512e-10
9.21319260e-07	3.071729e-10
9.22239232e-07	3.116350e-10
9.23160122e-07	2.584807e-10
9.24081931e-07	2.786920e-10
9.25004661e-07	3.624403e-10
9.25928313e-07	1.939031e-10
9.26852887e-07	3.082916e-10
9.27778384e-07	2.853202e-10
9.28704805e-07	1.866601e-10
9.29632151e-07	2.712579e-10
9.30560423e-07	3.227543e-10
9.31489622e-07	3.346915e-10
9.32419749e-07	2.081781e-10
9.33350805e-07	2.150367e-10
9.34282790e-07	2.840070e-10
9.35215706e-07	3.096182e-10
9.36149554e-07	3.095303e-10
9.37084334e-07	3.335772e-10
9.38020047e-07	1.555236e-10
9.38956695e-07	2.451046e-10
9.39894278e-07	3.028412e-10
9.40832797e-07	3.448598e-10
9.41772253e-07	2.000586e-10
9.42712648e-07	2.911882e-10
9.43653981e-07	2.459687e-10
9.44596255e-07	2.762829e-10
9.45539469e-07	3.269629e-10
9.46483625e-07	3.411715e-10
9.47428724e-07	2.772334e-10
9.48374767e-07	3.225065e-10
9.49321755e-07	3.193560e-10
9.50269687e-07	3.225531e-10
9.51218567e-07	3.503861e-10
9.52168394e-07	3.145570e-10
9.53119169e-07	3.061472e-10
9.54070894e-07	3.634818e-10
9.55023569e-07	3.554672e-10
9.55977196e-07	3.106490e-10
9.56931774e-07	2.552737e-10
9.57887306e-07	3.535723e-10
9.58843792e-07	3.538684e-10
9.59801233e-07	3.140904e-10
9.60759630e-07	2.685551e-10
9.61718984e-07	3.509941e-10
9.62679296e-07	2.604660e-10
9.63640567e-07	2.339507e-10
9.64602798e-07	3.668472e-10
9.65565990e-07	3.484430e-10
9.66530143e-07	3.746795e-10
9.67495259e-07	3.526752e-10
9.68461339e-07	2.941763e-10
9.69428384e-07	3.286467e-10
9.70396394e-07	4.011482e-10
9.71365371e-07	3.861172e-10
9.72335315e-07	3.765083e-10
9.73306228e-07	3.484504e-10
9.74278110e-07	2.555262e-10
9.75250963e-07	3.047838e-10
9.76224787e-07	3.966742e-10
9.77199584e-07	3.776528e-10
9.78175354e-07	3.685475e-10
9.79152098e-07	3.645916e-10
9.80129818e-07	4.103426e-10
9.81108514e-07	3.902737e-10
9.82088187e-07	3.838616e-10
9.83068838e-07	3.919650e-10
9.84050469e-07	3.833755e-10
9.85033080e-07	3.580027e-10
9.86016672e-07	3.704520e-10
9.87001246e-07	4.111114e-10
9.87986804e-07	3.747560e-10
9.88973345e-07	4.019238e-10
9.89960871e-07	3.946469e-10
9.90949384e-07	4.081979e-10
9.91938884e-07	4.012033e-10
9.92929371e-07	4.179204e-10
9.93920848e-07	4.426988e-10
9.94913315e-07	4.290970e-10
9.95906773e-07	4.119060e-10
9.96901223e-07	4.142680e-10
9.97896665e-07	4.487000e-10
9.98893102e-07	4.554703e-10
9.99890534e-07	4.531302e-10
1.00088896e-06	3.948459e-10
1.00188839e-06	4.011514e-10
1.00288881e-06	4.423265e-10
1.00389023e-06	4.666077e-10
1.00489265e-06	4.472522e-10
1.00589607e-06	4.416506e-10
1.00690050e-06	4.720230e-10
1.00790593e-06	4.621969e-10
1.00891236e-06	4.811086e-10
1.00991979e-06	4.865580e-10
1.01092824e-06	4.399662e-10
1.01193769e-06	4.829199e-10
1.01294814e-06	4.716479e-10
1.01395961e-06	4.865380e-10
1.01497209e-06	4.962014e-10
1.01598557e-06	4.964834e-10
1.01700007e-06	4.917167e-10
1.01801558e-06	4.955679e-10
1.01903211e-06	5.148297e-10
1.02004965e-06	4.579354e-10
1.02106821e-06	5.190172e-10
1.02208778e-06	5.214597e-10
1.02310838e-06	4.957071e-10
1.02412999e-06	5.118676e-10
1.02515262e-06	5.238273e-10
1.02617627e-06	5.064776e-10
1.02720095e-06	5.335460e-10
1.02822665e-06	5.227714e-10
1.02925337e-06	5.279384e-10
1.03028112e-06	5.263899e-10
1.03130989e-06	5.424714e-10
1.03233969e-06	5.365237e-10
1.03337052e-06	5.473466e-10
1.03440238e-06	5.633830e-10
1.03543527e-06	5.585715e-10
1.03646919e-06	5.657697e-10
1.03750414e-06	5.469877e-10
1.03854013e-06	5.598076e-10
1.03957715e-06	5.696216e-10
1.04061521e-06	5.749001e-10
1.04165430e-06	5.591121e-10
1.04269443e-06	5.597175e-10
1.04373560e-06	5.706033e-10
1.04477781e-06	5.706570e-10
1.04582106e-06	5.836457e-10
1.04686535e-06	5.497973e-10
1.04791068e-06	5.666606e-10
1.04895706e-06	5.802664e-10
1.05000448e-06	5.753814e-10
1.05105295e-06	5.773639e-10
1.05210246e-06	5.895457e-10
1.05315303e-06	6.117617e-10
1.05420464e-06	6.143316e-10
1.05525730e-06	6.194826e-10
1.05631102e-06	6.102196e-10
1.05736578e-06	6.216700e-10
1.05842160e-06	6.264999e-10
1.05947847e-06	6.019891e-10
1.06053640e-06	6.072486e-10
1.06159539e-06	6.267506e-10
1.06265543e-06	6.293044e-10
1.06371653e-06	6.279008e-10
1.06477869e-06	6.390650e-10
1.06584191e-06	6.277986e-10
1.06690619e-06	6.245163e-10
1.06797154e-06	6.413824e-10
1.06903795e-06	6.129154e-10
1.07010542e-06	6.484479e-10
1.07117396e-06	6.215724e-10
1.07224357e-06	6.581900e-10
1.07331424e-06	6.606978e-10
1.07438599e-06	6.756239e-10
1.07545880e-06	6.678186e-10
1.07653269e-06	6.382290e-10
1.07760765e-06	6.465248e-10
1.07868368e-06	5.705975e-10
1.07976078e-06	6.522848e-10
1.08083896e-06	6.719587e-10
1.08191822e-06	6.677801e-10
1.08299856e-06	6.845822e-10
1.08407997e-06	6.772956e-10
1.08516247e-06	6.671335e-10
1.08624604e-06	6.459569e-10
1.08733070e-06	6.434449e-10
1.08841644e-06	6.652454e-10
1.08950326e-06	6.381054e-10
1.09059117e-06	6.649729e-10
1.09168017e-06	5.265622e-10
1.09277025e-06	5.260801e-10
1.09386142e-06	5.399809e-10
1.09495368e-06	5.450177e-10
1.09604703e-06	4.502504e-10
1.09714148e-06	5.725953e-10
1.09823701e-06	6.456101e-10
1.09933364e-06	6.512796e-10
1.10043137e-06	5.508997e-10
1.10153019e-06	5.738358e-10
1.10263011e-06	5.920485e-10
1.10373113e-06	6.835849e-10
1.10483324e-06	6.322657e-10
1.10593646e-06	5.461015e-10
1.10704078e-06	6.525935e-10
1.10814620e-06	6.348206e-10
1.10925273e-06	6.355250e-10
1.11036036e-06	3.712694e-10
1.11146909e-06	6.224014e-10
1.11257893e-06	6.517043e-10
1.11368989e-06	6.512096e-10
1.11480195e-06	4.340346e-10
1.11591512e-06	6.564461e-10
1.11702940e-06	5.188409e-10
1.11814480e-06	6.621068e-10
1.11926130e-06	4.482919e-10
1.12037893e-06	3.275490e-10
1.12149767e-06	6.834786e-10
1.12261752e-06	6.833656e-10
1.12373850e-06	6.603381e-10
1.12486059e-06	6.599721e-10
1.12598381e-06	6.678060e-10
1.12710815e-06	6.754701e-10
1.12823361e-06	4.487303e-10
1.12936019e-06	4.149908e-10
1.13048790e-06	6.675133e-10
1.13161673e-06	5.835391e-10
1.13274669e-06	7.185841e-10
1.13387778e-06	7.057831e-10
1.13501000e-06	6.455150e-10
1.13614335e-06	6.647479e-10
1.13727783e-06	6.829878e-10
1.13841345e-06	7.369195e-10
1.13955019e-06	7.368261e-10
1.14068808e-06	7.195243e-10
1.14182710e-06	6.210040e-10
1.14296725e-06	6.791864e-10
1.14410855e-06	4.654598e-10
1.14525098e-06	6.888968e-10
1.14639456e-06	5.667946e-10
1.14753928e-06	6.584698e-10
1.14868514e-06	5.721191e-10
1.14983214e-06	4.900422e-10
1.15098029e-06	6.133798e-10
1.15212959e-06	7.495697e-10
1.15328003e-06	5.039976e-10
1.15443162e-06	5.789353e-10
1.15558437e-06	6.260116e-10
1.15673826e-06	7.422107e-10
1.15789331e-06	6.486954e-10
1.15904951e-06	7.221241e-10
1.16020686e-06	6.997748e-10
1.16136537e-06	7.044784e-10
1.16252504e-06	3.870326e-10
1.16368586e-06	3.862859e-10
1.16484784e-06	6.433665e-10
1.16601099e-06	7.337192e-10
1.16717529e-06	6.705479e-10
1.16834076e-06	4.271069e-10
1.16950739e-06	4.577774e-10
1.17067519e-06	6.415249e-10
1.17184415e-06	7.819852e-10
1.17301428e-06	7.547637e-10
1.17418558e-06	7.128427e-10
1.17535805e-06	7.783904e-10
1.17653168e-06	6.697164e-10
1.17770650e-06	6.721082e-10
1.17888248e-06	6.179347e-10
1.18005964e-06	6.038304e-10
1.18123797e-06	7.275784e-10
1.18241748e-06	4.103955e-10
1.18359817e-06	6.746715e-10
1.18478003e-06	7.077468e-10
1.18596308e-06	5.090720e-10
1.18714731e-06	8.479286e-10
1.18833272e-06	7.996155e-10
1.18951931e-06	6.382222e-10
1.19070709e-06	6.735118e-10
1.19189606e-06	7.720667e-10
1.19308621e-06	8.605641e-10
1.19427755e-06	8.041192e-10
1.19547008e-06	8.703983e-10
1.19666380e-06	8.527588e-10
1.19785872e-06	8.460515e-10
1.19905482e-06	7.061582e-10
1.20025212e-06	8.938365e-10
1.20145062e-06	8.631242e-10
1.20265031e-06	8.428725e-10
1.20385120e-06	9.330015e-10
1.20505329e-06	8.348990e-10
1.20625658e-06	8.166668e-10
1.20746108e-06	8.987900e-10
1.20866677e-06	9.075029e-10
1.20987367e-06	6.804270e-10
1.21108177e-06	8.971739e-10
1.21229108e-06	8.289061e-10
1.21350160e-06	9.004460e-10
1.21471333e-06	9.346869e-10
1.21592626e-06	8.183447e-10
1.21714041e-06	9.180408e-10
1.21835577e-06	9.330223e-10
1.21957234e-06	9.841301e-10
1.22079013e-06	8.560771e-10
1.22200914e-06	9.613106e-10
1.22322936e-06	9.074398e-10
1.22445080e-06	9.663711e-10
1.22567346e-06	9.242965e-10
1.22689734e-06	9.380734e-10
1.22812244e-06	9.671693e-10
1.22934876e-06	9.206864e-10
1.23057631e-06	9.044470e-10
1.23180509e-06	8.738635e-10
1.23303509e-06	9.777030e-10
1.23426633e-06	9.440416e-10
1.23549879e-06	9.469100e-10
1.23673248e-06	8.950283e-10
1.23796740e-06	9.895483e-10
1.23920356e-06	1.012804e-09
1.24044095e-06	9.779546e-10
1.24167957e-06	1.037819e-09
1.24291944e-06	9.608465e-10
1.24416054e-06	9.977340e-10
1.24540288e-06	1.065472e-09
1.24664646e-06	1.062640e-09
1.24789128e-06	1.060886e-09
1.24913735e-06	1.068182e-09
1.25038466e-06	1.089195e-09
1.25163321e-06	1.070766e-09
1.25288301e-06	1.096963e-09
1.25413407e-06	1.083860e-09
1.25538636e-06	9.661087e-10
1.25663991e-06	1.084593e-09
1.25789472e-06	1.052993e-09
1.25915077e-06	1.114929e-09
1.26040808e-06	1.007995e-09
1.26166664e-06	1.098833e-09
1.26292646e-06	1.132340e-09
1.26418754e-06	1.120016e-09
1.26544988e-06	1.116704e-09
1.26671348e-06	1.143343e-09
1.26797834e-06	1.160327e-09
1.26924446e-06	1.114407e-09
1.27051185e-06	8.632426e-10
1.27178050e-06	1.158939e-09
1.27305042e-06	1.100865e-09
1.27432161e-06	1.185613e-09
1.27559407e-06	1.145817e-09
1.27686780e-06	1.117455e-09
1.27814280e-06	1.175193e-09
1.27941907e-06	1.102190e-09
1.28069662e-06	1.126203e-09
1.28197544e-06	1.109065e-09
1.28325554e-06	9.136731e-10
1.28453692e-06	1.119992e-09
1.28581958e-06	1.179209e-09
1.28710351e-06	1.201530e-09
1.28838874e-06	1.170510e-09
1.28967524e-06	1.053969e-09
1.29096303e-06	1.177598e-09
1.29225210e-06	1.160722e-09
1.29354246e-06	1.236097e-09
1.29483411e-06	1.079927e-09
1.29612705e-06	1.171060e-09
1.29742128e-06	1.143295e-09
1.29871681e-06	1.221330e-09
1.30001362e-06	1.258941e-09
1.30131174e-06	1.160086e-09
1.30261114e-06	1.167612e-09
1.30391185e-06	1.169906e-09
1.30521385e-06	1.208385e-09
1.30651716e-06	1.174808e-09
1.30782176e-06	1.176910e-09
1.30912767e-06	8.030147e-10
1.31043489e-06	1.038843e-09
1.31174340e-06	9.332414e-10
1.31305323e-06	1.214918e-09
1.31436436e-06	1.181185e-09
1.31567680e-06	1.224356e-09
1.31699055e-06	1.010171e-09
1.31830562e-06	1.159820e-09
1.31962199e-06	1.130647e-09
1.32093969e-06	1.105911e-09
1.32225869e-06	1.189939e-09
1.32357902e-06	1.187421e-09
1.32490066e-06	1.170454e-09
1.32622362e-06	1.013556e-09
1.32754791e-06	1.296564e-09
1.32887351e-06	1.012318e-09
1.33020044e-06	9.097970e-10
1.33152870e-06	1.175908e-09
1.33285828e-06	8.481099e-10
1.33418918e-06	1.045648e-09
1.33552142e-06	1.045203e-09
1.33685499e-06	8.530319e-10
1.33818989e-06	8.010752e-10
1.33952612e-06	1.048706e-09
1.34086369e-06	1.049411e-09
1.34220259e-06	1.199286e-09
1.34354283e-06	6.671669e-10
1.34488441e-06	5.605442e-10
1.34622732e-06	1.115692e-09
1.34757158e-06	8.102291e-10
1.34891718e-06	9.434855e-10
1.35026412e-06	6.900506e-10
1.35161241e-06	6.176335e-10
1.35296205e-06	8.210197e-10
1.35431303e-06	7.211161e-10
1.35566536e-06	6.287316e-10
1.35701905e-06	8.710335e-10
1.35837408e-06	6.027403e-10
1.35973047e-06	8.193125e-10
1.36108821e-06	5.829610e-10
1.36244730e-06	7.195720e-10
1.36380776e-06	9.318217e-10
1.36516957e-06	9.302098e-10
1.36653274e-06	8.100554e-10
1.36789728e-06	7.609509e-10
1.36926317e-06	7.064231e-10
1.37063043e-06	7.225173e-10
1.37199906e-06	9.177514e-10
1.37336905e-06	9.697968e-10
1.37474041e-06	8.799579e-10
1.37611314e-06	7.376558e-10
1.37748724e-06	1.123045e-09
1.37886271e-06	8.080643e-10
1.38023956e-06	7.920095e-10
1.38161778e-06	1.025910e-09
1.38299737e-06	8.457264e-10
1.38437835e-06	7.384044e-10
1.38576070e-06	7.087274e-10
1.38714443e-06	8.870145e-10
1.38852955e-06	1.009436e-09
1.38991605e-06	6.382172e-10
1.39130393e-06	9.774861e-10
1.39269320e-06	6.691151e-10
1.39408385e-06	1.075817e-09
1.39547590e-06	8.669145e-10
1.39686933e-06	8.002140e-10
1.39826416e-06	9.312522e-10
1.39966038e-06	6.604993e-10
1.40105799e-06	6.731910e-10
1.40245700e-06	1.000403e-09
1.40385740e-06	1.005869e-09
1.40525921e-06	7.018939e-10
1.40666241e-06	6.709062e-10
1.40806702e-06	9.856715e-10
1.40947302e-06	9.329250e-10
1.41088043e-06	7.517381e-10
1.41228925e-06	9.543429e-10
1.41369947e-06	8.026400e-10
1.41511110e-06	9.847786e-10
1.41652415e-06	1.120113e-09
1.41793860e-06	8.445717e-10
1.41935446e-06	8.030569e-10
1.42077174e-06	6.740682e-10
1.42219043e-06	7.834126e-10
1.42361054e-06	7.124285e-10
1.42503207e-06	8.338544e-10
1.42645502e-06	1.004293e-09
1.42787939e-06	8.407056e-10
1.42930518e-06	7.499182e-10
1.43073239e-06	9.695161e-10
1.43216103e-06	7.670433e-10
1.43359110e-06	9.538514e-10
1.43502259e-06	9.541400e-10
1.43645551e-06	8.567816e-10
1.43788987e-06	8.961482e-10
1.43932565e-06	9.820813e-10
1.44076287e-06	9.152040e-10
1.44220153e-06	9.493949e-10
1.44364162e-06	1.110180e-09
1.44508315e-06	8.476663e-10
1.44652612e-06	1.011803e-09
1.44797053e-06	8.779253e-10
1.44941638e-06	1.039832e-09
1.45086368e-06	7.864660e-10
1.45231242e-06	1.024184e-09
1.45376261e-06	8.578391e-10
1.45521424e-06	1.035762e-09
1.45666733e-06	7.275961e-10
1.45812186e-06	7.835785e-10
1.45957785e-06	7.935396e-10
1.46103529e-06	1.066166e-09
1.46249419e-06	8.750242e-10
1.46395455e-06	8.274498e-10
1.46541636e-06	1.181356e-09
1.46687963e-06	8.686073e-10
1.46834437e-06	9.740445e-10
1.46981056e-06	1.053633e-09
1.47127822e-06	1.046910e-09
1.47274735e-06	1.194054e-09
1.47421794e-06	8.274773e-10
1.47569000e-06	8.198282e-10
1.47716353e-06	9.861294e-10
1.47863854e-06	8.074498e-10
1.48011501e-06	9.249383e-10
1.48159296e-06	1.055052e-09
1.48307239e-06	1.272291e-09
1.48455329e-06	8.783035e-10
1.48603567e-06	9.411874e-10
1.48751953e-06	1.192122e-09
1.48900488e-06	1.188193e-09
1.49049170e-06	9.496880e-10
1.49198001e-06	1.132780e-09
1.49346981e-06	8.582668e-10
1.49496110e-06	1.350521e-09
1.49645387e-06	8.761333e-10
1.49794813e-06	1.290821e-09
1.49944389e-06	1.240637e-09
1.50094114e-06	1.063885e-09
1.50243989e-06	1.073988e-09
1.50394013e-06	1.028720e-09
1.50544187e-06	1.127803e-09
1.50694511e-06	1.028421e-09
1.50844985e-06	1.178606e-09
1.50995609e-06	1.087664e-09
1.51146384e-06	1.052564e-09
1.51297309e-06	1.346574e-09
1.51448385e-06	1.092283e-09
1.51599612e-06	1.337084e-09
1.51750990e-06	1.012042e-09
1.51902519e-06	9.291232e-10
1.52054199e-06	1.196497e-09
1.52206031e-06	1.034756e-09
1.52358014e-06	1.109861e-09
1.52510149e-06	1.117971e-09
1.52662436e-06	1.445251e-09
1.52814875e-06	1.087891e-09
1.52967467e-06	1.567287e-09
1.53120210e-06	9.278235e-10
1.53273107e-06	1.279567e-09
1.53426156e-06	1.036856e-09
1.53579357e-06	1.198549e-09
1.53732712e-06	9.381736e-10
1.53886220e-06	1.217985e-09
1.54039881e-06	1.377557e-09
1.54193695e-06	1.311524e-09
1.54347663e-06	1.386160e-09
1.54501785e-06	1.593749e-09
1.54656061e-06	1.070749e-09
1.54810491e-06	1.416510e-09
1.54965075e-06	1.290358e-09
1.55119813e-06	1.404881e-09
1.55274706e-06	1.395416e-09
1.55429754e-06	1.502271e-09
1.55584956e-06	1.455603e-09
1.55740313e-06	1.263480e-09
1.55895826e-06	1.456536e-09
1.56051494e-06	1.538574e-09
1.56207317e-06	1.519881e-09
1.56363296e-06	1.549351e-09
1.56519430e-06	1.214342e-09
1.56675721e-06	1.518629e-09
1.56832167e-06	1.496363e-09
1.56988770e-06	1.558925e-09
1.57145529e-06	1.413467e-09
1.57302445e-06	1.173064e-09
1.57459517e-06	1.526795e-09
1.57616746e-06	1.459644e-09
1.57774132e-06	1.644290e-09
1.57931676e-06	1.649774e-09
1.58089376e-06	1.667363e-09
1.58247234e-06	1.193244e-09
1.58405250e-06	1.492813e-09
1.58563424e-06	1.601520e-09
1.58721755e-06	1.489903e-09
1.58880245e-06	1.739671e-09
1.59038892e-06	1.241614e-09
1.59197699e-06	1.491583e-09
1.59356663e-06	1.719160e-09
1.59515787e-06	1.796981e-09
1.59675069e-06	1.671584e-09
1.59834511e-06	1.479125e-09
1.59994111e-06	1.656061e-09
1.60153872e-06	1.658722e-09
1.60313791e-06	1.583623e-09
1.60473870e-06	1.838414e-09
1.60634109e-06	1.710780e-09
1.60794509e-06	1.774767e-09
1.60955068e-06	1.762387e-09
1.61115787e-06	1.739550e-09
1.61276668e-06	1.721981e-09
1.61437708e-06	1.811278e-09
1.61598910e-06	1.712366e-09
1.61760272e-06	1.790814e-09
1.61921796e-06	1.685539e-09
1.62083481e-06	1.814185e-09
1.62245327e-06	1.755586e-09
1.62407335e-06	1.706177e-09
1.62569505e-06	1.802647e-09
1.62731837e-06	1.768503e-09
1.62894330e-06	1.882328e-09
1.63056986e-06	1.839886e-09
1.63219805e-06	1.190814e-09
1.63382786e-06	1.869332e-09
1.63545930e-06	1.768849e-09
1.63709236e-06	1.795536e-09
1.63872706e-06	1.822185e-09
1.64036339e-06	1.759350e-09
1.64200135e-06	2.000985e-09
1.64364095e-06	1.895193e-09
1.64528219e-06	1.839395e-09
1.64692506e-06	1.917436e-09
1.64856958e-06	1.876231e-09
1.65021574e-06	1.930320e-09
1.65186354e-06	1.835885e-09
1.65351299e-06	1.946888e-09
1.65516408e-06	1.939812e-09
1.65681682e-06	1.967138e-09
1.65847122e-06	1.935489e-09
1.66012726e-06	1.933311e-09
1.66178496e-06	1.897821e-09
1.66344431e-06	1.956820e-09
1.66510532e-06	1.978849e-09
1.66676799e-06	1.883597e-09
1.66843232e-06	1.959441e-09
1.67009831e-06	1.694910e-09
1.67176597e-06	1.728697e-09
1.67343529e-06	1.962854e-09
1.67510628e-06	1.917055e-09
1.67677893e-06	1.963906e-09
1.67845326e-06	1.762921e-09
1.68012926e-06	1.977690e-09
1.68180693e-06	2.092250e-09
1.68348627e-06	1.852872e-09
1.68516730e-06	1.883044e-09
1.68685000e-06	1.575696e-09
1.68853438e-06	2.004486e-09
1.69022045e-06	2.024299e-09
1.69190819e-06	1.772274e-09
1.69359763e-06	2.068278e-09
1.69528875e-06	1.700711e-09
1.69698156e-06	1.945576e-09
1.69867605e-06	2.051179e-09
1.70037225e-06	1.865106e-09
1.70207013e-06	2.006093e-09
1.70376971e-06	1.757354e-09
1.70547099e-06	1.951204e-09
1.70717396e-06	1.955668e-09
1.70887864e-06	1.989945e-09
1.71058502e-06	2.092413e-09
1.71229310e-06	1.987329e-09
1.71400289e-06	1.835633e-09
1.71571438e-06	1.700328e-09
1.71742759e-06	1.634418e-09
1.71914250e-06	1.741611e-09
1.72085913e-06	1.562680e-09
1.72257747e-06	1.675944e-09
1.72429753e-06	2.043484e-09
1.72601931e-06	1.992495e-09
1.72774280e-06	1.716817e-09
1.72946801e-06	1.565841e-09
1.73119495e-06	1.902721e-09
1.73292362e-06	1.867899e-09
1.73465400e-06	1.673277e-09
1.73638612e-06	1.908922e-09
1.73811997e-06	1.791319e-09
1.73985554e-06	1.468569e-09
1.74159285e-06	1.919513e-09
1.74333190e-06	1.906878e-09
1.74507268e-06	1.497892e-09
1.74681520e-06	1.171433e-09
1.74855946e-06	2.042801e-09
1.75030546e-06	1.261771e-09
1.75205321e-06	1.278036e-09
1.75380270e-06	1.650578e-09
1.75555393e-06	1.207559e-09
1.75730692e-06	1.335019e-09
1.75906165e-06	2.009768e-09
1.76081814e-06	1.908200e-09
1.76257638e-06	1.940348e-09
1.76433638e-06	1.784297e-09
1.76609814e-06	1.876204e-09
1.76786165e-06	1.190973e-09
1.76962693e-06	2.001857e-09
1.77139397e-06	1.739522e-09
1.77316277e-06	1.493181e-09
1.77493334e-06	1.532219e-09
1.77670567e-06	1.639354e-09
1.77847978e-06	1.367944e-09
1.78025566e-06	1.630152e-09
1.78203331e-06	1.363939e-09
1.78381274e-06	1.536240e-09
1.78559394e-06	1.892010e-09
1.78737692e-06	1.830884e-09
1.78916168e-06	1.660377e-09
1.79094823e-06	1.544759e-09
1.79273655e-06	1.467265e-09
1.79452667e-06	1.985203e-09
1.79631857e-06	1.226272e-09
1.79811226e-06	1.526566e-09
1.79990774e-06	1.832617e-09
1.80170502e-06	1.417384e-09
1.80350409e-06	1.385791e-09
1.80530495e-06	1.686239e-09
1.80710762e-06	1.324903e-09
1.80891208e-06	1.367971e-09
1.81071835e-06	1.292902e-09
1.81252641e-06	1.282941e-09
1.81433629e-06	1.530421e-09
1.81614797e-06	1.942425e-09
1.81796146e-06	1.522064e-09
1.81977676e-06	1.555802e-09
1.82159388e-06	1.498827e-09
1.82341281e-06	1.361687e-09
1.82523355e-06	1.567165e-09
1.82705612e-06	1.630271e-09
1.82888050e-06	1.291682e-09
1.83070670e-06	1.650097e-09
1.83253473e-06	1.304545e-09
1.83436459e-06	1.937258e-09
1.83619627e-06	1.309334e-09
1.83802978e-06	1.709294e-09
1.83986512e-06	1.295650e-09
1.84170229e-06	1.919074e-09
1.84354130e-06	1.350929e-09
1.84538214e-06	1.807668e-09
1.84722483e-06	1.341316e-09
1.84906935e-06	1.979018e-09
1.85091571e-06	1.759864e-09
1.85276392e-06	2.057301e-09
1.85461397e-06	1.726991e-09
1.85646588e-06	1.557607e-09
1.85831963e-06	1.657078e-09
1.86017523e-06	1.550319e-09
1.86203268e-06	1.609719e-09
1.86389199e-06	1.821106e-09
1.86575315e-06	1.761359e-09
1.86761618e-06	1.547603e-09
1.86948106e-06	1.933684e-09
1.87134781e-06	1.602635e-09
1.87321642e-06	1.597602e-09
1.87508689e-06	1.893953e-09
1.87695924e-06	1.826893e-09
1.87883345e-06	1.791048e-09
1.88070954e-06	1.990536e-09
1.88258749e-06	1.905235e-09
1.88446733e-06	1.891857e-09
1.88634904e-06	2.131478e-09
1.88823263e-06	1.733268e-09
1.89011810e-06	1.485828e-09
1.89200545e-06	1.891747e-09
1.89389469e-06	1.374688e-09
1.89578581e-06	2.079598e-09
1.89767882e-06	1.768058e-09
1.89957373e-06	1.858573e-09
1.90147052e-06	1.388240e-09
1.90336921e-06	1.474660e-09
1.90526980e-06	1.749600e-09
1.90717228e-06	1.449282e-09
1.90907666e-06	1.986052e-09
1.91098294e-06	1.739952e-09
1.91289113e-06	1.558443e-09
1.91480122e-06	2.004574e-09
1.91671322e-06	1.736239e-09
1.91862713e-06	1.881612e-09
1.92054295e-06	1.988306e-09
1.92246069e-06	1.649830e-09
1.92438033e-06	1.979018e-09
1.92630190e-06	1.665390e-09
1.92822538e-06	1.816919e-09
1.93015079e-06	1.996404e-09
1.93207812e-06	2.059392e-09
1.93400737e-06	1.752781e-09
1.93593855e-06	1.887974e-09
1.93787165e-06	1.763106e-09
1.93980669e-06	1.461502e-09
1.94174366e-06	2.110316e-09
1.94368256e-06	1.843090e-09
1.94562340e-06	1.851053e-09
1.94756618e-06	1.669366e-09
1.94951089e-06	1.834373e-09
1.95145755e-06	1.964557e-09
1.95340615e-06	1.447170e-09
1.95535670e-06	1.788090e-09
1.95730920e-06	1.710173e-09
1.95926364e-06	2.080817e-09
1.96122004e-06	1.855950e-09
1.96317839e-06	1.926775e-09
1.96513870e-06	1.605622e-09
1.96710096e-06	1.877110e-09
1.96906519e-06	1.954027e-09
1.97103137e-06	1.771755e-09
1.97299952e-06	1.688709e-09
1.97496963e-06	1.952278e-09
1.97694171e-06	1.811823e-09
1.97891576e-06	2.217356e-09
1.98089178e-06	1.911450e-09
1.98286978e-06	1.644995e-09
1.98484975e-06	1.615394e-09
1.98683169e-06	1.641887e-09
1.98881562e-06	2.156678e-09
1.99080152e-06	1.504906e-09
1.99278941e-06	1.657633e-09
1.99477929e-06	1.986238e-09
1.99677115e-06	1.704727e-09
1.99876500e-06	2.081550e-09
2.00076084e-06	2.107188e-09
2.00275867e-06	1.976106e-09
2.00475850e-06	1.944952e-09
2.00676033e-06	2.181868e-09
2.00876415e-06	1.494401e-09
2.01076998e-06	1.686827e-09
2.01277780e-06	2.010918e-09
2.01478764e-06	1.839798e-09
2.01679948e-06	1.610934e-09
2.01881333e-06	1.514028e-09
2.02082919e-06	1.980247e-09
2.02284706e-06	1.905157e-09
2.02486695e-06	1.659408e-09
2.02688885e-06	1.881452e-09
2.02891278e-06	1.785451e-09
2.03093872e-06	1.704359e-09
2.03296669e-06	1.785062e-09
2.03499668e-06	1.842744e-09
2.03702870e-06	1.963924e-09
2.03906275e-06	1.794307e-09
2.04109883e-06	1.957396e-09
2.04313694e-06	1.902262e-09
2.04517709e-06	2.224326e-09
2.04721927e-06	1.899296e-09
2.04926350e-06	2.154196e-09
2.05130976e-06	2.124354e-09
2.05335807e-06	1.722857e-09
2.05540843e-06	2.259186e-09
2.05746083e-06	2.047636e-09
2.05951528e-06	2.149344e-09
2.06157178e-06	1.692591e-09
2.06363034e-06	2.069454e-09
2.06569095e-06	2.170887e-09
2.06775362e-06	1.674444e-09
2.06981835e-06	2.308528e-09
2.07188514e-06	2.094395e-09
2.07395399e-06	2.076216e-09
2.07602491e-06	2.001955e-09
2.07809790e-06	2.131813e-09
2.08017296e-06	2.131244e-09
2.08225009e-06	2.317623e-09
2.08432929e-06	1.889130e-09
2.08641057e-06	1.812740e-09
2.08849393e-06	1.876901e-09
2.09057937e-06	1.954329e-09
2.09266689e-06	2.300980e-09
2.09475649e-06	1.957429e-09
2.09684818e-06	1.954570e-09
2.09894197e-06	2.122049e-09
2.10103784e-06	2.026630e-09
2.10313580e-06	2.193149e-09
2.10523586e-06	2.218009e-09
2.10733802e-06	1.987306e-09
2.10944227e-06	2.305957e-09
2.11154863e-06	1.908000e-09
2.11365709e-06	2.114623e-09
2.11576765e-06	2.274553e-09
2.11788032e-06	2.254854e-09
2.11999511e-06	1.999153e-09
2.12211200e-06	2.312534e-09
2.12423101e-06	2.388114e-09
2.12635213e-06	2.228677e-09
2.12847537e-06	1.890578e-09
2.13060073e-06	2.173121e-09
2.13272822e-06	2.243797e-09
2.13485783e-06	2.213205e-09
2.13698956e-06	2.008002e-09
2.13912342e-06	2.354390e-09
2.14125942e-06	2.127911e-09
2.14339754e-06	1.900225e-09
2.14553781e-06	2.367817e-09
2.14768021e-06	2.436282e-09
2.14982474e-06	2.053372e-09
2.15197142e-06	2.312970e-09
2.15412025e-06	2.234392e-09
2.15627122e-06	2.412780e-09
2.15842433e-06	2.481168e-09
2.16057960e-06	2.082914e-09
2.16273702e-06	2.423317e-09
2.16489659e-06	2.314241e-09
2.16705832e-06	2.394230e-09
2.16922221e-06	2.351918e-09
2.17138826e-06	2.063990e-09
2.17355647e-06	2.423878e-09
2.17572684e-06	2.051244e-09
2.17789939e-06	2.417629e-09
2.18007410e-06	2.332170e-09
2.18225099e-06	2.315572e-09
2.18443005e-06	2.091315e-09
2.18661128e-06	2.104860e-09
2.18879469e-06	2.439213e-09
2.19098028e-06	2.273350e-09
2.19316806e-06	2.441852e-09
2.19535802e-06	2.356420e-09
2.19755017e-06	2.351777e-09
2.19974450e-06	2.403243e-09
2.20194103e-06	2.362741e-09
2.20413975e-06	2.335826e-09
2.20634066e-06	2.366395e-09
2.20854377e-06	2.035717e-09
2.21074909e-06	2.120629e-09
2.21295660e-06	2.432288e-09
2.21516632e-06	2.390923e-09
2.21737825e-06	2.378060e-09
2.21959238e-06	1.798674e-09
2.22180873e-06	2.235151e-09
2.22402729e-06	2.466532e-09
2.22624806e-06	2.429343e-09
2.22847105e-06	2.426344e-09
2.23069626e-06	2.495570e-09
2.23292369e-06	1.847846e-09
2.23515335e-06	2.412215e-09
2.23738523e-06	2.431931e-09
2.23961935e-06	2.547532e-09
2.24185569e-06	1.899139e-09
2.24409427e-06	2.513058e-09
2.24633508e-06	2.398488e-09
2.24857813e-06	2.496697e-09
2.25082341e-06	2.373251e-09
2.25307094e-06	2.463691e-09
2.25532072e-06	2.392155e-09
2.25757274e-06	2.497519e-09
2.25982701e-06	2.468800e-09
2.26208353e-06	2.523884e-09
2.26434231e-06	2.255750e-09
2.26660334e-06	2.421443e-09
2.26886662e-06	2.483685e-09
2.27113217e-06	2.471142e-09
2.27339998e-06	2.369141e-09
2.27567005e-06	2.448960e-09
2.27794240e-06	2.436571e-09
2.28021700e-06	2.277105e-09
2.28249389e-06	2.210383e-09
2.28477304e-06	2.527385e-09
2.28705447e-06	2.416261e-09
2.28933818e-06	2.527234e-09
2.29162417e-06	2.262961e-09
2.29391244e-06	1.817920e-09
2.29620300e-06	2.390280e-09
2.29849584e-06	2.193843e-09
2.30079097e-06	2.414160e-09
2.30308840e-06	2.096920e-09
2.30538812e-06	2.404594e-09
2.30769013e-06	2.277301e-09
2.30999445e-06	2.181768e-09
2.31230106e-06	2.390289e-09
2.31460998e-06	2.480496e-09
2.31692121e-06	2.463862e-09
2.31923474e-06	2.469804e-09
2.32155058e-06	2.498966e-09
2.32386873e-06	2.470859e-09
2.32618920e-06	2.418154e-09
2.32851199e-06	2.146799e-09
2.33083709e-06	2.408348e-09
2.33316452e-06	2.265760e-09
2.33549427e-06	2.457840e-09
2.33782635e-06	2.422668e-09
2.34016076e-06	2.453199e-09
2.34249749e-06	2.375660e-09
2.34483656e-06	1.924809e-09
2.34717797e-06	2.501640e-09
2.34952171e-06	2.261550e-09
2.35186780e-06	2.490120e-09
2.35421623e-06	2.469168e-09
2.35656700e-06	2.434705e-09
2.35892012e-06	2.301714e-09
2.36127559e-06	2.418040e-09
2.36363341e-06	2.456762e-09
2.36599358e-06	2.470081e-09
2.36835612e-06	2.480695e-09
2.37072101e-06	2.380336e-09
2.37308826e-06	1.976225e-09
2.37545788e-06	2.301143e-09
2.37782986e-06	2.560742e-09
2.38020421e-06	2.434270e-09
2.38258093e-06	2.211299e-09
2.38496003e-06	2.284357e-09
2.38734150e-06	2.225732e-09
2.38972535e-06	2.423698e-09
2.39211158e-06	2.148527e-09
2.39450019e-06	2.383214e-09
2.39689119e-06	2.381792e-09
2.39928457e-06	2.502576e-09
2.40168035e-06	2.042101e-09
2.40407851e-06	2.166559e-09
2.40647907e-06	2.559235e-09
2.40888203e-06	2.223947e-09
2.41128739e-06	2.410190e-09
2.41369515e-06	2.155176e-09
2.41610531e-06	1.881431e-09
2.41851788e-06	2.297823e-09
2.42093286e-06	2.416250e-09
2.42335026e-06	1.875993e-09
2.42577006e-06	1.978700e-09
2.42819228e-06	2.148257e-09
2.43061692e-06	2.193521e-09
2.43304398e-06	2.401701e-09
2.43547347e-06	2.315854e-09
2.43790538e-06	1.932615e-09
2.44033972e-06	2.324956e-09
2.44277649e-06	2.449682e-09
2.44521569e-06	2.288328e-09
2.44765733e-06	2.185890e-09
2.45010140e-06	2.062160e-09
2.45254792e-06	2.174800e-09
2.45499688e-06	2.199376e-09
2.45744829e-06	2.504181e-09
2.45990214e-06	2.015018e-09
2.46235844e-06	2.451780e-09
2.46481720e-06	2.371518e-09
2.46727841e-06	2.461179e-09
2.46974208e-06	2.027545e-09
2.47220821e-06	2.270939e-09
2.47467680e-06	2.200387e-09
2.47714786e-06	2.184954e-09
2.47962138e-06	2.028727e-09
2.48209737e-06	2.201099e-09
2.48457584e-06	1.989628e-09
2.48705678e-06	1.906190e-09
2.48954020e-06	1.895573e-09
2.49202610e-06	2.103482e-09
2.49451448e-06	2.117158e-09
2.49700534e-06	2.038343e-09
2.49949870e-06	2.109920e-09
2.50199454e-06	2.440842e-09
2.50449287e-06	2.113682e-09
2.50699370e-06	2.110202e-09
2.50949703e-06	2.266326e-09
2.51200285e-06	1.908459e-09
2.51451118e-06	2.062356e-09
2.51702201e-06	2.253708e-09
2.51953535e-06	1.926579e-09
2.52205120e-06	2.201826e-09
2.52456956e-06	1.992090e-09
2.52709044e-06	2.198375e-09
2.52961383e-06	2.127688e-09
2.53213975e-06	2.226510e-09
2.53466818e-06	1.916974e-09
2.53719914e-06	2.277138e-09
2.53973263e-06	1.924891e-09
2.54226865e-06	2.146510e-09
2.54480720e-06	2.280687e-09
2.54734828e-06	2.265202e-09
2.54989190e-06	2.186364e-09
2.55243806e-06	2.138082e-09
2.55498677e-06	2.095761e-09
2.55753802e-06	2.243122e-09
2.56009181e-06	1.934234e-09
2.56264816e-06	1.946004e-09
2.56520706e-06	2.190588e-09
2.56776851e-06	1.935531e-09
2.57033253e-06	2.361770e-09
2.57289910e-06	2.292770e-09
2.57546823e-06	2.074593e-09
2.57803993e-06	1.944863e-09
2.58061420e-06	2.238567e-09
2.58319104e-06	1.997827e-09
2.58577045e-06	2.116793e-09
2.58835244e-06	2.069567e-09
2.59093701e-06	2.372576e-09
2.59352415e-06	2.102765e-09
2.59611388e-06	1.977414e-09
2.59870620e-06	2.228094e-09
2.60130110e-06	2.002411e-09
2.60389860e-06	2.117954e-09
2.60649869e-06	1.973341e-09
2.60910137e-06	1.976408e-09
2.61170666e-06	2.344881e-09
2.61431454e-06	2.396628e-09
2.61692503e-06	2.096014e-09
2.61953813e-06	2.392750e-09
2.62215384e-06	2.160831e-09
2.62477215e-06	2.339420e-09
2.62739309e-06	2.108660e-09
2.63001663e-06	2.463216e-09
2.63264280e-06	1.987026e-09
2.63527160e-06	2.293102e-09
2.63790301e-06	2.416971e-09
2.64053706e-06	1.977833e-09
2.64317373e-06	1.972723e-09
2.64581304e-06	1.985841e-09
2.64845498e-06	2.027414e-09
2.65109956e-06	2.016282e-09
2.65374678e-06	2.433881e-09
2.65639665e-06	2.307797e-09
2.65904916e-06	2.285339e-09
2.66170431e-06	2.401066e-09
2.66436213e-06	2.305328e-09
2.66702259e-06	2.144550e-09
2.66968571e-06	1.985979e-09
2.67235149e-06	2.402260e-09
2.67501993e-06	2.226464e-09
2.67769104e-06	2.142684e-09
2.68036481e-06	2.088836e-09
2.68304126e-06	2.006864e-09
2.68572037e-06	1.986129e-09
2.68840216e-06	2.319782e-09
2.69108663e-06	1.987697e-09
2.69377378e-06	1.990201e-09
2.69646362e-06	2.045257e-09
2.69915613e-06	2.446487e-09
2.70185134e-06	2.002712e-09
2.70454924e-06	1.995860e-09
2.70724983e-06	2.050814e-09
2.70995312e-06	2.061096e-09
2.71265911e-06	2.300018e-09
2.71536780e-06	1.997950e-09
2.71807920e-06	2.214202e-09
2.72079330e-06	2.139428e-09
2.72351011e-06	2.137498e-09
2.72622964e-06	2.142407e-09
2.72895188e-06	2.002108e-09
2.73167684e-06	2.009517e-09
2.73440452e-06	2.158958e-09
2.73713492e-06	2.308686e-09
2.73986805e-06	2.063958e-09
2.74260391e-06	2.421294e-09
2.74534251e-06	2.054042e-09
2.74808383e-06	2.007152e-09
2.75082790e-06	2.173659e-09
2.75357470e-06	2.402355e-09
2.75632425e-06	2.315329e-09
2.75907654e-06	2.537029e-09
2.76183158e-06	2.448422e-09
2.76458937e-06	2.072452e-09
2.76734991e-06	2.200856e-09
2.77011322e-06	2.019234e-09
2.77287928e-06	2.152390e-09
2.77564810e-06	2.352547e-09
2.77841969e-06	2.078665e-09
2.78119404e-06	2.071778e-09
2.78397117e-06	2.218221e-09
2.78675106e-06	2.075894e-09
2.78953374e-06	2.021050e-09
2.79231919e-06	2.030746e-09
2.79510743e-06	2.127470e-09
2.79789844e-06	2.026101e-09
2.80069225e-06	2.024205e-09
2.80348884e-06	2.040784e-09
2.80628823e-06	2.226409e-09
2.80909041e-06	2.034110e-09
2.81189540e-06	2.217843e-09
2.81470318e-06	2.028558e-09
2.81751376e-06	2.036030e-09
2.82032715e-06	2.137198e-09
2.82314336e-06	2.029037e-09
2.82596237e-06	2.063791e-09
2.82878420e-06	2.083698e-09
2.83160884e-06	2.086453e-09
2.83443631e-06	2.122192e-09
2.83726660e-06	2.033119e-09
2.84009972e-06	2.081802e-09
2.84293566e-06	2.123591e-09
2.84577444e-06	2.166806e-09
2.84861605e-06	2.049934e-09
2.85146050e-06	2.049704e-09
2.85430779e-06	2.214237e-09
2.85715792e-06	2.079038e-09
2.86001090e-06	2.291896e-09
2.86286672e-06	2.296239e-09
2.86572540e-06	2.039439e-09
2.86858693e-06	2.045975e-09
2.87145132e-06	2.095363e-09
2.87431857e-06	2.438278e-09
2.87718869e-06	2.059927e-09
2.88006167e-06	2.282851e-09
2.88293752e-06	2.059762e-09
2.88581624e-06	2.165560e-09
2.88869783e-06	2.065254e-09
2.89158230e-06	2.153296e-09
2.89446965e-06	2.145641e-09
2.89735989e-06	2.264206e-09
2.90025301e-06	2.075930e-09
2.90314902e-06	2.431792e-09
2.90604792e-06	2.219202e-09
2.90894972e-06	2.048916e-09
2.91185441e-06	2.067543e-09
2.91476201e-06	2.204172e-09
2.91767251e-06	2.196198e-09
2.92058591e-06	2.050206e-09
2.92350222e-06	2.179787e-09
2.92642145e-06	2.080520e-09
2.92934359e-06	2.298052e-09
2.93226865e-06	2.229933e-09
2.93519663e-06	2.218733e-09
2.93812753e-06	2.081252e-09
2.94106136e-06	2.348294e-09
2.94399812e-06	2.235200e-09
2.94693781e-06	2.219092e-09
2.94988043e-06	2.370509e-09
2.95282600e-06	2.547462e-09
2.95577451e-06	2.127988e-09
2.95872596e-06	2.191883e-09
2.96168035e-06	2.232835e-09
2.96463770e-06	2.351509e-09
2.96759800e-06	2.360425e-09
2.97056126e-06	2.082911e-09
2.97352747e-06	2.124784e-09
2.97649665e-06	2.272090e-09
2.97946879e-06	2.106503e-09
2.98244390e-06	2.068143e-09
2.98542198e-06	2.123801e-09
2.98840304e-06	2.301439e-09
2.99138707e-06	2.132658e-09
2.99437408e-06	2.163535e-09
2.99736407e-06	2.439010e-09
3.00035705e-06	2.214766e-09
3.00335302e-06	2.069877e-09
3.00635198e-06	2.199844e-09
3.00935393e-06	2.278537e-09
3.01235888e-06	2.265118e-09
3.01536684e-06	2.455252e-09
3.01837779e-06	2.145437e-09
3.02139175e-06	2.245256e-09
3.02440873e-06	2.163525e-09
3.02742871e-06	2.392417e-09
3.03045171e-06	2.201249e-09
3.03347773e-06	2.138508e-09
3.03650677e-06	2.238357e-09
3.03953883e-06	2.170983e-09
3.04257392e-06	2.082553e-09
3.04561205e-06	2.478629e-09
3.04865320e-06	2.184916e-09
3.05169740e-06	2.200761e-09
3.05474463e-06	2.255994e-09
3.05779491e-06	2.324264e-09
3.06084823e-06	2.175022e-09
3.06390460e-06	2.068928e-09
3.06696402e-06	2.150910e-09
3.07002650e-06	2.218282e-09
3.07309203e-06	2.075974e-09
3.07616063e-06	2.376616e-09
3.07923229e-06	2.242801e-09
3.08230702e-06	2.230712e-09
3.08538481e-06	2.178152e-09
3.08846569e-06	2.203542e-09
3.09154963e-06	2.161316e-09
3.09463666e-06	2.143228e-09
3.09772677e-06	2.174553e-09
3.10081996e-06	2.133744e-09
3.10391625e-06	2.261999e-09
3.10701562e-06	2.096898e-09
3.11011809e-06	2.175965e-09
3.11322366e-06	2.190532e-09
3.11633233e-06	2.257622e-09
3.11944410e-06	2.310776e-09
3.12255898e-06	2.118655e-09
3.12567698e-06	2.223711e-09
3.12879808e-06	2.274548e-09
3.13192230e-06	2.297972e-09
3.13504964e-06	2.180442e-09
3.13818010e-06	2.115394e-09
3.14131369e-06	2.112174e-09
3.14445041e-06	2.292353e-09
3.14759026e-06	2.295915e-09
3.15073325e-06	2.106122e-09
3.15387937e-06	2.173238e-09
3.15702864e-06	2.218154e-09
3.16018105e-06	2.143894e-09
3.16333660e-06	2.092971e-09
3.16649531e-06	2.310421e-09
3.16965718e-06	2.375197e-09
3.17282220e-06	2.202809e-09
3.17599038e-06	2.179489e-09
3.17916172e-06	2.100012e-09
3.18233623e-06	2.469113e-09
3.18551391e-06	2.253888e-09
3.18869477e-06	2.108965e-09
3.19187880e-06	2.257246e-09
3.19506601e-06	2.277660e-09
3.19825640e-06	2.194543e-09
3.20144997e-06	2.091017e-09
3.20464674e-06	2.096892e-09
3.20784670e-06	2.316145e-09
3.21104985e-06	2.119139e-09
3.21425621e-06	2.245942e-09
3.21746576e-06	2.221872e-09
3.22067852e-06	2.217659e-09
3.22389449e-06	2.112921e-09
3.22711366e-06	2.276262e-09
3.23033606e-06	2.372947e-09
3.23356167e-06	2.187157e-09
3.23679050e-06	2.126219e-09
3.24002255e-06	2.488843e-09
3.24325783e-06	2.113166e-09
3.24649635e-06	2.296321e-09
3.24973809e-06	2.303983e-09
3.25298308e-06	2.193682e-09
3.25623130e-06	2.415768e-09
3.25948277e-06	2.108512e-09
3.26273748e-06	2.478929e-09
3.26599545e-06	2.385249e-09
3.26925667e-06	2.119879e-09
3.27252114e-06	2.550714e-09
3.27578887e-06	2.127345e-09
3.27905987e-06	2.417324e-09
3.28233413e-06	2.177850e-09
3.28561167e-06	2.198500e-09
3.28889247e-06	2.445328e-09
3.29217655e-06	2.205348e-09
3.29546391e-06	2.397530e-09
3.29875455e-06	2.199951e-09
3.30204848e-06	2.584343e-09
3.30534570e-06	2.142958e-09
3.30864621e-06	2.167970e-09
3.31195002e-06	2.079079e-09
3.31525712e-06	2.225720e-09
3.31856753e-06	2.284327e-09
3.32188124e-06	2.411956e-09
3.32519826e-06	2.449691e-09
3.32851860e-06	2.172762e-09
3.33184225e-06	2.156092e-09
3.33516921e-06	2.456785e-09
3.33849950e-06	2.259928e-09
3.34183312e-06	2.265596e-09
3.34517006e-06	2.228028e-09
3.34851034e-06	2.317509e-09
3.35185395e-06	2.476974e-09
3.35520090e-06	2.292179e-09
3.35855119e-06	2.246462e-09
3.36190483e-06	2.287750e-09
3.36526182e-06	2.293950e-09
3.36862216e-06	2.465772e-09
3.37198585e-06	2.463491e-09
3.37535290e-06	2.545272e-09
3.37872332e-06	2.314456e-09
3.38209710e-06	2.307363e-09
3.38547425e-06	2.248984e-09
3.38885477e-06	2.445902e-09
3.39223867e-06	2.157925e-09
3.39562594e-06	2.369069e-09
3.39901660e-06	2.333338e-09
3.40241065e-06	2.364229e-09
3.40580808e-06	2.383181e-09
3.40920890e-06	2.230881e-09
3.41261313e-06	2.151503e-09
3.41602075e-06	2.295386e-09
3.41943177e-06	2.449731e-09
3.42284620e-06	2.335431e-09
3.42626404e-06	2.177483e-09
3.42968529e-06	2.214606e-09
3.43310996e-06	2.263359e-09
3.43653804e-06	2.121179e-09
3.43996956e-06	2.354554e-09
3.44340449e-06	2.332896e-09
3.44684286e-06	2.186840e-09
3.45028466e-06	2.327558e-09
3.45372990e-06	2.341304e-09
3.45717857e-06	2.271520e-09
3.46063070e-06	2.483144e-09
3.46408626e-06	2.319378e-09
3.46754528e-06	2.137416e-09
3.47100775e-06	2.088949e-09
3.47447368e-06	2.304118e-09
3.47794307e-06	2.123262e-09
3.48141593e-06	2.177504e-09
3.48489225e-06	2.107522e-09
3.48837205e-06	2.380489e-09
3.49185532e-06	2.292928e-09
3.49534206e-06	2.391358e-09
3.49883229e-06	2.484110e-09
3.50232600e-06	2.429767e-09
3.50582321e-06	2.504352e-09
3.50932390e-06	2.425233e-09
3.51282809e-06	2.351915e-09
3.51633578e-06	2.124486e-09
3.51984697e-06	2.370547e-09
3.52336167e-06	2.472991e-09
3.52687988e-06	2.082471e-09
3.53040160e-06	2.553686e-09
3.53392683e-06	2.462435e-09
3.53745559e-06	2.392769e-09
3.54098787e-06	2.370167e-09
3.54452368e-06	2.303535e-09
3.54806302e-06	2.551295e-09
3.55160589e-06	2.402798e-09
3.55515230e-06	2.406101e-09
3.55870225e-06	2.398033e-09
3.56225575e-06	2.462450e-09
3.56581279e-06	2.341504e-09
3.56937339e-06	2.427532e-09
3.57293754e-06	2.367133e-09
3.57650525e-06	2.334910e-09
3.58007652e-06	2.428783e-09
3.58365136e-06	2.501569e-09
3.58722977e-06	2.453550e-09
3.59081175e-06	2.437028e-09
3.59439731e-06	2.511544e-09
3.59798645e-06	2.114360e-09
3.60157917e-06	2.123494e-09
3.60517548e-06	2.452860e-09
3.60877538e-06	2.249741e-09
3.61237888e-06	2.202206e-09
3.61598597e-06	2.270198e-09
3.61959667e-06	2.478975e-09
3.62321097e-06	2.500757e-09
3.62682888e-06	2.213175e-09
3.63045040e-06	2.333895e-09
3.63407554e-06	2.256800e-09
3.63770430e-06	2.154754e-09
3.64133669e-06	2.489091e-09
3.64497270e-06	2.546655e-09
3.64861234e-06	2.400548e-09
3.65225561e-06	2.142560e-09
3.65590252e-06	2.609156e-09
3.65955308e-06	2.497139e-09
3.66320728e-06	2.397875e-09
3.66686512e-06	2.494091e-09
3.67052662e-06	2.475110e-09
3.67419178e-06	2.172943e-09
3.67786060e-06	2.369411e-09
3.68153308e-06	2.414228e-09
3.68520923e-06	2.604189e-09
3.68888904e-06	2.266952e-09
3.69257254e-06	2.523486e-09
3.69625971e-06	2.129906e-09
3.69995056e-06	2.293286e-09
3.70364510e-06	2.469388e-09
3.70734332e-06	2.265928e-09
3.71104524e-06	2.238736e-09
3.71475086e-06	2.469450e-09
3.71846018e-06	2.444915e-09
3.72217320e-06	2.295202e-09
3.72588992e-06	2.480151e-09
3.72961036e-06	2.468395e-09
3.73333452e-06	2.508777e-09
3.73706239e-06	2.500575e-09
3.74079399e-06	2.565776e-09
3.74452931e-06	2.428967e-09
3.74826836e-06	2.134093e-09
3.75201114e-06	2.501968e-09
3.75575766e-06	2.447136e-09
3.75950793e-06	2.556728e-09
3.76326194e-06	2.594111e-09
3.76701969e-06	2.589587e-09
3.77078120e-06	2.390929e-09
3.77454647e-06	2.477269e-09
3.77831549e-06	2.355739e-09
3.78208828e-06	2.231381e-09
3.78586483e-06	2.330427e-09
3.78964516e-06	2.650225e-09
3.79342926e-06	2.155970e-09
3.79721714e-06	2.638918e-09
3.80100880e-06	2.585097e-09
3.80480425e-06	2.544255e-09
3.80860349e-06	2.568200e-09
3.81240652e-06	2.615705e-09
3.81621335e-06	2.417547e-09
3.82002398e-06	2.647586e-09
3.82383842e-06	2.574110e-09
3.82765666e-06	2.630306e-09
3.83147872e-06	2.378238e-09
3.83530459e-06	2.634435e-09
3.83913428e-06	2.529362e-09
3.84296780e-06	2.617375e-09
3.84680515e-06	2.213695e-09
3.85064633e-06	2.393004e-09
3.85449134e-06	2.611202e-09
3.85834019e-06	2.516172e-09
3.86219289e-06	2.395997e-09
3.86604943e-06	2.369384e-09
3.86990982e-06	2.601247e-09
3.87377407e-06	2.481264e-09
3.87764218e-06	2.559275e-09
3.88151415e-06	2.629802e-09
3.88538998e-06	2.521845e-09
3.88926969e-06	2.574968e-09
3.89315327e-06	2.613613e-09
3.89704073e-06	2.388819e-09
3.90093207e-06	2.597391e-09
3.90482729e-06	2.609092e-09
3.90872641e-06	2.575474e-09
3.91262941e-06	2.571432e-09
3.91653632e-06	2.485633e-09
3.92044713e-06	2.294084e-09
3.92436184e-06	2.317839e-09
3.92828046e-06	2.610312e-09
3.93220299e-06	2.198874e-09
3.93612944e-06	2.493268e-09
3.94005981e-06	2.378522e-09
3.94399411e-06	2.606271e-09
3.94793233e-06	2.390666e-09
3.95187449e-06	2.355793e-09
3.95582058e-06	2.655967e-09
3.95977062e-06	2.469274e-09
3.96372460e-06	2.175008e-09
3.96768252e-06	2.443769e-09
3.97164440e-06	2.436495e-09
3.97561023e-06	2.246200e-09
3.97958003e-06	2.532863e-09
3.98355379e-06	2.462005e-09
3.98753151e-06	2.490371e-09
3.99151321e-06	2.240243e-09
3.99549888e-06	2.557217e-09
3.99948854e-06	2.181385e-09
4.00348217e-06	2.629364e-09
