2.99769222e-07	4.601593e-17
3.00068553e-07	1.031480e-16
3.00368182e-07	1.059996e-16
3.00668111e-07	1.089266e-16
3.00968339e-07	1.119309e-16
3.01268867e-07	1.150144e-16
3.01569695e-07	1.181792e-16
3.01870824e-07	1.214273e-16
3.02172253e-07	1.247607e-16
3.02473983e-07	1.281816e-16
3.02776015e-07	1.316921e-16
3.03078348e-07	1.352945e-16
3.03380983e-07	1.389910e-16
3.03683920e-07	1.427841e-16
3.03987160e-07	1.466760e-16
3.04290702e-07	1.506691e-16
3.04594547e-07	1.547661e-16
3.04898696e-07	1.589694e-16
3.05203149e-07	1.632817e-16
3.05507906e-07	1.677057e-16
3.05812967e-07	1.722440e-16
3.06118332e-07	1.768994e-16
3.06424003e-07	1.816749e-16
3.06729978e-07	1.865733e-16
3.07036260e-07	1.915977e-16
3.07342847e-07	1.967511e-16
3.07649740e-07	2.020366e-16
3.07956940e-07	2.074574e-16
3.08264446e-07	2.130168e-16
3.08572260e-07	2.187182e-16
3.08880380e-07	2.245649e-16
3.09188809e-07	2.305605e-16
3.09497545e-07	2.367085e-16
3.09806590e-07	2.430127e-16
3.10115944e-07	2.494767e-16
3.10425606e-07	2.561043e-16
3.10735577e-07	2.628995e-16
3.11045858e-07	2.698662e-16
3.11356449e-07	2.770086e-16
3.11667350e-07	2.843309e-16
3.11978561e-07	2.918371e-16
3.12290084e-07	2.995319e-16
3.12601917e-07	3.074195e-16
3.12914061e-07	3.155046e-16
3.13226518e-07	3.237918e-16
3.13539286e-07	3.322859e-16
3.13852367e-07	3.409916e-16
3.14165760e-07	3.499141e-16
3.14479466e-07	3.590583e-16
3.14793485e-07	3.684295e-16
3.15107818e-07	3.780329e-16
3.15422465e-07	3.878740e-16
3.15737426e-07	3.979582e-16
3.16052702e-07	4.082914e-16
3.16368292e-07	4.188791e-16
3.16684197e-07	4.297273e-16
3.17000418e-07	4.408420e-16
3.17316955e-07	4.522294e-16
3.17633808e-07	4.638958e-16
3.17950977e-07	4.758476e-16
3.18268463e-07	4.880912e-16
3.18586266e-07	5.006335e-16
3.18904386e-07	5.134813e-16
3.19222824e-07	5.266415e-16
3.19541579e-07	5.401213e-16
3.19860654e-07	5.539279e-16
3.20180046e-07	5.680688e-16
3.20499758e-07	5.825516e-16
3.20819789e-07	5.973840e-16
3.21140139e-07	6.125739e-16
3.21460810e-07	6.281295e-16
3.21781800e-07	6.440588e-16
3.22103111e-07	6.603705e-16
3.22424743e-07	6.770730e-16
3.22746696e-07	6.941752e-16
3.23068971e-07	7.116859e-16
3.23391567e-07	7.296144e-16
3.23714485e-07	7.479699e-16
3.24037726e-07	7.667620e-16
3.24361290e-07	7.860005e-16
3.24685177e-07	8.056951e-16
3.25009387e-07	8.258560e-16
3.25333921e-07	8.464937e-16
3.25658779e-07	8.676185e-16
3.25983961e-07	8.892412e-16
3.26309468e-07	9.113729e-16
3.26635300e-07	9.340247e-16
3.26961458e-07	9.572081e-16
3.27287941e-07	9.809346e-16
3.27614750e-07	1.005216e-15
3.27941886e-07	1.030065e-15
3.28269348e-07	1.055493e-15
3.28597137e-07	1.081514e-15
3.28925253e-07	1.108140e-15
3.29253697e-07	1.135384e-15
3.29582469e-07	1.163259e-15
3.29911570e-07	1.191780e-15
3.30240998e-07	1.220960e-15
3.30570756e-07	1.250813e-15
3.30900844e-07	1.281355e-15
3.31231260e-07	1.312599e-15
3.31562007e-07	1.344560e-15
3.31893084e-07	1.377255e-15
3.32224491e-07	1.410699e-15
3.32556230e-07	1.444907e-15
3.32888300e-07	1.479897e-15
3.33220701e-07	1.515684e-15
3.33553434e-07	1.552286e-15
3.33886500e-07	1.589720e-15
3.34219898e-07	1.628003e-15
3.34553629e-07	1.667154e-15
3.34887693e-07	1.707190e-15
3.35222091e-07	1.748131e-15
3.35556822e-07	1.789995e-15
3.35891888e-07	1.832802e-15
3.36227289e-07	1.876572e-15
3.36563024e-07	1.921324e-15
3.36899095e-07	1.967079e-15
3.37235501e-07	2.013859e-15
3.37572243e-07	2.061683e-15
3.37909321e-07	2.110575e-15
3.38246736e-07	2.160556e-15
3.38584488e-07	2.211649e-15
3.38922578e-07	2.263876e-15
3.39261004e-07	2.317262e-15
3.39599769e-07	2.371829e-15
3.39938872e-07	2.427603e-15
3.40278313e-07	2.484608e-15
3.40618094e-07	2.542869e-15
3.40958214e-07	2.602412e-15
3.41298673e-07	2.663263e-15
3.41639473e-07	2.725449e-15
3.41980612e-07	2.788996e-15
3.42322093e-07	2.853934e-15
3.42663914e-07	2.920288e-15
3.43006076e-07	2.988090e-15
3.43348581e-07	3.057367e-15
3.43691427e-07	3.128150e-15
3.44034616e-07	3.200468e-15
3.44378147e-07	3.274353e-15
3.44722021e-07	3.349836e-15
3.45066239e-07	3.426950e-15
3.45410800e-07	3.505726e-15
3.45755706e-07	3.586198e-15
3.46100956e-07	3.668399e-15
3.46446550e-07	3.752365e-15
3.46792490e-07	3.838130e-15
3.47138775e-07	3.925730e-15
3.47485406e-07	4.015201e-15
3.47832383e-07	4.106580e-15
3.48179707e-07	4.199905e-15
3.48527377e-07	4.295214e-15
3.48875395e-07	4.392547e-15
3.49223760e-07	4.491942e-15
3.49572472e-07	4.593440e-15
3.49921534e-07	4.697083e-15
3.50270943e-07	4.802912e-15
3.50620702e-07	4.910970e-15
3.50970809e-07	5.021300e-15
3.51321267e-07	5.133947e-15
3.51672074e-07	5.248955e-15
3.52023232e-07	5.366370e-15
3.52374740e-07	5.486238e-15
3.52726599e-07	5.608608e-15
3.53078810e-07	5.733527e-15
3.53431372e-07	5.861043e-15
3.53784286e-07	5.991208e-15
3.54137553e-07	6.124071e-15
3.54491173e-07	6.259684e-15
3.54845145e-07	6.398101e-15
3.55199471e-07	6.539372e-15
3.55554151e-07	6.683547e-15
3.55909185e-07	6.830691e-15
3.56264573e-07	6.980877e-15
3.56620317e-07	7.134127e-15
3.56976415e-07	7.290516e-15
3.57332870e-07	7.450100e-15
3.57689680e-07	7.612939e-15
3.58046846e-07	7.779101e-15
3.58404369e-07	7.948642e-15
3.58762249e-07	8.121625e-15
3.59120487e-07	8.298118e-15
3.59479082e-07	8.478184e-15
3.59838035e-07	8.661887e-15
3.60197347e-07	8.849289e-15
3.60557017e-07	9.040381e-15
3.60917046e-07	9.235510e-15
3.61277436e-07	9.434491e-15
3.61638184e-07	9.637440e-15
3.61999294e-07	9.844450e-15
3.62360763e-07	1.005557e-14
3.62722594e-07	1.027096e-14
3.63084786e-07	1.049063e-14
3.63447339e-07	1.071465e-14
3.63810255e-07	1.094314e-14
3.64173533e-07	1.117614e-14
3.64537174e-07	1.141378e-14
3.64901178e-07	1.165611e-14
3.65265545e-07	1.190322e-14
3.65630276e-07	1.215520e-14
3.65995372e-07	1.241215e-14
3.66360832e-07	1.267415e-14
3.66726656e-07	1.294128e-14
3.67092847e-07	1.321363e-14
3.67459402e-07	1.349134e-14
3.67826324e-07	1.377441e-14
3.68193613e-07	1.406307e-14
3.68561267e-07	1.435733e-14
3.68929290e-07	1.465731e-14
3.69297679e-07	1.496305e-14
3.69666437e-07	1.527481e-14
3.70035562e-07	1.559250e-14
3.70405056e-07	1.591645e-14
3.70774920e-07	1.624655e-14
3.71145152e-07	1.658300e-14
3.71515754e-07	1.692595e-14
3.71886726e-07	1.727541e-14
3.72258069e-07	1.763168e-14
3.72629783e-07	1.799483e-14
3.73001867e-07	1.836476e-14
3.73374323e-07	1.874183e-14
3.73747152e-07	1.912605e-14
3.74120352e-07	1.951751e-14
3.74493925e-07	1.991642e-14
3.74867871e-07	2.032288e-14
3.75242191e-07	2.073725e-14
3.75616884e-07	2.115908e-14
3.75991951e-07	2.158926e-14
3.76367393e-07	2.202735e-14
3.76743210e-07	2.247349e-14
3.77119402e-07	2.292757e-14
3.77495970e-07	2.339155e-14
3.77872913e-07	2.386352e-14
3.78250233e-07	2.434413e-14
3.78627930e-07	2.483387e-14
3.79006004e-07	2.533270e-14
3.79384456e-07	2.584074e-14
3.79763285e-07	2.635803e-14
3.80142493e-07	2.688540e-14
3.80522079e-07	2.742211e-14
3.80902045e-07	2.796888e-14
3.81282390e-07	2.852587e-14
3.81663114e-07	2.909238e-14
3.82044219e-07	2.966979e-14
3.82425704e-07	3.025873e-14
3.82807570e-07	3.085768e-14
3.83189818e-07	3.146774e-14
3.83572447e-07	3.208836e-14
3.83955458e-07	3.272123e-14
3.84338852e-07	3.336485e-14
3.84722629e-07	3.402026e-14
3.85106789e-07	3.468838e-14
3.85491332e-07	3.536814e-14
3.85876259e-07	3.606015e-14
3.86261571e-07	3.676469e-14
3.86647268e-07	3.748151e-14
3.87033349e-07	3.821202e-14
3.87419816e-07	3.895525e-14
3.87806669e-07	3.971162e-14
3.88193909e-07	4.048223e-14
3.88581535e-07	4.126515e-14
3.88969548e-07	4.206376e-14
3.89357948e-07	4.287644e-14
3.89746737e-07	4.370239e-14
3.90135913e-07	4.454469e-14
3.90525478e-07	4.540036e-14
3.90915433e-07	4.627158e-14
3.91305776e-07	4.715894e-14
3.91696509e-07	4.806264e-14
3.92087633e-07	4.898104e-14
3.92479147e-07	4.991586e-14
3.92871052e-07	5.086701e-14
3.93263348e-07	5.183545e-14
3.93656036e-07	5.282046e-14
3.94049116e-07	5.382217e-14
3.94442589e-07	5.484106e-14
3.94836455e-07	5.588044e-14
3.95230713e-07	5.693289e-14
3.95625366e-07	5.800716e-14
3.96020412e-07	5.910055e-14
3.96415854e-07	6.021595e-14
3.96811689e-07	6.134649e-14
3.97207921e-07	6.249743e-14
3.97604547e-07	6.366813e-14
3.98001570e-07	6.485860e-14
3.98398990e-07	6.606783e-14
3.98796806e-07	6.730247e-14
3.99195019e-07	6.855317e-14
3.99593630e-07	6.983190e-14
3.99992639e-07	7.112708e-14
4.00392047e-07	7.244556e-14
4.00791853e-07	7.378909e-14
4.01192059e-07	7.515283e-14
4.01592664e-07	7.654141e-14
4.01993669e-07	7.795197e-14
4.02395074e-07	7.938562e-14
4.02796881e-07	8.084661e-14
4.03199088e-07	8.233119e-14
4.03601698e-07	8.383797e-14
4.04004709e-07	8.537504e-14
4.04408123e-07	8.693490e-14
4.04811939e-07	8.851707e-14
4.05216159e-07	9.013432e-14
4.05620782e-07	9.177685e-14
4.06025810e-07	9.344355e-14
4.06431241e-07	9.513074e-14
4.06837078e-07	9.686203e-14
4.07243320e-07	9.861310e-14
4.07649967e-07	1.004000e-13
4.08057021e-07	1.022111e-13
4.08464481e-07	1.040536e-13
4.08872348e-07	1.059213e-13
4.09280622e-07	1.078292e-13
4.09689304e-07	1.097627e-13
4.10098394e-07	1.117289e-13
4.10507892e-07	1.137139e-13
4.10917800e-07	1.157585e-13
4.11328116e-07	1.177152e-13
4.11738843e-07	1.199178e-13
4.12149979e-07	1.220116e-13
4.12561526e-07	1.242145e-13
4.12973484e-07	1.264257e-13
4.13385854e-07	1.286681e-13
4.13798635e-07	1.309398e-13
4.14211828e-07	1.332444e-13
4.14625434e-07	1.355813e-13
4.15039453e-07	1.379912e-13
4.15453885e-07	1.404106e-13
4.15868731e-07	1.428743e-13
4.16283991e-07	1.453958e-13
4.16699666e-07	1.479352e-13
4.17115756e-07	1.505272e-13
4.17532262e-07	1.531486e-13
4.17949183e-07	1.558234e-13
4.18366521e-07	1.585363e-13
4.18784276e-07	1.612755e-13
4.19202447e-07	1.640871e-13
4.19621036e-07	1.668997e-13
4.20040044e-07	1.698324e-13
4.20459469e-07	1.727657e-13
4.20879314e-07	1.757261e-13
4.21299577e-07	1.787819e-13
4.21720260e-07	1.817719e-13
4.22141364e-07	1.849198e-13
4.22562887e-07	1.881527e-13
4.22984832e-07	1.912186e-13
4.23407198e-07	1.946199e-13
4.23829986e-07	1.979284e-13
4.24253196e-07	2.013331e-13
4.24676828e-07	2.048085e-13
4.25100884e-07	2.082891e-13
4.25525363e-07	2.118107e-13
4.25950266e-07	2.154360e-13
4.26375593e-07	2.190799e-13
4.26801345e-07	2.228093e-13
4.27227522e-07	2.265477e-13
4.27654124e-07	2.303903e-13
4.28081153e-07	2.342649e-13
4.28508608e-07	2.382259e-13
4.28936489e-07	2.421726e-13
4.29364798e-07	2.462182e-13
4.29793535e-07	2.504260e-13
4.30222700e-07	2.546234e-13
4.30652293e-07	2.588650e-13
4.31082315e-07	2.631874e-13
4.31512767e-07	2.676103e-13
4.31943648e-07	2.720598e-13
4.32374960e-07	2.765832e-13
4.32806703e-07	2.811564e-13
4.33238876e-07	2.857641e-13
4.33671481e-07	2.905570e-13
4.34104518e-07	2.953725e-13
4.34537988e-07	3.001984e-13
4.34971890e-07	3.051611e-13
4.35406226e-07	3.102240e-13
4.35840995e-07	3.152409e-13
4.36276198e-07	3.204904e-13
4.36711836e-07	3.256874e-13
4.37147909e-07	3.310417e-13
4.37584417e-07	3.365399e-13
4.38021362e-07	3.420273e-13
4.38458742e-07	3.475658e-13
4.38896560e-07	3.532698e-13
4.39334814e-07	3.589374e-13
4.39773506e-07	3.647856e-13
4.40212636e-07	3.707790e-13
4.40652205e-07	3.767876e-13
4.41092212e-07	3.828499e-13
4.41532659e-07	3.890232e-13
4.41973546e-07	3.952734e-13
4.42414873e-07	4.016742e-13
4.42856641e-07	4.079874e-13
4.43298849e-07	4.144999e-13
4.43741500e-07	4.213348e-13
4.44184592e-07	4.280759e-13
4.44628127e-07	4.349464e-13
4.45072105e-07	4.418914e-13
4.45516526e-07	4.489098e-13
4.45961390e-07	4.537841e-13
4.46406699e-07	4.633802e-13
4.46852453e-07	4.707537e-13
4.47298652e-07	4.781811e-13
4.47745296e-07	4.858500e-13
4.48192386e-07	4.935409e-13
4.48639923e-07	5.007277e-13
4.49087906e-07	5.091493e-13
4.49536337e-07	5.173282e-13
4.49985216e-07	5.254229e-13
4.50434543e-07	5.336829e-13
4.50884319e-07	5.420126e-13
4.51334543e-07	5.505316e-13
4.51785218e-07	5.590922e-13
4.52236342e-07	5.677925e-13
4.52687917e-07	5.767766e-13
4.53139942e-07	5.857612e-13
4.53592419e-07	5.949444e-13
4.54045348e-07	6.041216e-13
4.54498729e-07	6.130753e-13
4.54952563e-07	6.231487e-13
4.55406850e-07	6.328465e-13
4.55861591e-07	6.425531e-13
4.56316785e-07	6.525883e-13
4.56772435e-07	6.627330e-13
4.57228539e-07	6.728702e-13
4.57685098e-07	6.831792e-13
4.58142114e-07	6.936543e-13
4.58599586e-07	7.043198e-13
4.59057514e-07	7.150208e-13
4.59515900e-07	7.261616e-13
4.59974744e-07	7.372868e-13
4.60434046e-07	7.484071e-13
4.60893806e-07	7.597652e-13
4.61354026e-07	7.716115e-13
4.61814705e-07	7.833186e-13
4.62275844e-07	7.952015e-13
4.62737444e-07	8.071867e-13
4.63199504e-07	8.194944e-13
4.63662026e-07	8.318837e-13
4.64125010e-07	8.443659e-13
4.64588456e-07	8.568752e-13
4.65052364e-07	8.698461e-13
4.65516737e-07	8.825479e-13
4.65981572e-07	8.966076e-13
4.66446872e-07	9.097026e-13
4.66912637e-07	9.226750e-13
4.67378866e-07	9.373573e-13
4.67845561e-07	9.506642e-13
4.68312722e-07	9.657044e-13
4.68780350e-07	9.778431e-13
4.69248445e-07	9.947250e-13
4.69717007e-07	1.008744e-12
4.70186036e-07	1.024636e-12
4.70655535e-07	1.039363e-12
4.71125502e-07	1.051503e-12
4.71595938e-07	1.070798e-12
4.72066844e-07	1.086637e-12
4.72538220e-07	1.102420e-12
4.73010067e-07	1.118844e-12
4.73482385e-07	1.135458e-12
4.73955175e-07	1.150015e-12
4.74428437e-07	1.168905e-12
4.74902171e-07	1.185420e-12
4.75376378e-07	1.202482e-12
4.75851059e-07	1.219766e-12
4.76326214e-07	1.238945e-12
4.76801844e-07	1.257577e-12
4.77277948e-07	1.274490e-12
4.77754528e-07	1.292705e-12
4.78231583e-07	1.312452e-12
4.78709115e-07	1.331830e-12
4.79187124e-07	1.350871e-12
4.79665610e-07	1.369960e-12
4.80144574e-07	1.387154e-12
4.80624016e-07	1.410588e-12
4.81103937e-07	1.430303e-12
4.81584337e-07	1.451287e-12
4.82065217e-07	1.471439e-12
4.82546577e-07	1.494399e-12
4.83028417e-07	1.513111e-12
4.83510739e-07	1.528278e-12
4.83993543e-07	1.554333e-12
4.84476828e-07	1.574723e-12
4.84960596e-07	1.600726e-12
4.85444847e-07	1.624222e-12
4.85929582e-07	1.649533e-12
4.86414801e-07	1.672373e-12
4.86900504e-07	1.696367e-12
4.87386692e-07	1.720080e-12
4.87873366e-07	1.730521e-12
4.88360525e-07	1.770467e-12
4.88848171e-07	1.793868e-12
4.89336304e-07	1.818581e-12
4.89824925e-07	1.827931e-12
4.90314033e-07	1.871615e-12
4.90803630e-07	1.895673e-12
4.91293716e-07	1.925033e-12
4.91784291e-07	1.952481e-12
4.92275355e-07	1.979220e-12
4.92766911e-07	2.005993e-12
4.93258957e-07	2.036871e-12
4.93751494e-07	2.064518e-12
4.94244523e-07	2.087847e-12
4.94738045e-07	2.121099e-12
4.95232059e-07	2.151010e-12
4.95726566e-07	2.181694e-12
4.96221568e-07	2.210763e-12
4.96717063e-07	2.241010e-12
4.97213054e-07	2.269738e-12
4.97709539e-07	2.303120e-12
4.98206521e-07	2.336808e-12
4.98703999e-07	2.367619e-12
4.99201973e-07	2.397854e-12
4.99700445e-07	2.432703e-12
5.00199414e-07	2.469205e-12
5.00698882e-07	2.504779e-12
5.01198848e-07	2.535430e-12
5.01699314e-07	2.570549e-12
5.02200279e-07	2.603030e-12
5.02701745e-07	2.643429e-12
5.03203711e-07	2.672857e-12
5.03706178e-07	2.711820e-12
5.04209148e-07	2.753631e-12
5.04712619e-07	2.786745e-12
5.05216594e-07	2.828792e-12
5.05721071e-07	2.860749e-12
5.06226052e-07	2.905816e-12
5.06731538e-07	2.937851e-12
5.07237528e-07	2.979681e-12
5.07744023e-07	3.025083e-12
5.08251025e-07	3.058323e-12
5.08758532e-07	3.094681e-12
5.09266546e-07	3.147982e-12
5.09775068e-07	3.191431e-12
5.10284097e-07	3.229574e-12
5.10793635e-07	3.243592e-12
5.11303681e-07	3.313674e-12
5.11814237e-07	3.354662e-12
5.12325302e-07	3.380482e-12
5.12836878e-07	3.441843e-12
5.13348965e-07	3.483602e-12
5.13861563e-07	3.540566e-12
5.14374672e-07	3.580383e-12
5.14888295e-07	3.645763e-12
5.15402430e-07	3.691122e-12
5.15917078e-07	3.741988e-12
5.16432240e-07	3.787262e-12
5.16947917e-07	3.834514e-12
5.17464109e-07	3.886904e-12
5.17980816e-07	3.939949e-12
5.18498039e-07	3.999523e-12
5.19015778e-07	4.048499e-12
5.19534035e-07	4.107239e-12
5.20052809e-07	4.160979e-12
5.20572101e-07	4.207176e-12
5.21091911e-07	4.268835e-12
5.21612241e-07	4.321299e-12
5.22133090e-07	4.386606e-12
5.22654459e-07	4.438013e-12
5.23176349e-07	4.492136e-12
5.23698760e-07	4.556164e-12
5.24221693e-07	4.580497e-12
5.24745148e-07	4.668103e-12
5.25269125e-07	4.736159e-12
5.25793626e-07	4.799635e-12
5.26318650e-07	4.863856e-12
5.26844199e-07	4.913595e-12
5.27370272e-07	4.983284e-12
5.27896871e-07	5.011110e-12
5.28423996e-07	5.121123e-12
5.28951647e-07	5.183225e-12
5.29479824e-07	5.239639e-12
5.30008530e-07	5.320070e-12
5.30537763e-07	5.387098e-12
5.31067524e-07	5.449617e-12
5.31597815e-07	5.525489e-12
5.32128635e-07	5.599010e-12
5.32659985e-07	5.658276e-12
5.33191866e-07	5.732432e-12
5.33724278e-07	5.811218e-12
5.34257221e-07	5.879102e-12
5.34790697e-07	5.958217e-12
5.35324705e-07	6.038379e-12
5.35859247e-07	6.105637e-12
5.36394322e-07	6.160556e-12
5.36929932e-07	6.273657e-12
5.37466076e-07	6.347081e-12
5.38002756e-07	6.436010e-12
5.38539972e-07	6.504673e-12
5.39077724e-07	6.558995e-12
5.39616013e-07	6.585062e-12
5.40154839e-07	6.714597e-12
5.40694204e-07	6.816796e-12
5.41234107e-07	6.920564e-12
5.41774550e-07	6.975910e-12
5.42315532e-07	7.022870e-12
5.42857054e-07	7.136469e-12
5.43399117e-07	7.160202e-12
5.43941721e-07	7.222922e-12
5.44484867e-07	7.440611e-12
5.45028555e-07	7.528492e-12
5.45572786e-07	7.647273e-12
5.46117561e-07	7.702122e-12
5.46662879e-07	7.751154e-12
5.47208743e-07	7.903519e-12
5.47755151e-07	8.017084e-12
5.48302105e-07	8.079748e-12
5.48849605e-07	8.223233e-12
5.49397651e-07	8.322969e-12
5.49946245e-07	8.442058e-12
5.50495387e-07	8.503544e-12
5.51045077e-07	8.656088e-12
5.51595316e-07	8.677291e-12
5.52146104e-07	8.875614e-12
5.52697443e-07	8.891372e-12
5.53249331e-07	9.062872e-12
5.53801771e-07	9.033147e-12
5.54354763e-07	9.262400e-12
5.54908307e-07	9.427238e-12
5.55462403e-07	9.510465e-12
5.56017053e-07	9.626971e-12
5.56572257e-07	9.648245e-12
5.57128015e-07	9.821641e-12
5.57684328e-07	9.933954e-12
5.58241196e-07	1.013037e-11
5.58798621e-07	1.026387e-11
5.59356602e-07	1.037269e-11
5.59915140e-07	1.049548e-11
5.60474236e-07	1.058857e-11
5.61033890e-07	1.074006e-11
5.61594104e-07	1.083743e-11
5.62154876e-07	1.103273e-11
5.62716209e-07	1.112498e-11
5.63278102e-07	1.128021e-11
5.63840556e-07	1.136988e-11
5.64403571e-07	1.153595e-11
5.64967149e-07	1.170284e-11
5.65531290e-07	1.179952e-11
5.66095994e-07	1.188121e-11
5.66661262e-07	1.209280e-11
5.67227094e-07	1.220263e-11
5.67793491e-07	1.225417e-11
5.68360454e-07	1.194374e-11
5.68927983e-07	1.253134e-11
5.69496079e-07	1.271931e-11
5.70064741e-07	1.286382e-11
5.70633972e-07	1.296147e-11
5.71203771e-07	1.307670e-11
5.71774140e-07	1.311216e-11
5.72345077e-07	1.336495e-11
5.72916585e-07	1.372850e-11
5.73488663e-07	1.390033e-11
5.74061313e-07	1.399069e-11
5.74634535e-07	1.407294e-11
5.75208328e-07	1.422787e-11
5.75782695e-07	1.450235e-11
5.76357636e-07	1.460311e-11
5.76933150e-07	1.486577e-11
5.77509239e-07	1.499430e-11
5.78085904e-07	1.488666e-11
5.78663144e-07	1.525311e-11
5.79240960e-07	1.525233e-11
5.79819354e-07	1.568189e-11
5.80398325e-07	1.555777e-11
5.80977874e-07	1.597939e-11
5.81558002e-07	1.578253e-11
5.82138709e-07	1.650623e-11
5.82719997e-07	1.653962e-11
5.83301864e-07	1.679802e-11
5.83884313e-07	1.668165e-11
5.84467343e-07	1.691457e-11
5.85050955e-07	1.719064e-11
5.85635150e-07	1.753902e-11
5.86219928e-07	1.739690e-11
5.86805291e-07	1.707795e-11
5.87391238e-07	1.801139e-11
5.87977770e-07	1.813499e-11
5.88564887e-07	1.827450e-11
5.89152591e-07	1.671848e-11
5.89740882e-07	1.825144e-11
5.90329760e-07	1.793539e-11
5.90919226e-07	1.901400e-11
5.91509281e-07	1.935139e-11
5.92099925e-07	1.891139e-11
5.92691158e-07	1.962936e-11
5.93282982e-07	1.980175e-11
5.93875397e-07	1.996515e-11
5.94468404e-07	2.016890e-11
5.95062003e-07	2.026079e-11
5.95656194e-07	2.088442e-11
5.96250979e-07	2.095426e-11
5.96846358e-07	2.005522e-11
5.97442331e-07	2.128810e-11
5.98038899e-07	2.146629e-11
5.98636063e-07	2.208255e-11
5.99233823e-07	2.171259e-11
5.99832181e-07	2.246298e-11
6.00431135e-07	2.042244e-11
6.01030688e-07	2.281255e-11
6.01630839e-07	2.289868e-11
6.02231590e-07	2.292406e-11
6.02832941e-07	2.377437e-11
6.03434892e-07	2.413833e-11
6.04037444e-07	2.360362e-11
6.04640598e-07	2.350698e-11
6.05244354e-07	2.435775e-11
6.05848713e-07	2.456184e-11
6.06453675e-07	2.491207e-11
6.07059241e-07	2.562920e-11
6.07665413e-07	2.578251e-11
6.08272189e-07	2.637965e-11
6.08879571e-07	2.691808e-11
6.09487560e-07	2.707391e-11
6.10096156e-07	2.747991e-11
6.10705360e-07	2.711231e-11
6.11315172e-07	2.808495e-11
6.11925592e-07	2.833328e-11
6.12536623e-07	2.822435e-11
6.13148263e-07	2.915116e-11
6.13760515e-07	2.910595e-11
6.14373377e-07	2.871179e-11
6.14986852e-07	2.984477e-11
6.15600939e-07	3.033230e-11
6.16215639e-07	3.035916e-11
6.16830953e-07	2.991846e-11
6.17446882e-07	3.112786e-11
6.18063426e-07	3.145263e-11
6.18680585e-07	3.201967e-11
6.19298360e-07	3.187275e-11
6.19916753e-07	3.196744e-11
6.20535763e-07	3.284783e-11
6.21155390e-07	3.270088e-11
6.21775637e-07	3.397627e-11
6.22396503e-07	3.398397e-11
6.23017989e-07	3.459609e-11
6.23640096e-07	3.423288e-11
6.24262823e-07	3.490546e-11
6.24886173e-07	3.530678e-11
6.25510145e-07	3.590343e-11
6.26134740e-07	3.520918e-11
6.26759959e-07	3.557325e-11
6.27385802e-07	3.636118e-11
6.28012270e-07	3.613601e-11
6.28639363e-07	3.673187e-11
6.29267083e-07	3.845479e-11
6.29895429e-07	3.814072e-11
6.30524403e-07	3.799901e-11
6.31154005e-07	3.857921e-11
6.31784236e-07	3.884433e-11
6.32415096e-07	3.846908e-11
6.33046586e-07	3.787903e-11
6.33678706e-07	4.104080e-11
6.34311458e-07	4.139161e-11
6.34944842e-07	4.139068e-11
6.35578858e-07	4.221419e-11
6.36213507e-07	4.287878e-11
6.36848789e-07	4.302373e-11
6.37484706e-07	4.208810e-11
6.38121259e-07	4.303343e-11
6.38758446e-07	4.314808e-11
6.39396270e-07	4.467261e-11
6.40034731e-07	4.499654e-11
6.40673830e-07	4.502492e-11
6.41313566e-07	4.504139e-11
6.41953941e-07	4.588159e-11
6.42594956e-07	4.672278e-11
6.43236611e-07	4.562521e-11
6.43878907e-07	4.630527e-11
6.44521844e-07	4.468038e-11
6.45165423e-07	4.737817e-11
6.45809644e-07	4.808264e-11
6.46454509e-07	4.776302e-11
6.47100018e-07	4.620048e-11
6.47746171e-07	4.622405e-11
6.48392970e-07	4.835978e-11
6.49040414e-07	5.087695e-11
6.49688505e-07	5.002638e-11
6.50337243e-07	5.178711e-11
6.50986629e-07	5.168258e-11
6.51636663e-07	4.819089e-11
6.52287347e-07	5.025750e-11
6.52938680e-07	5.037852e-11
6.53590663e-07	5.238977e-11
6.54243298e-07	5.302763e-11
6.54896584e-07	5.464121e-11
6.55550522e-07	5.422249e-11
6.56205114e-07	5.195017e-11
6.56860359e-07	5.346290e-11
6.57516258e-07	5.132086e-11
6.58172813e-07	5.629932e-11
6.58830023e-07	3.822955e-11
6.59487889e-07	5.158329e-11
6.60146412e-07	5.695115e-11
6.60805592e-07	6.026239e-11
6.61465431e-07	5.856231e-11
6.62125929e-07	6.055772e-11
6.62787086e-07	3.834042e-11
6.63448904e-07	5.066968e-11
6.64111382e-07	6.192219e-11
6.64774522e-07	5.717416e-11
6.65438324e-07	6.193256e-11
6.66102789e-07	6.324584e-11
6.66767917e-07	6.093621e-11
6.67433710e-07	6.052572e-11
6.68100167e-07	6.398492e-11
6.68767290e-07	6.558424e-11
6.69435079e-07	6.653105e-11
6.70103534e-07	6.753989e-11
6.70772657e-07	6.480409e-11
6.71442449e-07	6.949688e-11
6.72112909e-07	6.738732e-11
6.72784039e-07	7.073766e-11
6.73455838e-07	7.128332e-11
6.74128309e-07	6.575058e-11
6.74801451e-07	6.554221e-11
6.75475265e-07	7.060272e-11
6.76149752e-07	7.420205e-11
6.76824913e-07	6.882074e-11
6.77500748e-07	7.361987e-11
6.78177257e-07	7.489923e-11
6.78854443e-07	7.453855e-11
6.79532304e-07	7.483102e-11
6.80210842e-07	7.678381e-11
6.80890058e-07	7.764033e-11
6.81569952e-07	7.565840e-11
6.82250525e-07	7.673595e-11
6.82931777e-07	8.112107e-11
6.83613710e-07	8.029754e-11
6.84296323e-07	8.117330e-11
6.84979619e-07	8.285571e-11
6.85663596e-07	8.115683e-11
6.86348257e-07	8.365875e-11
6.87033601e-07	8.435019e-11
6.87719629e-07	5.997474e-11
6.88406343e-07	7.976238e-11
6.89093742e-07	8.414162e-11
6.89781828e-07	8.357572e-11
6.90470600e-07	8.184219e-11
6.91160061e-07	7.745831e-11
6.91850210e-07	7.546458e-11
6.92541048e-07	6.094516e-11
6.93232576e-07	7.582426e-11
6.93924794e-07	8.098849e-11
6.94617704e-07	7.890937e-11
6.95311305e-07	8.165659e-11
6.96005599e-07	8.335339e-11
6.96700587e-07	8.235287e-11
6.97396268e-07	8.464141e-11
6.98092644e-07	8.703461e-11
6.98789716e-07	8.995820e-11
6.99487483e-07	9.158914e-11
7.00185947e-07	8.563910e-11
7.00885109e-07	8.675696e-11
7.01584968e-07	9.272285e-11
7.02285527e-07	9.005494e-11
7.02986785e-07	8.310675e-11
7.03688744e-07	9.070918e-11
7.04391403e-07	8.816915e-11
7.05094764e-07	8.658887e-11
7.05798827e-07	9.830527e-11
7.06503593e-07	9.688805e-11
7.07209063e-07	8.269611e-11
7.07915238e-07	9.616872e-11
7.08622117e-07	9.483935e-11
7.09329703e-07	8.152969e-11
7.10037995e-07	9.487465e-11
7.10746994e-07	8.803368e-11
7.11456701e-07	9.917190e-11
7.12167117e-07	8.363209e-11
7.12878242e-07	9.442829e-11
7.13590078e-07	9.446801e-11
7.14302624e-07	8.487295e-11
7.15015881e-07	9.335846e-11
7.15729851e-07	8.518729e-11
7.16444534e-07	8.360676e-11
7.17159931e-07	9.034912e-11
7.17876041e-07	8.664638e-11
7.18592867e-07	8.874748e-11
7.19310409e-07	8.739416e-11
7.20028667e-07	8.941379e-11
7.20747642e-07	8.497430e-11
7.21467335e-07	7.643579e-11
7.22187747e-07	9.134509e-11
7.22908878e-07	9.246396e-11
7.23630730e-07	7.259787e-11
7.24353302e-07	8.478308e-11
7.25076595e-07	9.219442e-11
7.25800611e-07	8.693673e-11
7.26525350e-07	8.851260e-11
7.27250813e-07	9.338626e-11
7.27976999e-07	9.972847e-11
7.28703911e-07	9.677552e-11
7.29431549e-07	9.092985e-11
7.30159914e-07	8.521998e-11
7.30889005e-07	8.484572e-11
7.31618825e-07	1.031942e-10
7.32349374e-07	8.761641e-11
7.33080652e-07	1.008476e-10
7.33812660e-07	1.017761e-10
7.34545399e-07	1.036688e-10
7.35278870e-07	1.028389e-10
7.36013073e-07	1.009786e-10
7.36748009e-07	7.858667e-11
7.37483680e-07	1.029610e-10
7.38220084e-07	9.943317e-11
7.38957224e-07	1.072120e-10
7.39695101e-07	1.177840e-10
7.40433714e-07	9.955770e-11
7.41173064e-07	1.036080e-10
7.41913153e-07	8.377566e-11
7.42653981e-07	1.102302e-10
7.43395548e-07	1.161565e-10
7.44137856e-07	4.099389e-11
7.44880905e-07	1.147685e-10
7.45624697e-07	7.311519e-11
7.46369230e-07	1.072901e-10
7.47114508e-07	1.001907e-10
7.47860529e-07	1.195384e-10
7.48607296e-07	1.114205e-10
7.49354808e-07	1.228592e-10
7.50103066e-07	1.213167e-10
7.50852072e-07	1.014691e-10
7.51601826e-07	1.101746e-10
7.52352328e-07	1.149848e-10
7.53103580e-07	1.104287e-10
7.53855582e-07	1.189807e-10
7.54608334e-07	1.248155e-10
7.55361839e-07	1.249521e-10
7.56116095e-07	1.234743e-10
7.56871105e-07	1.199077e-10
7.57626869e-07	1.262424e-10
7.58383388e-07	1.298528e-10
7.59140662e-07	1.184757e-10
7.59898692e-07	1.289117e-10
7.60657479e-07	1.255077e-10
7.61417023e-07	1.361539e-10
7.62177326e-07	1.409893e-10
7.62938389e-07	1.455313e-10
7.63700211e-07	1.473635e-10
7.64462794e-07	1.454868e-10
7.65226138e-07	1.325701e-10
7.65990245e-07	1.464804e-10
7.66755115e-07	1.481471e-10
7.67520748e-07	1.433724e-10
7.68287146e-07	1.533900e-10
7.69054309e-07	1.460668e-10
7.69822238e-07	1.392970e-10
7.70590934e-07	1.341969e-10
7.71360398e-07	1.478691e-10
7.72130630e-07	1.392701e-10
7.72901631e-07	1.623794e-10
7.73673402e-07	1.523766e-10
7.74445944e-07	1.594510e-10
7.75219257e-07	1.586883e-10
7.75993342e-07	1.630198e-10
7.76768200e-07	1.610854e-10
7.77543832e-07	1.542519e-10
7.78320238e-07	1.637913e-10
7.79097420e-07	1.476748e-10
7.79875377e-07	1.651182e-10
7.80654112e-07	1.717738e-10
7.81433624e-07	1.690203e-10
7.82213914e-07	1.723093e-10
7.82994984e-07	1.740329e-10
7.83776833e-07	1.582400e-10
7.84559463e-07	1.667421e-10
7.85342875e-07	1.725899e-10
7.86127069e-07	1.764778e-10
7.86912046e-07	1.591146e-10
7.87697807e-07	1.788309e-10
7.88484352e-07	1.728882e-10
7.89271683e-07	1.731345e-10
7.90059800e-07	1.745849e-10
7.90848704e-07	1.845091e-10
7.91638396e-07	1.856958e-10
7.92428876e-07	1.884721e-10
7.93220146e-07	1.885036e-10
7.94012205e-07	1.902881e-10
7.94805056e-07	1.888472e-10
7.95598698e-07	1.916398e-10
7.96393133e-07	1.850745e-10
7.97188361e-07	1.998067e-10
7.97984383e-07	1.910429e-10
7.98781200e-07	1.945822e-10
7.99578813e-07	1.967619e-10
8.00377222e-07	1.883437e-10
8.01176428e-07	1.986452e-10
8.01976433e-07	1.993462e-10
8.02777236e-07	2.007064e-10
8.03578839e-07	1.703460e-10
8.04381242e-07	1.874415e-10
8.05184446e-07	1.991908e-10
8.05988453e-07	1.844235e-10
8.06793262e-07	1.468633e-10
8.07598875e-07	1.314816e-10
8.08405293e-07	1.799774e-10
8.09212515e-07	1.608443e-10
8.10020544e-07	1.677946e-10
8.10829379e-07	1.568276e-10
8.11639023e-07	1.518091e-10
8.12449474e-07	1.357274e-10
8.13260735e-07	1.370614e-10
8.14072806e-07	1.808028e-10
8.14885688e-07	1.270607e-10
8.15699382e-07	1.292531e-10
8.16513888e-07	1.889654e-10
8.17329207e-07	1.894538e-10
8.18145341e-07	1.899236e-10
8.18962289e-07	1.820448e-10
8.19780053e-07	1.769435e-10
8.20598634e-07	1.751237e-10
8.21418032e-07	1.984505e-10
8.22238248e-07	2.041639e-10
8.23059284e-07	3.695220e-11
8.23881139e-07	1.869864e-10
8.24703815e-07	1.612311e-10
8.25527312e-07	1.996640e-10
8.26351632e-07	1.843361e-10
8.27176774e-07	2.034204e-10
8.28002741e-07	2.303890e-10
8.28829533e-07	1.647857e-10
8.29657150e-07	1.439681e-10
8.30485593e-07	2.183053e-10
8.31314864e-07	1.894898e-10
8.32144962e-07	2.362764e-10
8.32975890e-07	2.362241e-10
8.33807647e-07	2.161971e-10
8.34640235e-07	1.530429e-10
8.35473654e-07	1.110357e-10
8.36307906e-07	1.889787e-10
8.37142990e-07	1.997292e-10
8.37978908e-07	2.122309e-10
8.38815661e-07	1.667115e-10
8.39653250e-07	2.160214e-10
8.40491675e-07	1.851493e-10
8.41330937e-07	2.023147e-10
8.42171037e-07	2.107008e-10
8.43011976e-07	2.067000e-10
8.43853755e-07	2.157646e-10
8.44696374e-07	2.374535e-10
8.45539834e-07	2.195027e-10
8.46384137e-07	1.359645e-10
8.47229283e-07	2.237981e-10
8.48075273e-07	2.234751e-10
8.48922108e-07	2.418469e-10
8.49769788e-07	2.434380e-10
8.50618314e-07	2.310608e-10
8.51467688e-07	2.402273e-10
8.52317910e-07	2.377716e-10
8.53168981e-07	2.527130e-10
8.54020902e-07	2.568218e-10
8.54873674e-07	2.317044e-10
8.55727297e-07	1.959470e-10
8.56581772e-07	2.117180e-10
8.57437101e-07	2.377386e-10
8.58293284e-07	2.376870e-10
8.59150321e-07	2.643780e-10
8.60008215e-07	2.259764e-10
8.60866965e-07	2.683534e-10
8.61726572e-07	2.661774e-10
8.62587038e-07	2.665503e-10
8.63448363e-07	2.689092e-10
8.64310548e-07	2.757189e-10
8.65173595e-07	2.724888e-10
8.66037502e-07	2.685014e-10
8.66902273e-07	2.978085e-10
8.67767907e-07	2.672862e-10
8.68634405e-07	3.144193e-10
8.69501769e-07	2.706174e-10
8.70369999e-07	2.707890e-10
8.71239096e-07	2.163648e-10
8.72109060e-07	3.119232e-10
8.72979893e-07	3.079876e-10
8.73851596e-07	3.235703e-10
8.74724169e-07	3.139813e-10
8.75597614e-07	2.952497e-10
8.76471930e-07	3.161483e-10
8.77347120e-07	3.433890e-10
8.78223184e-07	2.934181e-10
8.79100122e-07	3.318980e-10
8.79977936e-07	3.375354e-10
8.80856627e-07	3.133319e-10
8.81736195e-07	3.176343e-10
8.82616641e-07	3.245402e-10
8.83497966e-07	3.011699e-10
8.84380172e-07	3.173666e-10
8.85263258e-07	3.412951e-10
8.86147226e-07	3.091154e-10
8.87032077e-07	2.966527e-10
8.87917812e-07	3.231001e-10
8.88804430e-07	3.104705e-10
8.89691935e-07	3.200860e-10
8.90580325e-07	3.351658e-10
8.91469602e-07	2.731564e-10
8.92359768e-07	2.778257e-10
8.93250822e-07	2.820134e-10
8.94142766e-07	3.275423e-10
8.95035601e-07	3.025597e-10
8.95929327e-07	2.924256e-10
8.96823946e-07	2.830121e-10
8.97719458e-07	1.448164e-10
8.98615864e-07	3.214131e-10
8.99513165e-07	3.321592e-10
9.00411362e-07	3.478133e-10
9.01310456e-07	3.345533e-10
9.02210448e-07	3.467090e-10
9.03111339e-07	3.043485e-10
9.04013129e-07	3.038135e-10
9.04915820e-07	3.329868e-10
9.05819412e-07	3.138521e-10
9.06723906e-07	3.636674e-10
9.07629303e-07	2.868756e-10
9.08535605e-07	3.804646e-10
9.09442811e-07	3.001824e-10
9.10350924e-07	3.539840e-10
9.11259943e-07	3.762458e-10
9.12169869e-07	3.457138e-10
9.13080705e-07	2.165492e-10
9.13992450e-07	3.708700e-10
9.14905105e-07	3.807241e-10
9.15818672e-07	7.434098e-11
9.16733151e-07	2.537666e-10
9.17648543e-07	1.705337e-10
9.18564849e-07	3.312828e-10
9.19482070e-07	2.561826e-10
9.20400207e-07	2.692527e-10
9.21319260e-07	2.742844e-10
9.22239232e-07	2.785939e-10
9.23160122e-07	1.611201e-10
9.24081931e-07	2.140547e-10
9.25004661e-07	3.711544e-10
9.25928313e-07	7.417844e-11
9.26852887e-07	2.790271e-10
9.27778384e-07	1.766895e-10
9.28704805e-07	6.770350e-11
9.29632151e-07	1.761164e-10
9.30560423e-07	3.056496e-10
9.31489622e-07	3.283031e-10
9.32419749e-07	8.051627e-11
9.33350805e-07	9.599281e-11
9.34282790e-07	1.760023e-10
9.35215706e-07	2.460226e-10
9.36149554e-07	2.292634e-10
9.37084334e-07	3.054719e-10
9.38020047e-07	4.819449e-11
9.38956695e-07	1.073347e-10
9.39894278e-07	2.084215e-10
9.40832797e-07	3.256282e-10
9.41772253e-07	7.200975e-11
9.42712648e-07	1.630143e-10
9.43653981e-07	1.069824e-10
9.44596255e-07	1.251372e-10
9.45539469e-07	2.623499e-10
9.46483625e-07	2.939145e-10
9.47428724e-07	1.500509e-10
9.48374767e-07	2.176460e-10
9.49321755e-07	2.279270e-10
9.50269687e-07	2.244513e-10
9.51218567e-07	3.006282e-10
9.52168394e-07	2.044071e-10
9.53119169e-07	1.969404e-10
9.54070894e-07	3.374966e-10
9.55023569e-07	3.057835e-10
9.55977196e-07	1.731309e-10
9.56931774e-07	9.634317e-11
9.57887306e-07	3.013829e-10
9.58843792e-07	2.811071e-10
9.59801233e-07	1.799344e-10
9.60759630e-07	1.290231e-10
9.61718984e-07	2.606731e-10
9.62679296e-07	1.256972e-10
9.63640567e-07	1.034108e-10
9.64602798e-07	2.982313e-10
9.65565990e-07	2.257475e-10
9.66530143e-07	3.181840e-10
9.67495259e-07	2.559739e-10
9.68461339e-07	1.548418e-10
9.69428384e-07	1.715847e-10
9.70396394e-07	3.647553e-10
9.71365371e-07	3.310470e-10
9.72335315e-07	2.908622e-10
9.73306228e-07	2.469497e-10
9.74278110e-07	1.190499e-10
9.75250963e-07	1.678043e-10
9.76224787e-07	3.263351e-10
9.77199584e-07	2.694696e-10
9.78175354e-07	2.638434e-10
9.79152098e-07	2.441231e-10
9.80129818e-07	3.553087e-10
9.81108514e-07	3.085079e-10
9.82088187e-07	2.992717e-10
9.83068838e-07	3.067667e-10
9.84050469e-07	2.769116e-10
9.85033080e-07	2.316749e-10
9.86016672e-07	2.510377e-10
9.87001246e-07	3.403175e-10
9.87986804e-07	2.454726e-10
9.88973345e-07	3.166659e-10
9.89960871e-07	2.948532e-10
9.90949384e-07	3.254079e-10
9.91938884e-07	3.012230e-10
9.92929371e-07	3.292130e-10
9.93920848e-07	3.985565e-10
9.94913315e-07	3.364915e-10
9.95906773e-07	3.118813e-10
9.96901223e-07	3.074011e-10
9.97896665e-07	3.892251e-10
9.98893102e-07	4.094234e-10
9.99890534e-07	3.896448e-10
1.00088896e-06	2.752150e-10
1.00188839e-06	2.782092e-10
1.00288881e-06	3.647954e-10
1.00389023e-06	4.163966e-10
1.00489265e-06	3.586272e-10
1.00589607e-06	3.584709e-10
1.00690050e-06	4.196142e-10
1.00790593e-06	3.955022e-10
1.00891236e-06	4.406154e-10
1.00991979e-06	4.327874e-10
1.01092824e-06	3.291664e-10
1.01193769e-06	4.341436e-10
1.01294814e-06	3.811086e-10
1.01395961e-06	4.255624e-10
1.01497209e-06	4.462117e-10
1.01598557e-06	4.574938e-10
1.01700007e-06	4.243616e-10
1.01801558e-06	4.337979e-10
1.01903211e-06	4.819255e-10
1.02004965e-06	3.499803e-10
1.02106821e-06	4.829412e-10
1.02208778e-06	4.800793e-10
1.02310838e-06	4.247632e-10
1.02412999e-06	4.568671e-10
1.02515262e-06	4.793630e-10
1.02617627e-06	4.344632e-10
1.02720095e-06	4.923593e-10
1.02822665e-06	4.638833e-10
1.02925337e-06	4.717272e-10
1.03028112e-06	4.721552e-10
1.03130989e-06	5.056891e-10
1.03233969e-06	4.855990e-10
1.03337052e-06	5.132339e-10
1.03440238e-06	5.414507e-10
1.03543527e-06	5.246197e-10
1.03646919e-06	5.447148e-10
1.03750414e-06	4.932403e-10
1.03854013e-06	5.175187e-10
1.03957715e-06	5.430984e-10
1.04061521e-06	5.497487e-10
1.04165430e-06	5.030980e-10
1.04269443e-06	5.074286e-10
1.04373560e-06	5.333937e-10
1.04477781e-06	5.265597e-10
1.04582106e-06	5.590955e-10
1.04686535e-06	4.791454e-10
1.04791068e-06	5.081858e-10
1.04895706e-06	5.402281e-10
1.05000448e-06	5.268920e-10
1.05105295e-06	5.235624e-10
1.05210246e-06	5.308422e-10
1.05315303e-06	5.965254e-10
1.05420464e-06	5.982232e-10
1.05525730e-06	6.134001e-10
1.05631102e-06	5.873050e-10
1.05736578e-06	6.100266e-10
1.05842160e-06	6.188812e-10
1.05947847e-06	5.655578e-10
1.06053640e-06	5.611846e-10
1.06159539e-06	6.024312e-10
1.06265543e-06	6.111055e-10
1.06371653e-06	6.013049e-10
1.06477869e-06	6.332895e-10
1.06584191e-06	5.999490e-10
1.06690619e-06	5.957288e-10
1.06797154e-06	6.216603e-10
1.06903795e-06	5.589859e-10
1.07010542e-06	6.373208e-10
1.07117396e-06	5.718256e-10
1.07224357e-06	6.560160e-10
1.07331424e-06	6.513467e-10
1.07438599e-06	6.835220e-10
1.07545880e-06	6.627463e-10
1.07653269e-06	5.963053e-10
1.07760765e-06	6.165555e-10
1.07868368e-06	4.385308e-10
1.07976078e-06	6.127788e-10
1.08083896e-06	6.583627e-10
1.08191822e-06	6.482660e-10
1.08299856e-06	6.750443e-10
1.08407997e-06	6.652111e-10
1.08516247e-06	6.344725e-10
1.08624604e-06	5.758416e-10
1.08733070e-06	5.716663e-10
1.08841644e-06	6.201827e-10
1.08950326e-06	5.406813e-10
1.09059117e-06	5.970921e-10
1.09168017e-06	3.120450e-10
1.09277025e-06	3.203105e-10
1.09386142e-06	3.566126e-10
1.09495368e-06	3.355971e-10
1.09604703e-06	2.205881e-10
1.09714148e-06	3.718080e-10
1.09823701e-06	5.211225e-10
1.09933364e-06	5.003174e-10
1.10043137e-06	3.396495e-10
1.10153019e-06	3.919669e-10
1.10263011e-06	4.066784e-10
1.10373113e-06	6.007969e-10
1.10483324e-06	4.204955e-10
1.10593646e-06	3.459092e-10
1.10704078e-06	4.771966e-10
1.10814620e-06	3.852959e-10
1.10925273e-06	3.562489e-10
1.11036036e-06	1.647378e-10
1.11146909e-06	4.157702e-10
1.11257893e-06	4.280484e-10
1.11368989e-06	4.023155e-10
1.11480195e-06	1.762280e-10
1.11591512e-06	5.144366e-10
1.11702940e-06	2.691151e-10
1.11814480e-06	4.843496e-10
1.11926130e-06	2.238196e-10
1.12037893e-06	1.215027e-10
1.12149767e-06	4.956071e-10
1.12261752e-06	4.849263e-10
1.12373850e-06	4.512191e-10
1.12486059e-06	4.578920e-10
1.12598381e-06	4.839397e-10
1.12710815e-06	5.085470e-10
1.12823361e-06	2.252012e-10
1.12936019e-06	1.690741e-10
1.13048790e-06	4.814868e-10
1.13161673e-06	3.564904e-10
1.13274669e-06	5.754874e-10
1.13387778e-06	5.201451e-10
1.13501000e-06	3.633346e-10
1.13614335e-06	3.821311e-10
1.13727783e-06	4.486946e-10
1.13841345e-06	5.782013e-10
1.13955019e-06	5.536298e-10
1.14068808e-06	5.205759e-10
1.14182710e-06	3.996813e-10
1.14296725e-06	4.027599e-10
1.14410855e-06	2.053002e-10
1.14525098e-06	4.982889e-10
1.14639456e-06	2.925690e-10
1.14753928e-06	4.285015e-10
1.14868514e-06	3.283786e-10
1.14983214e-06	2.125368e-10
1.15098029e-06	3.715915e-10
1.15212959e-06	5.805420e-10
1.15328003e-06	2.588690e-10
1.15443162e-06	3.111205e-10
1.15558437e-06	3.755158e-10
1.15673826e-06	5.107985e-10
1.15789331e-06	3.640873e-10
1.15904951e-06	5.173092e-10
1.16020686e-06	4.642343e-10
1.16136537e-06	4.550344e-10
1.16252504e-06	1.451529e-10
1.16368586e-06	1.524470e-10
1.16484784e-06	3.464637e-10
1.16601099e-06	5.112298e-10
1.16717529e-06	3.698449e-10
1.16834076e-06	1.623904e-10
1.16950739e-06	1.795918e-10
1.17067519e-06	3.250584e-10
1.17184415e-06	5.526371e-10
1.17301428e-06	4.264898e-10
1.17418558e-06	4.456724e-10
1.17535805e-06	5.028374e-10
1.17653168e-06	4.243694e-10
1.17770650e-06	3.917445e-10
1.17888248e-06	3.359993e-10
1.18005964e-06	3.101759e-10
1.18123797e-06	4.824067e-10
1.18241748e-06	1.688174e-10
1.18359817e-06	3.469841e-10
1.18478003e-06	4.548750e-10
1.18596308e-06	2.369009e-10
1.18714731e-06	6.627384e-10
1.18833272e-06	5.706759e-10
1.18951931e-06	3.565059e-10
1.19070709e-06	4.093826e-10
1.19189606e-06	5.201766e-10
1.19308621e-06	6.558385e-10
1.19427755e-06	5.842392e-10
1.19547008e-06	6.854984e-10
1.19666380e-06	6.219440e-10
1.19785872e-06	6.095646e-10
1.19905482e-06	4.325810e-10
1.20025212e-06	7.140966e-10
1.20145062e-06	6.559633e-10
1.20265031e-06	6.199863e-10
1.20385120e-06	7.795828e-10
1.20505329e-06	5.716313e-10
1.20625658e-06	5.785691e-10
1.20746108e-06	6.951439e-10
1.20866677e-06	7.127893e-10
1.20987367e-06	4.069131e-10
1.21108177e-06	6.777580e-10
1.21229108e-06	5.661145e-10
1.21350160e-06	6.822812e-10
1.21471333e-06	7.315031e-10
1.21592626e-06	5.571673e-10
1.21714041e-06	7.006851e-10
1.21835577e-06	7.751373e-10
1.21957234e-06	8.535111e-10
1.22079013e-06	6.138846e-10
1.22200914e-06	7.554477e-10
1.22322936e-06	6.867303e-10
1.22445080e-06	7.995180e-10
1.22567346e-06	6.943954e-10
1.22689734e-06	7.141819e-10
1.22812244e-06	7.894323e-10
1.22934876e-06	6.821909e-10
1.23057631e-06	6.621400e-10
1.23180509e-06	5.714803e-10
1.23303509e-06	7.887617e-10
1.23426633e-06	7.110511e-10
1.23549879e-06	7.257781e-10
1.23673248e-06	6.331520e-10
1.23796740e-06	7.853147e-10
1.23920356e-06	8.485317e-10
1.24044095e-06	7.652485e-10
1.24167957e-06	8.881387e-10
1.24291944e-06	7.548406e-10
1.24416054e-06	7.790297e-10
1.24540288e-06	9.401371e-10
1.24664646e-06	9.268343e-10
1.24789128e-06	9.193144e-10
1.24913735e-06	9.408562e-10
1.25038466e-06	9.675596e-10
1.25163321e-06	9.269186e-10
1.25288301e-06	9.748538e-10
1.25413407e-06	9.598187e-10
1.25538636e-06	7.279497e-10
1.25663991e-06	9.159431e-10
1.25789472e-06	8.460225e-10
1.25915077e-06	1.005293e-09
1.26040808e-06	7.806690e-10
1.26166664e-06	9.512202e-10
1.26292646e-06	1.016662e-09
1.26418754e-06	9.695826e-10
1.26544988e-06	9.813543e-10
1.26671348e-06	1.042306e-09
1.26797834e-06	1.063583e-09
1.26924446e-06	9.640178e-10
1.27051185e-06	5.407397e-10
1.27178050e-06	1.063871e-09
1.27305042e-06	9.040365e-10
1.27432161e-06	1.132877e-09
1.27559407e-06	1.025329e-09
1.27686780e-06	9.222727e-10
1.27814280e-06	1.072369e-09
1.27941907e-06	9.191432e-10
1.28069662e-06	9.464790e-10
1.28197544e-06	9.301432e-10
1.28325554e-06	5.565450e-10
1.28453692e-06	9.266411e-10
1.28581958e-06	1.047227e-09
1.28710351e-06	1.111007e-09
1.28838874e-06	9.988116e-10
1.28967524e-06	7.087119e-10
1.29096303e-06	1.021069e-09
1.29225210e-06	9.955118e-10
1.29354246e-06	1.165837e-09
1.29483411e-06	8.269231e-10
1.29612705e-06	1.011532e-09
1.29742128e-06	9.128164e-10
1.29871681e-06	1.102982e-09
1.30001362e-06	1.209106e-09
1.30131174e-06	9.622316e-10
1.30261114e-06	9.439162e-10
1.30391185e-06	9.903699e-10
1.30521385e-06	1.038784e-09
1.30651716e-06	9.546033e-10
1.30782176e-06	9.489666e-10
1.30912767e-06	3.805921e-10
1.31043489e-06	7.251069e-10
1.31174340e-06	5.955084e-10
1.31305323e-06	1.023053e-09
1.31436436e-06	8.837277e-10
1.31567680e-06	1.023025e-09
1.31699055e-06	6.959802e-10
1.31830562e-06	8.568267e-10
1.31962199e-06	8.356061e-10
1.32093969e-06	8.037972e-10
1.32225869e-06	9.424156e-10
1.32357902e-06	8.922848e-10
1.32490066e-06	8.620388e-10
1.32622362e-06	5.640097e-10
1.32754791e-06	1.148889e-09
1.32887351e-06	5.696668e-10
1.33020044e-06	4.740391e-10
1.33152870e-06	8.729960e-10
1.33285828e-06	3.992716e-10
1.33418918e-06	6.201970e-10
1.33552142e-06	6.323080e-10
1.33685499e-06	4.794694e-10
1.33818989e-06	4.261107e-10
1.33952612e-06	5.563320e-10
1.34086369e-06	6.121122e-10
1.34220259e-06	7.766117e-10
1.34354283e-06	3.019134e-10
1.34488441e-06	2.394592e-10
1.34622732e-06	5.975803e-10
1.34757158e-06	3.801639e-10
1.34891718e-06	4.639792e-10
1.35026412e-06	2.990724e-10
1.35161241e-06	2.744592e-10
1.35296205e-06	3.836959e-10
1.35431303e-06	3.214883e-10
1.35566536e-06	2.801749e-10
1.35701905e-06	3.860992e-10
1.35837408e-06	2.586627e-10
1.35973047e-06	3.976414e-10
1.36108821e-06	2.503555e-10
1.36244730e-06	3.133241e-10
1.36380776e-06	5.492248e-10
1.36516957e-06	4.891113e-10
1.36653274e-06	3.707456e-10
1.36789728e-06	3.563437e-10
1.36926317e-06	3.176633e-10
1.37063043e-06	3.300907e-10
1.37199906e-06	4.805733e-10
1.37336905e-06	5.603509e-10
1.37474041e-06	4.664148e-10
1.37611314e-06	3.579491e-10
1.37748724e-06	6.508546e-10
1.37886271e-06	4.032136e-10
1.38023956e-06	3.389535e-10
1.38161778e-06	6.265129e-10
1.38299737e-06	4.010010e-10
1.38437835e-06	3.310768e-10
1.38576070e-06	3.155838e-10
1.38714443e-06	4.502584e-10
1.38852955e-06	5.676237e-10
1.38991605e-06	2.767247e-10
1.39130393e-06	5.493506e-10
1.39269320e-06	2.911683e-10
1.39408385e-06	6.113241e-10
1.39547590e-06	4.055763e-10
1.39686933e-06	4.159559e-10
1.39826416e-06	5.263143e-10
1.39966038e-06	2.886712e-10
1.40105799e-06	2.952486e-10
1.40245700e-06	5.683378e-10
1.40385740e-06	5.391798e-10
1.40525921e-06	3.177744e-10
1.40666241e-06	2.998944e-10
1.40806702e-06	5.194505e-10
1.40947302e-06	4.151602e-10
1.41088043e-06	3.407145e-10
1.41228925e-06	4.350740e-10
1.41369947e-06	3.896439e-10
1.41511110e-06	5.161882e-10
1.41652415e-06	6.935978e-10
1.41793860e-06	4.328338e-10
1.41935446e-06	3.568185e-10
1.42077174e-06	2.961275e-10
1.42219043e-06	3.392788e-10
1.42361054e-06	3.146196e-10
1.42503207e-06	3.951057e-10
1.42645502e-06	5.165472e-10
1.42787939e-06	4.186866e-10
1.42930518e-06	3.377663e-10
1.43073239e-06	5.495865e-10
1.43216103e-06	3.494568e-10
1.43359110e-06	5.079840e-10
1.43502259e-06	5.198598e-10
1.43645551e-06	4.335273e-10
1.43788987e-06	4.537546e-10
1.43932565e-06	5.267231e-10
1.44076287e-06	4.517489e-10
1.44220153e-06	5.052663e-10
1.44364162e-06	6.478644e-10
1.44508315e-06	4.030587e-10
1.44652612e-06	5.362829e-10
1.44797053e-06	4.309448e-10
1.44941638e-06	6.052709e-10
1.45086368e-06	3.708363e-10
1.45231242e-06	5.585937e-10
1.45376261e-06	3.907289e-10
1.45521424e-06	5.908773e-10
1.45666733e-06	3.244460e-10
1.45812186e-06	3.476309e-10
1.45957785e-06	3.670450e-10
1.46103529e-06	6.164570e-10
1.46249419e-06	3.992529e-10
1.46395455e-06	3.962010e-10
1.46541636e-06	6.580540e-10
1.46687963e-06	4.215271e-10
1.46834437e-06	5.046113e-10
1.46981056e-06	5.563301e-10
1.47127822e-06	6.336957e-10
1.47274735e-06	7.604038e-10
1.47421794e-06	4.019880e-10
1.47569000e-06	3.902512e-10
1.47716353e-06	5.111658e-10
1.47863854e-06	3.810569e-10
1.48011501e-06	4.756515e-10
1.48159296e-06	5.834944e-10
1.48307239e-06	8.172942e-10
1.48455329e-06	4.224797e-10
1.48603567e-06	5.153823e-10
1.48751953e-06	6.463596e-10
1.48900488e-06	7.249497e-10
1.49049170e-06	4.996694e-10
1.49198001e-06	6.596046e-10
1.49346981e-06	4.031320e-10
1.49496110e-06	8.778336e-10
1.49645387e-06	4.218352e-10
1.49794813e-06	7.905322e-10
1.49944389e-06	7.553165e-10
1.50094114e-06	6.042308e-10
1.50243989e-06	5.947811e-10
1.50394013e-06	5.936687e-10
1.50544187e-06	6.341320e-10
1.50694511e-06	5.775708e-10
1.50844985e-06	7.135549e-10
1.50995609e-06	6.479062e-10
1.51146384e-06	6.370097e-10
1.51297309e-06	8.626942e-10
1.51448385e-06	6.666993e-10
1.51599612e-06	8.663643e-10
1.51750990e-06	5.298532e-10
1.51902519e-06	4.471103e-10
1.52054199e-06	7.288525e-10
1.52206031e-06	5.183315e-10
1.52358014e-06	6.797682e-10
1.52510149e-06	6.616908e-10
1.52662436e-06	9.656938e-10
1.52814875e-06	6.324949e-10
1.52967467e-06	1.125010e-09
1.53120210e-06	4.387756e-10
1.53273107e-06	8.180582e-10
1.53426156e-06	5.753444e-10
1.53579357e-06	7.105514e-10
1.53732712e-06	4.490816e-10
1.53886220e-06	7.870047e-10
1.54039881e-06	9.069098e-10
1.54193695e-06	8.174067e-10
1.54347663e-06	8.677738e-10
1.54501785e-06	1.097650e-09
1.54656061e-06	5.984494e-10
1.54810491e-06	9.792302e-10
1.54965075e-06	7.259824e-10
1.55119813e-06	9.269624e-10
1.55274706e-06	9.573255e-10
1.55429754e-06	1.057344e-09
1.55584956e-06	9.830455e-10
1.55740313e-06	7.693502e-10
1.55895826e-06	9.797812e-10
1.56051494e-06	1.034457e-09
1.56207317e-06	1.049454e-09
1.56363296e-06	1.068432e-09
1.56519430e-06	7.655601e-10
1.56675721e-06	1.061177e-09
1.56832167e-06	1.049557e-09
1.56988770e-06	1.075910e-09
1.57145529e-06	9.850048e-10
1.57302445e-06	6.838616e-10
1.57459517e-06	1.122166e-09
1.57616746e-06	1.027758e-09
1.57774132e-06	1.194661e-09
1.57931676e-06	1.140436e-09
1.58089376e-06	1.226443e-09
1.58247234e-06	7.059537e-10
1.58405250e-06	1.056443e-09
1.58563424e-06	1.158438e-09
1.58721755e-06	1.004276e-09
1.58880245e-06	1.318262e-09
1.59038892e-06	7.716265e-10
1.59197699e-06	1.064249e-09
1.59356663e-06	1.312524e-09
1.59515787e-06	1.397307e-09
1.59675069e-06	1.236915e-09
1.59834511e-06	1.021631e-09
1.59994111e-06	1.201703e-09
1.60153872e-06	1.180425e-09
1.60313791e-06	1.036796e-09
1.60473870e-06	1.397935e-09
1.60634109e-06	1.259289e-09
1.60794509e-06	1.337640e-09
1.60955068e-06	1.314390e-09
1.61115787e-06	1.317904e-09
1.61276668e-06	1.287437e-09
1.61437708e-06	1.386863e-09
1.61598910e-06	1.305908e-09
1.61760272e-06	1.395990e-09
1.61921796e-06	1.239870e-09
1.62083481e-06	1.379250e-09
1.62245327e-06	1.309335e-09
1.62407335e-06	1.229420e-09
1.62569505e-06	1.329538e-09
1.62731837e-06	1.330501e-09
1.62894330e-06	1.456783e-09
1.63056986e-06	1.412034e-09
1.63219805e-06	6.349273e-10
1.63382786e-06	1.451796e-09
1.63545930e-06	1.326201e-09
1.63709236e-06	1.317433e-09
1.63872706e-06	1.357086e-09
1.64036339e-06	1.288900e-09
1.64200135e-06	1.581967e-09
1.64364095e-06	1.456463e-09
1.64528219e-06	1.413265e-09
1.64692506e-06	1.382866e-09
1.64856958e-06	1.454023e-09
1.65021574e-06	1.490549e-09
1.65186354e-06	1.375626e-09
1.65351299e-06	1.530385e-09
1.65516408e-06	1.512626e-09
1.65681682e-06	1.530072e-09
1.65847122e-06	1.470901e-09
1.66012726e-06	1.418880e-09
1.66178496e-06	1.461481e-09
1.66344431e-06	1.493546e-09
1.66510532e-06	1.540403e-09
1.66676799e-06	1.439155e-09
1.66843232e-06	1.512652e-09
1.67009831e-06	1.210821e-09
1.67176597e-06	1.093953e-09
1.67343529e-06	1.468233e-09
1.67510628e-06	1.479217e-09
1.67677893e-06	1.527107e-09
1.67845326e-06	1.123734e-09
1.68012926e-06	1.531570e-09
1.68180693e-06	1.664748e-09
1.68348627e-06	1.330659e-09
1.68516730e-06	1.419505e-09
1.68685000e-06	9.981737e-10
1.68853438e-06	1.465725e-09
1.69022045e-06	1.568176e-09
1.69190819e-06	1.182621e-09
1.69359763e-06	1.591852e-09
1.69528875e-06	1.187432e-09
1.69698156e-06	1.405295e-09
1.69867605e-06	1.577578e-09
1.70037225e-06	1.405304e-09
1.70207013e-06	1.506921e-09
1.70376971e-06	1.110639e-09
1.70547099e-06	1.331872e-09
1.70717396e-06	1.497147e-09
1.70887864e-06	1.381363e-09
1.71058502e-06	1.598792e-09
1.71229310e-06	1.434504e-09
1.71400289e-06	1.245113e-09
1.71571438e-06	1.104290e-09
1.71742759e-06	1.109365e-09
1.71914250e-06	1.088677e-09
1.72085913e-06	1.020019e-09
1.72257747e-06	1.125815e-09
1.72429753e-06	1.433979e-09
1.72601931e-06	1.374203e-09
1.72774280e-06	1.112497e-09
1.72946801e-06	1.043206e-09
1.73119495e-06	1.202081e-09
1.73292362e-06	1.162592e-09
1.73465400e-06	1.166043e-09
1.73638612e-06	1.350879e-09
1.73811997e-06	1.251774e-09
1.73985554e-06	8.224320e-10
1.74159285e-06	1.274788e-09
1.74333190e-06	1.285345e-09
1.74507268e-06	9.705758e-10
1.74681520e-06	5.775526e-10
1.74855946e-06	1.443192e-09
1.75030546e-06	6.609652e-10
1.75205321e-06	7.085999e-10
1.75380270e-06	1.105149e-09
1.75555393e-06	6.215432e-10
1.75730692e-06	7.390747e-10
1.75906165e-06	1.357357e-09
1.76081814e-06	1.208322e-09
1.76257638e-06	1.205639e-09
1.76433638e-06	1.210547e-09
1.76609814e-06	1.222889e-09
1.76786165e-06	5.860767e-10
1.76962693e-06	1.386583e-09
1.77139397e-06	1.072790e-09
1.77316277e-06	9.179674e-10
1.77493334e-06	9.114418e-10
1.77670567e-06	1.023556e-09
1.77847978e-06	7.462015e-10
1.78025566e-06	9.802277e-10
1.78203331e-06	7.991445e-10
1.78381274e-06	9.513515e-10
1.78559394e-06	1.136446e-09
1.78737692e-06	1.114723e-09
1.78916168e-06	1.038472e-09
1.79094823e-06	8.533719e-10
1.79273655e-06	7.510389e-10
1.79452667e-06	1.276555e-09
1.79631857e-06	6.094307e-10
1.79811226e-06	9.547423e-10
1.79990774e-06	1.092884e-09
1.80170502e-06	7.782068e-10
1.80350409e-06	7.484840e-10
1.80530495e-06	1.092803e-09
1.80710762e-06	7.427042e-10
1.80891208e-06	7.234763e-10
1.81071835e-06	6.473526e-10
1.81252641e-06	6.492207e-10
1.81433629e-06	9.128622e-10
1.81614797e-06	1.251328e-09
1.81796146e-06	8.459645e-10
1.81977676e-06	8.733019e-10
1.82159388e-06	7.580171e-10
1.82341281e-06	6.775392e-10
1.82523355e-06	9.282795e-10
1.82705612e-06	8.790828e-10
1.82888050e-06	6.435000e-10
1.83070670e-06	9.296981e-10
1.83253473e-06	6.702684e-10
1.83436459e-06	1.250582e-09
1.83619627e-06	6.746117e-10
1.83802978e-06	1.020989e-09
1.83986512e-06	6.542560e-10
1.84170229e-06	1.170853e-09
1.84354130e-06	7.080760e-10
1.84538214e-06	1.145128e-09
1.84722483e-06	6.741888e-10
1.84906935e-06	1.287723e-09
1.85091571e-06	1.121210e-09
1.85276392e-06	1.298406e-09
1.85461397e-06	9.758526e-10
1.85646588e-06	9.277838e-10
1.85831963e-06	9.711427e-10
1.86017523e-06	9.267245e-10
1.86203268e-06	8.799133e-10
1.86389199e-06	1.023125e-09
1.86575315e-06	1.054081e-09
1.86761618e-06	8.731073e-10
1.86948106e-06	1.169392e-09
1.87134781e-06	9.744232e-10
1.87321642e-06	9.430586e-10
1.87508689e-06	1.102474e-09
1.87695924e-06	1.080192e-09
1.87883345e-06	1.011490e-09
1.88070954e-06	1.269086e-09
1.88258749e-06	1.209414e-09
1.88446733e-06	1.134964e-09
1.88634904e-06	1.443079e-09
1.88823263e-06	1.151476e-09
1.89011810e-06	8.522426e-10
1.89200545e-06	1.124843e-09
1.89389469e-06	6.964571e-10
1.89578581e-06	1.335285e-09
1.89767882e-06	1.089492e-09
1.89957373e-06	1.139001e-09
1.90147052e-06	7.236053e-10
1.90336921e-06	8.634560e-10
1.90526980e-06	1.052828e-09
1.90717228e-06	8.195073e-10
1.90907666e-06	1.279472e-09
1.91098294e-06	1.124509e-09
1.91289113e-06	9.367677e-10
1.91480122e-06	1.269829e-09
1.91671322e-06	1.000652e-09
1.91862713e-06	1.270828e-09
1.92054295e-06	1.175726e-09
1.92246069e-06	1.010739e-09
1.92438033e-06	1.218988e-09
1.92630190e-06	1.024403e-09
1.92822538e-06	1.135793e-09
1.93015079e-06	1.254023e-09
1.93207812e-06	1.296068e-09
1.93400737e-06	9.311842e-10
1.93593855e-06	1.112590e-09
1.93787165e-06	1.041481e-09
1.93980669e-06	7.648079e-10
1.94174366e-06	1.319629e-09
1.94368256e-06	1.088687e-09
1.94562340e-06	1.193494e-09
1.94756618e-06	9.604269e-10
1.94951089e-06	1.135443e-09
1.95145755e-06	1.245316e-09
1.95340615e-06	7.499381e-10
1.95535670e-06	1.026179e-09
1.95730920e-06	9.947449e-10
1.95926364e-06	1.363206e-09
1.96122004e-06	1.155185e-09
1.96317839e-06	1.233960e-09
1.96513870e-06	9.080769e-10
1.96710096e-06	1.246980e-09
1.96906519e-06	1.202339e-09
1.97103137e-06	1.040651e-09
1.97299952e-06	9.556390e-10
1.97496963e-06	1.282597e-09
1.97694171e-06	1.126876e-09
1.97891576e-06	1.479437e-09
1.98089178e-06	1.212155e-09
1.98286978e-06	9.401501e-10
1.98484975e-06	9.558945e-10
1.98683169e-06	9.813094e-10
1.98881562e-06	1.425610e-09
1.99080152e-06	8.025164e-10
1.99278941e-06	9.697052e-10
1.99477929e-06	1.290178e-09
1.99677115e-06	9.741041e-10
1.99876500e-06	1.322971e-09
2.00076084e-06	1.372894e-09
2.00275867e-06	1.307265e-09
2.00475850e-06	1.239812e-09
2.00676033e-06	1.392401e-09
2.00876415e-06	7.828666e-10
2.01076998e-06	9.873493e-10
2.01277780e-06	1.342170e-09
2.01478764e-06	1.221497e-09
2.01679948e-06	9.103034e-10
2.01881333e-06	8.066604e-10
2.02082919e-06	1.240527e-09
2.02284706e-06	1.184198e-09
2.02486695e-06	1.034828e-09
2.02688885e-06	1.256713e-09
2.02891278e-06	1.051057e-09
2.03093872e-06	1.030715e-09
2.03296669e-06	1.140171e-09
2.03499668e-06	1.151792e-09
2.03702870e-06	1.329811e-09
2.03906275e-06	1.188642e-09
2.04109883e-06	1.283335e-09
2.04313694e-06	1.295220e-09
2.04517709e-06	1.456731e-09
2.04721927e-06	1.274210e-09
2.04926350e-06	1.457831e-09
2.05130976e-06	1.463423e-09
2.05335807e-06	9.532946e-10
2.05540843e-06	1.538939e-09
2.05746083e-06	1.383030e-09
2.05951528e-06	1.477920e-09
2.06157178e-06	1.056642e-09
2.06363034e-06	1.369627e-09
2.06569095e-06	1.466009e-09
2.06775362e-06	1.035847e-09
2.06981835e-06	1.602566e-09
2.07188514e-06	1.427242e-09
2.07395399e-06	1.419366e-09
2.07602491e-06	1.362136e-09
2.07809790e-06	1.496533e-09
2.08017296e-06	1.498387e-09
2.08225009e-06	1.589545e-09
2.08432929e-06	1.271233e-09
2.08641057e-06	1.111449e-09
2.08849393e-06	1.262925e-09
2.09057937e-06	1.347955e-09
2.09266689e-06	1.597608e-09
2.09475649e-06	1.301609e-09
2.09684818e-06	1.349492e-09
2.09894197e-06	1.495863e-09
2.10103784e-06	1.421926e-09
2.10313580e-06	1.527650e-09
2.10523586e-06	1.497381e-09
2.10733802e-06	1.311385e-09
2.10944227e-06	1.610308e-09
2.11154863e-06	1.283573e-09
2.11365709e-06	1.473181e-09
2.11576765e-06	1.584564e-09
2.11788032e-06	1.544255e-09
2.11999511e-06	1.368039e-09
2.12211200e-06	1.594627e-09
2.12423101e-06	1.627653e-09
2.12635213e-06	1.549938e-09
2.12847537e-06	1.215534e-09
2.13060073e-06	1.420528e-09
2.13272822e-06	1.557554e-09
2.13485783e-06	1.527548e-09
2.13698956e-06	1.377125e-09
2.13912342e-06	1.617852e-09
2.14125942e-06	1.415021e-09
2.14339754e-06	1.194669e-09
2.14553781e-06	1.648692e-09
2.14768021e-06	1.668570e-09
2.14982474e-06	1.362671e-09
2.15197142e-06	1.602880e-09
2.15412025e-06	1.574458e-09
2.15627122e-06	1.661272e-09
2.15842433e-06	1.699257e-09
2.16057960e-06	1.440236e-09
2.16273702e-06	1.669149e-09
2.16489659e-06	1.586217e-09
2.16705832e-06	1.649225e-09
2.16922221e-06	1.624262e-09
2.17138826e-06	1.371768e-09
2.17355647e-06	1.652641e-09
2.17572684e-06	1.424235e-09
2.17789939e-06	1.654606e-09
2.18007410e-06	1.579141e-09
2.18225099e-06	1.560683e-09
2.18443005e-06	1.431762e-09
2.18661128e-06	1.379861e-09
2.18879469e-06	1.568150e-09
2.19098028e-06	1.510610e-09
2.19316806e-06	1.627556e-09
2.19535802e-06	1.562691e-09
2.19755017e-06	1.576599e-09
2.19974450e-06	1.608195e-09
2.20194103e-06	1.520406e-09
2.20413975e-06	1.540105e-09
2.20634066e-06	1.552444e-09
2.20854377e-06	1.263021e-09
2.21074909e-06	1.356613e-09
2.21295660e-06	1.545863e-09
2.21516632e-06	1.594842e-09
2.21737825e-06	1.573882e-09
2.21959238e-06	1.050490e-09
2.22180873e-06	1.492754e-09
2.22402729e-06	1.618676e-09
2.22624806e-06	1.589449e-09
2.22847105e-06	1.571587e-09
2.23069626e-06	1.649035e-09
2.23292369e-06	1.094177e-09
2.23515335e-06	1.602632e-09
2.23738523e-06	1.610741e-09
2.23961935e-06	1.646649e-09
2.24185569e-06	1.180636e-09
2.24409427e-06	1.648171e-09
2.24633508e-06	1.530716e-09
2.24857813e-06	1.634636e-09
2.25082341e-06	1.555718e-09
2.25307094e-06	1.615243e-09
2.25532072e-06	1.569769e-09
2.25757274e-06	1.631182e-09
2.25982701e-06	1.600456e-09
2.26208353e-06	1.661477e-09
2.26434231e-06	1.477675e-09
2.26660334e-06	1.572088e-09
2.26886662e-06	1.521736e-09
2.27113217e-06	1.614596e-09
2.27339998e-06	1.553982e-09
2.27567005e-06	1.603667e-09
2.27794240e-06	1.587311e-09
2.28021700e-06	1.435477e-09
2.28249389e-06	1.421694e-09
2.28477304e-06	1.620972e-09
2.28705447e-06	1.547445e-09
2.28933818e-06	1.610493e-09
2.29162417e-06	1.476777e-09
2.29391244e-06	1.051206e-09
2.29620300e-06	1.503675e-09
2.29849584e-06	1.287407e-09
2.30079097e-06	1.526267e-09
2.30308840e-06	1.337984e-09
2.30538812e-06	1.565393e-09
2.30769013e-06	1.456810e-09
2.30999445e-06	1.344779e-09
2.31230106e-06	1.538982e-09
2.31460998e-06	1.576369e-09
2.31692121e-06	1.582405e-09
2.31923474e-06	1.603225e-09
2.32155058e-06	1.584145e-09
2.32386873e-06	1.559744e-09
2.32618920e-06	1.534083e-09
2.32851199e-06	1.196812e-09
2.33083709e-06	1.569142e-09
2.33316452e-06	1.445582e-09
2.33549427e-06	1.442657e-09
2.33782635e-06	1.512267e-09
2.34016076e-06	1.523168e-09
2.34249749e-06	1.485976e-09
2.34483656e-06	1.118082e-09
2.34717797e-06	1.592831e-09
2.34952171e-06	1.314034e-09
2.35186780e-06	1.633774e-09
2.35421623e-06	1.573612e-09
2.35656700e-06	1.604590e-09
2.35892012e-06	1.452221e-09
2.36127559e-06	1.551894e-09
2.36363341e-06	1.595775e-09
2.36599358e-06	1.608117e-09
2.36835612e-06	1.626861e-09
2.37072101e-06	1.467037e-09
2.37308826e-06	1.128422e-09
2.37545788e-06	1.474476e-09
2.37782986e-06	1.639730e-09
2.38020421e-06	1.542924e-09
2.38258093e-06	1.389419e-09
2.38496003e-06	1.460912e-09
2.38734150e-06	1.452238e-09
2.38972535e-06	1.611570e-09
2.39211158e-06	1.358352e-09
2.39450019e-06	1.538763e-09
2.39689119e-06	1.530011e-09
2.39928457e-06	1.618316e-09
2.40168035e-06	1.321532e-09
2.40407851e-06	1.242063e-09
2.40647907e-06	1.659199e-09
2.40888203e-06	1.405169e-09
2.41128739e-06	1.561256e-09
2.41369515e-06	1.284170e-09
2.41610531e-06	1.080756e-09
2.41851788e-06	1.379278e-09
2.42093286e-06	1.589315e-09
2.42335026e-06	1.076442e-09
2.42577006e-06	1.249403e-09
2.42819228e-06	1.408217e-09
2.43061692e-06	1.365146e-09
2.43304398e-06	1.606717e-09
2.43547347e-06	1.432551e-09
2.43790538e-06	1.187788e-09
2.44033972e-06	1.566530e-09
2.44277649e-06	1.606179e-09
2.44521569e-06	1.516017e-09
2.44765733e-06	1.400021e-09
2.45010140e-06	1.306518e-09
2.45254792e-06	1.334068e-09
2.45499688e-06	1.427676e-09
2.45744829e-06	1.683462e-09
2.45990214e-06	1.238917e-09
2.46235844e-06	1.658961e-09
2.46481720e-06	1.636365e-09
2.46727841e-06	1.629354e-09
2.46974208e-06	1.286704e-09
2.47220821e-06	1.347410e-09
2.47467680e-06	1.407166e-09
2.47714786e-06	1.428027e-09
2.47962138e-06	1.325568e-09
2.48209737e-06	1.396979e-09
2.48457584e-06	1.223006e-09
2.48705678e-06	1.109514e-09
2.48954020e-06	1.093585e-09
2.49202610e-06	1.312899e-09
2.49451448e-06	1.398323e-09
2.49700534e-06	1.197051e-09
2.49949870e-06	1.349023e-09
2.50199454e-06	1.640972e-09
2.50449287e-06	1.239588e-09
2.50699370e-06	1.418164e-09
2.50949703e-06	1.473999e-09
2.51200285e-06	1.104703e-09
2.51451118e-06	1.305909e-09
2.51702201e-06	1.524411e-09
2.51953535e-06	1.144426e-09
2.52205120e-06	1.341583e-09
2.52456956e-06	1.207329e-09
2.52709044e-06	1.372248e-09
2.52961383e-06	1.327973e-09
2.53213975e-06	1.508692e-09
2.53466818e-06	1.121923e-09
2.53719914e-06	1.442001e-09
2.53973263e-06	1.133352e-09
2.54226865e-06	1.416730e-09
2.54480720e-06	1.510934e-09
2.54734828e-06	1.463920e-09
2.54989190e-06	1.368724e-09
2.55243806e-06	1.330373e-09
2.55498677e-06	1.345952e-09
2.55753802e-06	1.456298e-09
2.56009181e-06	1.128414e-09
2.56264816e-06	1.147887e-09
2.56520706e-06	1.354276e-09
2.56776851e-06	1.128420e-09
2.57033253e-06	1.669157e-09
2.57289910e-06	1.481238e-09
2.57546823e-06	1.369957e-09
2.57803993e-06	1.150184e-09
2.58061420e-06	1.500581e-09
2.58319104e-06	1.232419e-09
2.58577045e-06	1.419888e-09
2.58835244e-06	1.256686e-09
2.59093701e-06	1.568723e-09
2.59352415e-06	1.350051e-09
2.59611388e-06	1.185601e-09
2.59870620e-06	1.569899e-09
2.60130110e-06	1.232914e-09
2.60389860e-06	1.378231e-09
2.60649869e-06	1.179069e-09
2.60910137e-06	1.206424e-09
2.61170666e-06	1.568582e-09
2.61431454e-06	1.614838e-09
2.61692503e-06	1.291958e-09
2.61953813e-06	1.611893e-09
2.62215384e-06	1.396979e-09
2.62477215e-06	1.550037e-09
2.62739309e-06	1.273776e-09
2.63001663e-06	1.628979e-09
2.63264280e-06	1.212939e-09
2.63527160e-06	1.618524e-09
2.63790301e-06	1.653380e-09
2.64053706e-06	1.160630e-09
2.64317373e-06	1.167243e-09
2.64581304e-06	1.174264e-09
2.64845498e-06	1.235607e-09
2.65109956e-06	1.252211e-09
2.65374678e-06	1.644996e-09
2.65639665e-06	1.433126e-09
2.65904916e-06	1.564648e-09
2.66170431e-06	1.583302e-09
2.66436213e-06	1.527986e-09
2.66702259e-06	1.275207e-09
2.66968571e-06	1.203307e-09
2.67235149e-06	1.602371e-09
2.67501993e-06	1.445755e-09
2.67769104e-06	1.278824e-09
2.68036481e-06	1.361226e-09
2.68304126e-06	1.202637e-09
2.68572037e-06	1.177314e-09
2.68840216e-06	1.462154e-09
2.69108663e-06	1.178869e-09
2.69377378e-06	1.180592e-09
2.69646362e-06	1.239491e-09
2.69915613e-06	1.642723e-09
2.70185134e-06	1.216153e-09
2.70454924e-06	1.197028e-09
2.70724983e-06	1.261966e-09
2.70995312e-06	1.273494e-09
2.71265911e-06	1.544598e-09
2.71536780e-06	1.198998e-09
2.71807920e-06	1.440617e-09
2.72079330e-06	1.313602e-09
2.72351011e-06	1.383747e-09
2.72622964e-06	1.301998e-09
2.72895188e-06	1.193822e-09
2.73167684e-06	1.213678e-09
2.73440452e-06	1.423871e-09
2.73713492e-06	1.549943e-09
2.73986805e-06	1.304017e-09
2.74260391e-06	1.655018e-09
2.74534251e-06	1.272768e-09
2.74808383e-06	1.223598e-09
2.75082790e-06	1.444748e-09
2.75357470e-06	1.667061e-09
2.75632425e-06	1.614509e-09
2.75907654e-06	1.787599e-09
2.76183158e-06	1.667652e-09
2.76458937e-06	1.282220e-09
2.76734991e-06	1.396140e-09
2.77011322e-06	1.220451e-09
2.77287928e-06	1.352870e-09
2.77564810e-06	1.579175e-09
2.77841969e-06	1.287218e-09
2.78119404e-06	1.253477e-09
2.78397117e-06	1.481760e-09
2.78675106e-06	1.301989e-09
2.78953374e-06	1.217976e-09
2.79231919e-06	1.238750e-09
2.79510743e-06	1.367574e-09
2.79789844e-06	1.240892e-09
2.80069225e-06	1.218149e-09
2.80348884e-06	1.256595e-09
2.80628823e-06	1.555773e-09
2.80909041e-06	1.252739e-09
2.81189540e-06	1.560891e-09
2.81470318e-06	1.224509e-09
2.81751376e-06	1.247803e-09
2.82032715e-06	1.327269e-09
2.82314336e-06	1.228352e-09
2.82596237e-06	1.279301e-09
2.82878420e-06	1.322917e-09
2.83160884e-06	1.340181e-09
2.83443631e-06	1.372918e-09
2.83726660e-06	1.230281e-09
2.84009972e-06	1.306680e-09
2.84293566e-06	1.302717e-09
2.84577444e-06	1.408221e-09
2.84861605e-06	1.237369e-09
2.85146050e-06	1.257707e-09
2.85430779e-06	1.451060e-09
2.85715792e-06	1.338919e-09
2.86001090e-06	1.515580e-09
2.86286672e-06	1.641585e-09
2.86572540e-06	1.239569e-09
2.86858693e-06	1.275816e-09
2.87145132e-06	1.281127e-09
2.87431857e-06	1.727175e-09
2.87718869e-06	1.273322e-09
2.88006167e-06	1.605745e-09
2.88293752e-06	1.278756e-09
2.88581624e-06	1.401773e-09
2.88869783e-06	1.271017e-09
2.89158230e-06	1.350256e-09
2.89446965e-06	1.412292e-09
2.89735989e-06	1.529336e-09
2.90025301e-06	1.319493e-09
2.90314902e-06	1.780446e-09
2.90604792e-06	1.510024e-09
2.90894972e-06	1.262302e-09
2.91185441e-06	1.302154e-09
2.91476201e-06	1.401730e-09
2.91767251e-06	1.513446e-09
2.92058591e-06	1.257765e-09
2.92350222e-06	1.370436e-09
2.92642145e-06	1.299014e-09
2.92934359e-06	1.520739e-09
2.93226865e-06	1.489357e-09
2.93519663e-06	1.508641e-09
2.93812753e-06	1.297886e-09
2.94106136e-06	1.616563e-09
2.94399812e-06	1.519783e-09
2.94693781e-06	1.437571e-09
2.94988043e-06	1.703940e-09
2.95282600e-06	1.847496e-09
2.95577451e-06	1.383223e-09
2.95872596e-06	1.493717e-09
2.96168035e-06	1.588104e-09
2.96463770e-06	1.642240e-09
2.96759800e-06	1.610781e-09
2.97056126e-06	1.324349e-09
2.97352747e-06	1.391326e-09
2.97649665e-06	1.566928e-09
2.97946879e-06	1.367744e-09
2.98244390e-06	1.294180e-09
2.98542198e-06	1.380059e-09
2.98840304e-06	1.599573e-09
2.99138707e-06	1.325108e-09
2.99437408e-06	1.406244e-09
2.99736407e-06	1.755907e-09
3.00035705e-06	1.533832e-09
3.00335302e-06	1.325130e-09
3.00635198e-06	1.505142e-09
3.00935393e-06	1.590689e-09
3.01235888e-06	1.598768e-09
3.01536684e-06	1.735385e-09
3.01837779e-06	1.411584e-09
3.02139175e-06	1.560133e-09
3.02440873e-06	1.439442e-09
3.02742871e-06	1.640851e-09
3.03045171e-06	1.462343e-09
3.03347773e-06	1.367903e-09
3.03650677e-06	1.509817e-09
3.03953883e-06	1.502194e-09
3.04257392e-06	1.346461e-09
3.04561205e-06	1.760860e-09
3.04865320e-06	1.518408e-09
3.05169740e-06	1.548930e-09
3.05474463e-06	1.544402e-09
3.05779491e-06	1.631597e-09
3.06084823e-06	1.484819e-09
3.06390460e-06	1.317007e-09
3.06696402e-06	1.486749e-09
3.07002650e-06	1.495484e-09
3.07309203e-06	1.329996e-09
3.07616063e-06	1.676571e-09
3.07923229e-06	1.557054e-09
3.08230702e-06	1.552882e-09
3.08538481e-06	1.430700e-09
3.08846569e-06	1.483565e-09
3.09154963e-06	1.415733e-09
3.09463666e-06	1.396919e-09
3.09772677e-06	1.432637e-09
3.10081996e-06	1.435650e-09
3.10391625e-06	1.614716e-09
3.10701562e-06	1.333498e-09
3.11011809e-06	1.382620e-09
3.11322366e-06	1.554659e-09
3.11633233e-06	1.414530e-09
3.11944410e-06	1.578013e-09
3.12255898e-06	1.368807e-09
3.12567698e-06	1.563108e-09
3.12879808e-06	1.510837e-09
3.13192230e-06	1.479719e-09
3.13504964e-06	1.404524e-09
3.13818010e-06	1.390249e-09
3.14131369e-06	1.411358e-09
3.14445041e-06	1.604904e-09
3.14759026e-06	1.517288e-09
3.15073325e-06	1.376445e-09
3.15387937e-06	1.508076e-09
3.15702864e-06	1.500920e-09
3.16018105e-06	1.418775e-09
3.16333660e-06	1.334723e-09
3.16649531e-06	1.524378e-09
3.16965718e-06	1.662084e-09
3.17282220e-06	1.489258e-09
3.17599038e-06	1.433209e-09
3.17916172e-06	1.404019e-09
3.18233623e-06	1.700997e-09
3.18551391e-06	1.485285e-09
3.18869477e-06	1.415168e-09
3.19187880e-06	1.571899e-09
3.19506601e-06	1.468843e-09
3.19825640e-06	1.485885e-09
3.20144997e-06	1.362091e-09
3.20464674e-06	1.367095e-09
3.20784670e-06	1.607068e-09
3.21104985e-06	1.404392e-09
3.21425621e-06	1.534557e-09
3.21746576e-06	1.504125e-09
3.22067852e-06	1.444964e-09
3.22389449e-06	1.345187e-09
3.22711366e-06	1.539342e-09
3.23033606e-06	1.636233e-09
3.23356167e-06	1.481717e-09
3.23679050e-06	1.450032e-09
3.24002255e-06	1.712856e-09
3.24325783e-06	1.355251e-09
3.24649635e-06	1.610332e-09
3.24973809e-06	1.613059e-09
3.25298308e-06	1.545618e-09
3.25623130e-06	1.697231e-09
3.25948277e-06	1.368550e-09
3.26273748e-06	1.705351e-09
3.26599545e-06	1.710007e-09
3.26925667e-06	1.451212e-09
3.27252114e-06	1.824107e-09
3.27578887e-06	1.450127e-09
3.27905987e-06	1.707432e-09
3.28233413e-06	1.490622e-09
3.28561167e-06	1.478946e-09
3.28889247e-06	1.788980e-09
3.29217655e-06	1.525456e-09
3.29546391e-06	1.704525e-09
3.29875455e-06	1.531434e-09
3.30204848e-06	1.811704e-09
3.30534570e-06	1.479643e-09
3.30864621e-06	1.483599e-09
3.31195002e-06	1.329130e-09
3.31525712e-06	1.552747e-09
3.31856753e-06	1.583351e-09
3.32188124e-06	1.472125e-09
3.32519826e-06	1.529627e-09
3.32851860e-06	1.416091e-09
3.33184225e-06	1.424282e-09
3.33516921e-06	1.612851e-09
3.33849950e-06	1.472265e-09
3.34183312e-06	1.452619e-09
3.34517006e-06	1.476061e-09
3.34851034e-06	1.494974e-09
3.35185395e-06	1.665711e-09
3.35520090e-06	1.585130e-09
3.35855119e-06	1.513951e-09
3.36190483e-06	1.551833e-09
3.36526182e-06	1.549060e-09
3.36862216e-06	1.547695e-09
3.37198585e-06	1.706671e-09
3.37535290e-06	1.790980e-09
3.37872332e-06	1.675060e-09
3.38209710e-06	1.640763e-09
3.38547425e-06	1.540644e-09
3.38885477e-06	1.745124e-09
3.39223867e-06	1.480810e-09
3.39562594e-06	1.643800e-09
3.39901660e-06	1.694768e-09
3.40241065e-06	1.707083e-09
3.40580808e-06	1.741791e-09
3.40920890e-06	1.503373e-09
3.41261313e-06	1.464538e-09
3.41602075e-06	1.627683e-09
3.41943177e-06	1.630142e-09
3.42284620e-06	1.672720e-09
3.42626404e-06	1.506610e-09
3.42968529e-06	1.507456e-09
3.43310996e-06	1.609840e-09
3.43653804e-06	1.403213e-09
3.43996956e-06	1.665083e-09
3.44340449e-06	1.667212e-09
3.44684286e-06	1.486343e-09
3.45028466e-06	1.743008e-09
3.45372990e-06	1.632488e-09
3.45717857e-06	1.613192e-09
3.46063070e-06	1.791342e-09
3.46408626e-06	1.630941e-09
3.46754528e-06	1.475547e-09
3.47100775e-06	1.370963e-09
3.47447368e-06	1.667716e-09
3.47794307e-06	1.462484e-09
3.48141593e-06	1.491676e-09
3.48489225e-06	1.423016e-09
3.48837205e-06	1.657546e-09
3.49185532e-06	1.639095e-09
3.49534206e-06	1.615188e-09
3.49883229e-06	1.740829e-09
3.50232600e-06	1.792630e-09
3.50582321e-06	1.757443e-09
3.50932390e-06	1.753464e-09
3.51282809e-06	1.748176e-09
3.51633578e-06	1.472062e-09
3.51984697e-06	1.730328e-09
3.52336167e-06	1.842911e-09
3.52687988e-06	1.368198e-09
3.53040160e-06	1.807180e-09
3.53392683e-06	1.706250e-09
3.53745559e-06	1.752963e-09
3.54098787e-06	1.611791e-09
3.54452368e-06	1.624181e-09
3.54806302e-06	1.871167e-09
3.55160589e-06	1.706596e-09
3.55515230e-06	1.698984e-09
3.55870225e-06	1.721321e-09
3.56225575e-06	1.783758e-09
3.56581279e-06	1.729185e-09
3.56937339e-06	1.715628e-09
3.57293754e-06	1.757212e-09
3.57650525e-06	1.739179e-09
3.58007652e-06	1.841868e-09
3.58365136e-06	1.810115e-09
3.58722977e-06	1.787615e-09
3.59081175e-06	1.837712e-09
3.59439731e-06	1.902201e-09
3.59798645e-06	1.445768e-09
3.60157917e-06	1.448771e-09
3.60517548e-06	1.797395e-09
3.60877538e-06	1.657959e-09
3.61237888e-06	1.557795e-09
3.61598597e-06	1.662046e-09
3.61959667e-06	1.878404e-09
3.62321097e-06	1.683758e-09
3.62682888e-06	1.622939e-09
3.63045040e-06	1.700900e-09
3.63407554e-06	1.663793e-09
3.63770430e-06	1.514572e-09
3.64133669e-06	1.907722e-09
3.64497270e-06	1.951465e-09
3.64861234e-06	1.699008e-09
3.65225561e-06	1.557309e-09
3.65590252e-06	2.017841e-09
3.65955308e-06	1.874790e-09
3.66320728e-06	1.819522e-09
3.66686512e-06	1.930869e-09
3.67052662e-06	1.903494e-09
3.67419178e-06	1.571377e-09
3.67786060e-06	1.837887e-09
3.68153308e-06	1.842100e-09
3.68520923e-06	2.073088e-09
3.68888904e-06	1.711843e-09
3.69257254e-06	1.972279e-09
3.69625971e-06	1.511396e-09
3.69995056e-06	1.750045e-09
3.70364510e-06	1.935385e-09
3.70734332e-06	1.759756e-09
3.71104524e-06	1.752189e-09
3.71475086e-06	1.935192e-09
3.71846018e-06	1.883117e-09
3.72217320e-06	1.792661e-09
3.72588992e-06	1.918050e-09
3.72961036e-06	1.987813e-09
3.73333452e-06	1.926597e-09
3.73706239e-06	1.892212e-09
3.74079399e-06	2.028205e-09
3.74452931e-06	1.910189e-09
3.74826836e-06	1.535011e-09
3.75201114e-06	1.999287e-09
3.75575766e-06	1.948099e-09
3.75950793e-06	2.028732e-09
3.76326194e-06	2.053365e-09
3.76701969e-06	2.055749e-09
3.77078120e-06	1.830100e-09
3.77454647e-06	1.846663e-09
3.77831549e-06	1.832334e-09
3.78208828e-06	1.759992e-09
3.78586483e-06	1.863210e-09
3.78964516e-06	2.141249e-09
3.79342926e-06	1.531423e-09
3.79721714e-06	2.164453e-09
3.80100880e-06	2.099701e-09
3.80480425e-06	2.052260e-09
3.80860349e-06	2.090241e-09
3.81240652e-06	2.145218e-09
3.81621335e-06	1.991551e-09
3.82002398e-06	2.172629e-09
3.82383842e-06	2.065324e-09
3.82765666e-06	2.124504e-09
3.83147872e-06	1.882659e-09
3.83530459e-06	2.146069e-09
3.83913428e-06	2.072844e-09
3.84296780e-06	2.138158e-09
3.84680515e-06	1.743655e-09
3.85064633e-06	1.951683e-09
3.85449134e-06	2.173258e-09
3.85834019e-06	2.062391e-09
3.86219289e-06	1.949193e-09
3.86604943e-06	1.815548e-09
3.86990982e-06	2.147453e-09
3.87377407e-06	2.018643e-09
3.87764218e-06	2.072204e-09
3.88151415e-06	2.180809e-09
3.88538998e-06	2.024312e-09
3.88926969e-06	2.068457e-09
3.89315327e-06	2.171956e-09
3.89704073e-06	1.913140e-09
3.90093207e-06	2.151104e-09
3.90482729e-06	2.171958e-09
3.90872641e-06	2.159531e-09
3.91262941e-06	2.126571e-09
3.91653632e-06	2.071030e-09
3.92044713e-06	1.894831e-09
3.92436184e-06	1.874137e-09
3.92828046e-06	2.182190e-09
3.93220299e-06	1.615027e-09
3.93612944e-06	2.066995e-09
3.94005981e-06	1.936824e-09
3.94399411e-06	2.188420e-09
3.94793233e-06	1.935880e-09
3.95187449e-06	1.899792e-09
3.95582058e-06	2.241612e-09
3.95977062e-06	2.094620e-09
3.96372460e-06	1.716831e-09
3.96768252e-06	2.033926e-09
3.97164440e-06	2.034095e-09
3.97561023e-06	1.772518e-09
3.97958003e-06	2.091613e-09
3.98355379e-06	2.035653e-09
3.98753151e-06	2.086194e-09
3.99151321e-06	1.759945e-09
3.99549888e-06	2.126697e-09
3.99948854e-06	1.582157e-09
4.00348217e-06	2.199134e-09
