2.99769222e-07	1.028476e-15
3.00068553e-07	1.158172e-15
3.00368182e-07	1.186532e-15
3.00668111e-07	1.215543e-15
3.00968339e-07	1.245220e-15
3.01268867e-07	1.275575e-15
3.01569695e-07	1.306624e-15
3.01870824e-07	1.338381e-15
3.02172253e-07	1.370862e-15
3.02473983e-07	1.404082e-15
3.02776015e-07	1.438055e-15
3.03078348e-07	1.472799e-15
3.03380983e-07	1.508329e-15
3.03683920e-07	1.544663e-15
3.03987160e-07	1.581816e-15
3.04290702e-07	1.619806e-15
3.04594547e-07	1.658651e-15
3.04898696e-07	1.698368e-15
3.05203149e-07	1.738976e-15
3.05507906e-07	1.780493e-15
3.05812967e-07	1.822938e-15
3.06118332e-07	1.866330e-15
3.06424003e-07	1.910690e-15
3.06729978e-07	1.956036e-15
3.07036260e-07	2.002390e-15
3.07342847e-07	2.049772e-15
3.07649740e-07	2.098203e-15
3.07956940e-07	2.147706e-15
3.08264446e-07	2.198301e-15
3.08572260e-07	2.250011e-15
3.08880380e-07	2.302860e-15
3.09188809e-07	2.356870e-15
3.09497545e-07	2.412065e-15
3.09806590e-07	2.468469e-15
3.10115944e-07	2.526107e-15
3.10425606e-07	2.585003e-15
3.10735577e-07	2.645184e-15
3.11045858e-07	2.706675e-15
3.11356449e-07	2.769503e-15
3.11667350e-07	2.833695e-15
3.11978561e-07	2.899277e-15
3.12290084e-07	2.966279e-15
3.12601917e-07	3.034728e-15
3.12914061e-07	3.104654e-15
3.13226518e-07	3.176085e-15
3.13539286e-07	3.249053e-15
3.13852367e-07	3.323588e-15
3.14165760e-07	3.399720e-15
3.14479466e-07	3.477482e-15
3.14793485e-07	3.556906e-15
3.15107818e-07	3.638024e-15
3.15422465e-07	3.720871e-15
3.15737426e-07	3.805481e-15
3.16052702e-07	3.891888e-15
3.16368292e-07	3.980127e-15
3.16684197e-07	4.070235e-15
3.17000418e-07	4.162248e-15
3.17316955e-07	4.256203e-15
3.17633808e-07	4.352139e-15
3.17950977e-07	4.450094e-15
3.18268463e-07	4.550108e-15
3.18586266e-07	4.652220e-15
3.18904386e-07	4.756471e-15
3.19222824e-07	4.862903e-15
3.19541579e-07	4.971557e-15
3.19860654e-07	5.082478e-15
3.20180046e-07	5.195708e-15
3.20499758e-07	5.311292e-15
3.20819789e-07	5.429276e-15
3.21140139e-07	5.549705e-15
3.21460810e-07	5.672626e-15
3.21781800e-07	5.798087e-15
3.22103111e-07	5.926137e-15
3.22424743e-07	6.056825e-15
3.22746696e-07	6.190201e-15
3.23068971e-07	6.326316e-15
3.23391567e-07	6.465223e-15
3.23714485e-07	6.606973e-15
3.24037726e-07	6.751622e-15
3.24361290e-07	6.899223e-15
3.24685177e-07	7.049834e-15
3.25009387e-07	7.203509e-15
3.25333921e-07	7.360307e-15
3.25658779e-07	7.520286e-15
3.25983961e-07	7.683506e-15
3.26309468e-07	7.850029e-15
3.26635300e-07	8.019914e-15
3.26961458e-07	8.193226e-15
3.27287941e-07	8.370028e-15
3.27614750e-07	8.550384e-15
3.27941886e-07	8.734362e-15
3.28269348e-07	8.922028e-15
3.28597137e-07	9.113449e-15
3.28925253e-07	9.308696e-15
3.29253697e-07	9.507840e-15
3.29582469e-07	9.710951e-15
3.29911570e-07	9.918104e-15
3.30240998e-07	1.012937e-14
3.30570756e-07	1.034483e-14
3.30900844e-07	1.056456e-14
3.31231260e-07	1.078863e-14
3.31562007e-07	1.101712e-14
3.31893084e-07	1.125012e-14
3.32224491e-07	1.148771e-14
3.32556230e-07	1.172997e-14
3.32888300e-07	1.197698e-14
3.33220701e-07	1.222883e-14
3.33553434e-07	1.248561e-14
3.33886500e-07	1.274741e-14
3.34219898e-07	1.301432e-14
3.34553629e-07	1.328643e-14
3.34887693e-07	1.356383e-14
3.35222091e-07	1.384662e-14
3.35556822e-07	1.413489e-14
3.35891888e-07	1.442874e-14
3.36227289e-07	1.472828e-14
3.36563024e-07	1.503360e-14
3.36899095e-07	1.534481e-14
3.37235501e-07	1.566200e-14
3.37572243e-07	1.598530e-14
3.37909321e-07	1.631479e-14
3.38246736e-07	1.665061e-14
3.38584488e-07	1.699285e-14
3.38922578e-07	1.734163e-14
3.39261004e-07	1.769706e-14
3.39599769e-07	1.805926e-14
3.39938872e-07	1.842835e-14
3.40278313e-07	1.880446e-14
3.40618094e-07	1.918769e-14
3.40958214e-07	1.957819e-14
3.41298673e-07	1.997607e-14
3.41639473e-07	2.038146e-14
3.41980612e-07	2.079449e-14
3.42322093e-07	2.121530e-14
3.42663914e-07	2.164402e-14
3.43006076e-07	2.208079e-14
3.43348581e-07	2.252574e-14
3.43691427e-07	2.297902e-14
3.44034616e-07	2.344077e-14
3.44378147e-07	2.391113e-14
3.44722021e-07	2.439026e-14
3.45066239e-07	2.487831e-14
3.45410800e-07	2.537542e-14
3.45755706e-07	2.588175e-14
3.46100956e-07	2.639746e-14
3.46446550e-07	2.692271e-14
3.46792490e-07	2.745766e-14
3.47138775e-07	2.800247e-14
3.47485406e-07	2.855731e-14
3.47832383e-07	2.912236e-14
3.48179707e-07	2.969778e-14
3.48527377e-07	3.028375e-14
3.48875395e-07	3.088045e-14
3.49223760e-07	3.148805e-14
3.49572472e-07	3.210675e-14
3.49921534e-07	3.273672e-14
3.50270943e-07	3.337815e-14
3.50620702e-07	3.403125e-14
3.50970809e-07	3.469619e-14
3.51321267e-07	3.537318e-14
3.51672074e-07	3.606242e-14
3.52023232e-07	3.676411e-14
3.52374740e-07	3.747846e-14
3.52726599e-07	3.820568e-14
3.53078810e-07	3.894598e-14
3.53431372e-07	3.969958e-14
3.53784286e-07	4.046669e-14
3.54137553e-07	4.124754e-14
3.54491173e-07	4.204235e-14
3.54845145e-07	4.285136e-14
3.55199471e-07	4.367479e-14
3.55554151e-07	4.451285e-14
3.55909185e-07	4.536582e-14
3.56264573e-07	4.623403e-14
3.56620317e-07	4.711756e-14
3.56976415e-07	4.801673e-14
3.57332870e-07	4.893179e-14
3.57689680e-07	4.986300e-14
3.58046846e-07	5.081064e-14
3.58404369e-07	5.177495e-14
3.58762249e-07	5.275620e-14
3.59120487e-07	5.375468e-14
3.59479082e-07	5.477065e-14
3.59838035e-07	5.580439e-14
3.60197347e-07	5.685614e-14
3.60557017e-07	5.792588e-14
3.60917046e-07	5.901508e-14
3.61277436e-07	6.012295e-14
3.61638184e-07	6.124995e-14
3.61999294e-07	6.239650e-14
3.62360763e-07	6.356277e-14
3.62722594e-07	6.474946e-14
3.63084786e-07	6.595660e-14
3.63447339e-07	6.718445e-14
3.63810255e-07	6.843356e-14
3.64173533e-07	6.970406e-14
3.64537174e-07	7.099647e-14
3.64901178e-07	7.231099e-14
3.65265545e-07	7.364802e-14
3.65630276e-07	7.500790e-14
3.65995372e-07	7.639104e-14
3.66360832e-07	7.779775e-14
3.66726656e-07	7.922841e-14
3.67092847e-07	8.068334e-14
3.67459402e-07	8.216308e-14
3.67826324e-07	8.366768e-14
3.68193613e-07	8.519803e-14
3.68561267e-07	8.675417e-14
3.68929290e-07	8.833659e-14
3.69297679e-07	8.994543e-14
3.69666437e-07	9.158178e-14
3.70035562e-07	9.324521e-14
3.70405056e-07	9.493705e-14
3.70774920e-07	9.665685e-14
3.71145152e-07	9.840543e-14
3.71515754e-07	1.001834e-13
3.71886726e-07	1.019907e-13
3.72258069e-07	1.038287e-13
3.72629783e-07	1.056974e-13
3.73001867e-07	1.075966e-13
3.73374323e-07	1.095277e-13
3.73747152e-07	1.114906e-13
3.74120352e-07	1.134858e-13
3.74493925e-07	1.155140e-13
3.74867871e-07	1.175757e-13
3.75242191e-07	1.196722e-13
3.75616884e-07	1.218017e-13
3.75991951e-07	1.239678e-13
3.76367393e-07	1.261687e-13
3.76743210e-07	1.284048e-13
3.77119402e-07	1.306759e-13
3.77495970e-07	1.329896e-13
3.77872913e-07	1.353383e-13
3.78250233e-07	1.377245e-13
3.78627930e-07	1.401503e-13
3.79006004e-07	1.426153e-13
3.79384456e-07	1.451200e-13
3.79763285e-07	1.476646e-13
3.80142493e-07	1.502523e-13
3.80522079e-07	1.528802e-13
3.80902045e-07	1.555510e-13
3.81282390e-07	1.582653e-13
3.81663114e-07	1.610203e-13
3.82044219e-07	1.638217e-13
3.82425704e-07	1.666716e-13
3.82807570e-07	1.695640e-13
3.83189818e-07	1.725033e-13
3.83572447e-07	1.754870e-13
3.83955458e-07	1.785223e-13
3.84338852e-07	1.816026e-13
3.84722629e-07	1.847323e-13
3.85106789e-07	1.879151e-13
3.85491332e-07	1.911463e-13
3.85876259e-07	1.944286e-13
3.86261571e-07	1.977628e-13
3.86647268e-07	2.011478e-13
3.87033349e-07	2.045896e-13
3.87419816e-07	2.080837e-13
3.87806669e-07	2.116318e-13
3.88193909e-07	2.152387e-13
3.88581535e-07	2.188960e-13
3.88969548e-07	2.226173e-13
3.89357948e-07	2.263962e-13
3.89746737e-07	2.302290e-13
3.90135913e-07	2.341287e-13
3.90525478e-07	2.380824e-13
3.90915433e-07	2.420993e-13
3.91305776e-07	2.461810e-13
3.91696509e-07	2.503291e-13
3.92087633e-07	2.545362e-13
3.92479147e-07	2.588094e-13
3.92871052e-07	2.631481e-13
3.93263348e-07	2.675559e-13
3.93656036e-07	2.720299e-13
3.94049116e-07	2.765707e-13
3.94442589e-07	2.811788e-13
3.94836455e-07	2.858702e-13
3.95230713e-07	2.906127e-13
3.95625366e-07	2.954413e-13
3.96020412e-07	3.003458e-13
3.96415854e-07	3.053361e-13
3.96811689e-07	3.103864e-13
3.97207921e-07	3.155175e-13
3.97604547e-07	3.207252e-13
3.98001570e-07	3.260109e-13
3.98398990e-07	3.313693e-13
3.98796806e-07	3.368269e-13
3.99195019e-07	3.423466e-13
3.99593630e-07	3.479766e-13
3.99992639e-07	3.536692e-13
4.00392047e-07	3.594524e-13
4.00791853e-07	3.653323e-13
4.01192059e-07	3.712900e-13
4.01592664e-07	3.773433e-13
4.01993669e-07	3.834811e-13
4.02395074e-07	3.897075e-13
4.02796881e-07	3.960379e-13
4.03199088e-07	4.024587e-13
4.03601698e-07	4.089642e-13
4.04004709e-07	4.155853e-13
4.04408123e-07	4.222924e-13
4.04811939e-07	4.290854e-13
4.05216159e-07	4.360092e-13
4.05620782e-07	4.430305e-13
4.06025810e-07	4.501416e-13
4.06431241e-07	4.573297e-13
4.06837078e-07	4.646842e-13
4.07243320e-07	4.721124e-13
4.07649967e-07	4.796773e-13
4.08057021e-07	4.873306e-13
4.08464481e-07	4.951016e-13
4.08872348e-07	5.029648e-13
4.09280622e-07	5.109804e-13
4.09689304e-07	5.190892e-13
4.10098394e-07	5.273188e-13
4.10507892e-07	5.356167e-13
4.10917800e-07	5.441395e-13
4.11328116e-07	5.522867e-13
4.11738843e-07	5.614365e-13
4.12149979e-07	5.701379e-13
4.12561526e-07	5.792415e-13
4.12973484e-07	5.883754e-13
4.13385854e-07	5.976218e-13
4.13798635e-07	6.069747e-13
4.14211828e-07	6.164479e-13
4.14625434e-07	6.260406e-13
4.15039453e-07	6.358926e-13
4.15453885e-07	6.457870e-13
4.15868731e-07	6.558358e-13
4.16283991e-07	6.660968e-13
4.16699666e-07	6.764181e-13
4.17115756e-07	6.869334e-13
4.17532262e-07	6.975468e-13
4.17949183e-07	7.083635e-13
4.18366521e-07	7.193110e-13
4.18784276e-07	7.303453e-13
4.19202447e-07	7.416522e-13
4.19621036e-07	7.529399e-13
4.20040044e-07	7.646905e-13
4.20459469e-07	7.764249e-13
4.20879314e-07	7.882537e-13
4.21299577e-07	8.004242e-13
4.21720260e-07	8.123458e-13
4.22141364e-07	8.248493e-13
4.22562887e-07	8.376445e-13
4.22984832e-07	8.498602e-13
4.23407198e-07	8.632316e-13
4.23829986e-07	8.762841e-13
4.24253196e-07	8.896908e-13
4.24676828e-07	9.033366e-13
4.25100884e-07	9.169972e-13
4.25525363e-07	9.308129e-13
4.25950266e-07	9.449746e-13
4.26375593e-07	9.592047e-13
4.26801345e-07	9.737365e-13
4.27227522e-07	9.882771e-13
4.27654124e-07	1.003215e-12
4.28081153e-07	1.018240e-12
4.28508608e-07	1.033573e-12
4.28936489e-07	1.048857e-12
4.29364798e-07	1.064410e-12
4.29793535e-07	1.080654e-12
4.30222700e-07	1.096799e-12
4.30652293e-07	1.113081e-12
4.31082315e-07	1.129648e-12
4.31512767e-07	1.146580e-12
4.31943648e-07	1.163577e-12
4.32374960e-07	1.180836e-12
4.32806703e-07	1.198246e-12
4.33238876e-07	1.215779e-12
4.33671481e-07	1.233951e-12
4.34104518e-07	1.252213e-12
4.34537988e-07	1.270467e-12
4.34971890e-07	1.289238e-12
4.35406226e-07	1.308313e-12
4.35840995e-07	1.327192e-12
4.36276198e-07	1.346932e-12
4.36711836e-07	1.366411e-12
4.37147909e-07	1.386541e-12
4.37584417e-07	1.407097e-12
4.38021362e-07	1.427598e-12
4.38458742e-07	1.448261e-12
4.38896560e-07	1.469495e-12
4.39334814e-07	1.490541e-12
4.39773506e-07	1.512295e-12
4.40212636e-07	1.534502e-12
4.40652205e-07	1.556751e-12
4.41092212e-07	1.579133e-12
4.41532659e-07	1.601915e-12
4.41973546e-07	1.624941e-12
4.42414873e-07	1.648496e-12
4.42856641e-07	1.671692e-12
4.43298849e-07	1.695513e-12
4.43741500e-07	1.720568e-12
4.44184592e-07	1.745211e-12
4.44628127e-07	1.770329e-12
4.45072105e-07	1.795628e-12
4.45516526e-07	1.821158e-12
4.45961390e-07	1.838193e-12
4.46406699e-07	1.873686e-12
4.46852453e-07	1.900396e-12
4.47298652e-07	1.927242e-12
4.47745296e-07	1.954977e-12
4.48192386e-07	1.982702e-12
4.48639923e-07	2.008177e-12
4.49087906e-07	2.038846e-12
4.49536337e-07	2.068260e-12
4.49985216e-07	2.097285e-12
4.50434543e-07	2.126849e-12
4.50884319e-07	2.156609e-12
4.51334543e-07	2.186995e-12
4.51785218e-07	2.217539e-12
4.52236342e-07	2.248377e-12
4.52687917e-07	2.280438e-12
4.53139942e-07	2.312257e-12
4.53592419e-07	2.344822e-12
4.54045348e-07	2.377320e-12
4.54498729e-07	2.408542e-12
4.54952563e-07	2.444539e-12
4.55406850e-07	2.478706e-12
4.55861591e-07	2.512874e-12
4.56316785e-07	2.548107e-12
4.56772435e-07	2.583718e-12
4.57228539e-07	2.619244e-12
4.57685098e-07	2.655241e-12
4.58142114e-07	2.691833e-12
4.58599586e-07	2.729025e-12
4.59057514e-07	2.766227e-12
4.59515900e-07	2.805161e-12
4.59974744e-07	2.843770e-12
4.60434046e-07	2.882323e-12
4.60893806e-07	2.921556e-12
4.61354026e-07	2.962673e-12
4.61814705e-07	3.003135e-12
4.62275844e-07	3.044132e-12
4.62737444e-07	3.085364e-12
4.63199504e-07	3.127797e-12
4.63662026e-07	3.170254e-12
4.64125010e-07	3.213088e-12
4.64588456e-07	3.255932e-12
4.65052364e-07	3.300211e-12
4.65516737e-07	3.343784e-12
4.65981572e-07	3.391772e-12
4.66446872e-07	3.436170e-12
4.66912637e-07	3.480307e-12
4.67378866e-07	3.530438e-12
4.67845561e-07	3.575781e-12
4.68312722e-07	3.626602e-12
4.68780350e-07	3.668044e-12
4.69248445e-07	3.724775e-12
4.69717007e-07	3.772060e-12
4.70186036e-07	3.825757e-12
4.70655535e-07	3.875075e-12
4.71125502e-07	3.917591e-12
4.71595938e-07	3.980886e-12
4.72066844e-07	4.033974e-12
4.72538220e-07	4.086918e-12
4.73010067e-07	4.141657e-12
4.73482385e-07	4.197272e-12
4.73955175e-07	4.245657e-12
4.74428437e-07	4.308651e-12
4.74902171e-07	4.363320e-12
4.75376378e-07	4.420124e-12
4.75851059e-07	4.477253e-12
4.76326214e-07	4.541281e-12
4.76801844e-07	4.603161e-12
4.77277948e-07	4.658745e-12
4.77754528e-07	4.717663e-12
4.78231583e-07	4.783669e-12
4.78709115e-07	4.847752e-12
4.79187124e-07	4.910639e-12
4.79665610e-07	4.973227e-12
4.80144574e-07	5.026307e-12
4.80624016e-07	5.106558e-12
4.81103937e-07	5.169684e-12
4.81584337e-07	5.238755e-12
4.82065217e-07	5.304784e-12
4.82546577e-07	5.380394e-12
4.83028417e-07	5.440962e-12
4.83510739e-07	5.486023e-12
4.83993543e-07	5.574759e-12
4.84476828e-07	5.641749e-12
4.84960596e-07	5.725063e-12
4.85444847e-07	5.801208e-12
4.85929582e-07	5.883944e-12
4.86414801e-07	5.956433e-12
4.86900504e-07	6.033789e-12
4.87386692e-07	6.110336e-12
4.87873366e-07	6.148127e-12
4.88360525e-07	6.272089e-12
4.88848171e-07	6.347414e-12
4.89336304e-07	6.426195e-12
4.89824925e-07	6.461427e-12
4.90314033e-07	6.595405e-12
4.90803630e-07	6.672190e-12
4.91293716e-07	6.766349e-12
4.91784291e-07	6.853548e-12
4.92275355e-07	6.938581e-12
4.92766911e-07	7.021763e-12
4.93258957e-07	7.122218e-12
4.93751494e-07	7.209695e-12
4.94244523e-07	7.282741e-12
4.94738045e-07	7.386214e-12
4.95232059e-07	7.481746e-12
4.95726566e-07	7.578891e-12
4.96221568e-07	7.670294e-12
4.96717063e-07	7.764040e-12
4.97213054e-07	7.853100e-12
4.97709539e-07	7.957513e-12
4.98206521e-07	8.065806e-12
4.98703999e-07	8.161543e-12
4.99201973e-07	8.257900e-12
4.99700445e-07	8.364077e-12
5.00199414e-07	8.480468e-12
5.00698882e-07	8.592147e-12
5.01198848e-07	8.684545e-12
5.01699314e-07	8.794170e-12
5.02200279e-07	8.895128e-12
5.02701745e-07	9.022994e-12
5.03203711e-07	9.112370e-12
5.03706178e-07	9.232940e-12
5.04209148e-07	9.363898e-12
5.04712619e-07	9.465979e-12
5.05216594e-07	9.594003e-12
5.05721071e-07	9.692512e-12
5.06226052e-07	9.832777e-12
5.06731538e-07	9.927732e-12
5.07237528e-07	1.005944e-11
5.07744023e-07	1.019751e-11
5.08251025e-07	1.030193e-11
5.08758532e-07	1.041389e-11
5.09266546e-07	1.057580e-11
5.09775068e-07	1.070683e-11
5.10284097e-07	1.082111e-11
5.10793635e-07	1.086775e-11
5.11303681e-07	1.107081e-11
5.11814237e-07	1.120264e-11
5.12325302e-07	1.125486e-11
5.12836878e-07	1.146877e-11
5.13348965e-07	1.159242e-11
5.13861563e-07	1.176676e-11
5.14374672e-07	1.187779e-11
5.14888295e-07	1.208219e-11
5.15402430e-07	1.222117e-11
5.15917078e-07	1.237074e-11
5.16432240e-07	1.250430e-11
5.16947917e-07	1.264820e-11
5.17464109e-07	1.280528e-11
5.17980816e-07	1.296470e-11
5.18498039e-07	1.314564e-11
5.19015778e-07	1.329088e-11
5.19534035e-07	1.346993e-11
5.20052809e-07	1.362993e-11
5.20572101e-07	1.376197e-11
5.21091911e-07	1.394615e-11
5.21612241e-07	1.410633e-11
5.22133090e-07	1.430254e-11
5.22654459e-07	1.444940e-11
5.23176349e-07	1.461226e-11
5.23698760e-07	1.480209e-11
5.24221693e-07	1.488117e-11
5.24745148e-07	1.512948e-11
5.25269125e-07	1.533374e-11
5.25793626e-07	1.552556e-11
5.26318650e-07	1.571305e-11
5.26844199e-07	1.584467e-11
5.27370272e-07	1.606198e-11
5.27896871e-07	1.611391e-11
5.28423996e-07	1.646886e-11
5.28951647e-07	1.664791e-11
5.29479824e-07	1.681468e-11
5.30008530e-07	1.705361e-11
5.30537763e-07	1.724756e-11
5.31067524e-07	1.742215e-11
5.31597815e-07	1.764668e-11
5.32128635e-07	1.786226e-11
5.32659985e-07	1.802173e-11
5.33191866e-07	1.824666e-11
5.33724278e-07	1.847524e-11
5.34257221e-07	1.867214e-11
5.34790697e-07	1.889995e-11
5.35324705e-07	1.913310e-11
5.35859247e-07	1.932107e-11
5.36394322e-07	1.945773e-11
5.36929932e-07	1.981612e-11
5.37466076e-07	2.002442e-11
5.38002756e-07	2.028587e-11
5.38539972e-07	2.047589e-11
5.39077724e-07	2.060708e-11
5.39616013e-07	2.071920e-11
5.40154839e-07	2.104374e-11
5.40694204e-07	2.136271e-11
5.41234107e-07	2.167069e-11
5.41774550e-07	2.181626e-11
5.42315532e-07	2.192902e-11
5.42857054e-07	2.226817e-11
5.43399117e-07	2.232188e-11
5.43941721e-07	2.247851e-11
5.44484867e-07	2.315199e-11
5.45028555e-07	2.337660e-11
5.45572786e-07	2.372149e-11
5.46117561e-07	2.385925e-11
5.46662879e-07	2.397896e-11
5.47208743e-07	2.441718e-11
5.47755151e-07	2.476527e-11
5.48302105e-07	2.494972e-11
5.48849605e-07	2.534430e-11
5.49397651e-07	2.561407e-11
5.49946245e-07	2.597373e-11
5.50495387e-07	2.610858e-11
5.51045077e-07	2.656848e-11
5.51595316e-07	2.656648e-11
5.52146104e-07	2.718022e-11
5.52697443e-07	2.715839e-11
5.53249331e-07	2.769703e-11
5.53801771e-07	2.759814e-11
5.54354763e-07	2.824767e-11
5.54908307e-07	2.872879e-11
5.55462403e-07	2.892360e-11
5.56017053e-07	2.926303e-11
5.56572257e-07	2.930081e-11
5.57128015e-07	2.977278e-11
5.57684328e-07	3.005807e-11
5.58241196e-07	3.065930e-11
5.58798621e-07	3.103799e-11
5.59356602e-07	3.131857e-11
5.59915140e-07	3.166853e-11
5.60474236e-07	3.190535e-11
5.61033890e-07	3.232912e-11
5.61594104e-07	3.257603e-11
5.62154876e-07	3.315305e-11
5.62716209e-07	3.338061e-11
5.63278102e-07	3.381906e-11
5.63840556e-07	3.398126e-11
5.64403571e-07	3.450945e-11
5.64967149e-07	3.496636e-11
5.65531290e-07	3.520384e-11
5.66095994e-07	3.541600e-11
5.66661262e-07	3.602038e-11
5.67227094e-07	3.633672e-11
5.67793491e-07	3.646173e-11
5.68360454e-07	3.555538e-11
5.68927983e-07	3.721315e-11
5.69496079e-07	3.771660e-11
5.70064741e-07	3.809951e-11
5.70633972e-07	3.827411e-11
5.71203771e-07	3.855934e-11
5.71774140e-07	3.868684e-11
5.72345077e-07	3.938705e-11
5.72916585e-07	4.041238e-11
5.73488663e-07	4.093614e-11
5.74061313e-07	4.110641e-11
5.74634535e-07	4.133005e-11
5.75208328e-07	4.172423e-11
5.75782695e-07	4.252391e-11
5.76357636e-07	4.275445e-11
5.76933150e-07	4.346223e-11
5.77509239e-07	4.381709e-11
5.78085904e-07	4.351620e-11
5.78663144e-07	4.439235e-11
5.79240960e-07	4.436903e-11
5.79819354e-07	4.558344e-11
5.80398325e-07	4.525697e-11
5.80977874e-07	4.628780e-11
5.81558002e-07	4.574079e-11
5.82138709e-07	4.778959e-11
5.82719997e-07	4.783332e-11
5.83301864e-07	4.844404e-11
5.83884313e-07	4.782624e-11
5.84467343e-07	4.872709e-11
5.85050955e-07	4.951039e-11
5.85635150e-07	5.041953e-11
5.86219928e-07	4.997247e-11
5.86805291e-07	4.888243e-11
5.87391238e-07	5.169404e-11
5.87977770e-07	5.184573e-11
5.88564887e-07	5.238325e-11
5.89152591e-07	4.832395e-11
5.89740882e-07	5.216810e-11
5.90329760e-07	5.135663e-11
5.90919226e-07	5.424358e-11
5.91509281e-07	5.507002e-11
5.92099925e-07	5.311815e-11
5.92691158e-07	5.567883e-11
5.93282982e-07	5.595331e-11
5.93875397e-07	5.646377e-11
5.94468404e-07	5.695069e-11
5.95062003e-07	5.725528e-11
5.95656194e-07	5.899894e-11
5.96250979e-07	5.914975e-11
5.96846358e-07	5.689955e-11
5.97442331e-07	5.998817e-11
5.98038899e-07	6.006893e-11
5.98636063e-07	6.210772e-11
5.99233823e-07	6.117084e-11
5.99832181e-07	6.312248e-11
6.00431135e-07	5.797881e-11
6.01030688e-07	6.383709e-11
6.01630839e-07	6.387154e-11
6.02231590e-07	6.394031e-11
6.02832941e-07	6.624521e-11
6.03434892e-07	6.718173e-11
6.04037444e-07	6.578149e-11
6.04640598e-07	6.463691e-11
6.05244354e-07	6.764511e-11
6.05848713e-07	6.815757e-11
6.06453675e-07	6.886443e-11
6.07059241e-07	7.092678e-11
6.07665413e-07	7.134361e-11
6.08272189e-07	7.296200e-11
6.08879571e-07	7.423930e-11
6.09487560e-07	7.473303e-11
6.10096156e-07	7.573207e-11
6.10705360e-07	7.470904e-11
6.11315172e-07	7.724573e-11
6.11925592e-07	7.763992e-11
6.12536623e-07	7.726707e-11
6.13148263e-07	7.998247e-11
6.13760515e-07	7.970035e-11
6.14373377e-07	7.832107e-11
6.14986852e-07	8.151321e-11
6.15600939e-07	8.294615e-11
6.16215639e-07	8.261342e-11
6.16830953e-07	8.124866e-11
6.17446882e-07	8.485151e-11
6.18063426e-07	8.565640e-11
6.18680585e-07	8.736149e-11
6.19298360e-07	8.665557e-11
6.19916753e-07	8.672987e-11
6.20535763e-07	8.923985e-11
6.21155390e-07	8.844872e-11
6.21775637e-07	9.216201e-11
6.22396503e-07	9.179535e-11
6.23017989e-07	9.344813e-11
6.23640096e-07	9.206523e-11
6.24262823e-07	9.384211e-11
6.24886173e-07	9.503363e-11
6.25510145e-07	9.654279e-11
6.26134740e-07	9.420178e-11
6.26759959e-07	9.518106e-11
6.27385802e-07	9.721484e-11
6.28012270e-07	9.622709e-11
6.28639363e-07	9.775555e-11
6.29267083e-07	1.026446e-10
6.29895429e-07	1.016423e-10
6.30524403e-07	1.006644e-10
6.31154005e-07	1.016691e-10
6.31784236e-07	1.033282e-10
6.32415096e-07	1.016827e-10
6.33046586e-07	1.008008e-10
6.33678706e-07	1.086903e-10
6.34311458e-07	1.092652e-10
6.34944842e-07	1.089925e-10
6.35578858e-07	1.111846e-10
6.36213507e-07	1.129510e-10
6.36848789e-07	1.133536e-10
6.37484706e-07	1.103458e-10
6.38121259e-07	1.128788e-10
6.38758446e-07	1.127856e-10
6.39396270e-07	1.169882e-10
6.40034731e-07	1.177483e-10
6.40673830e-07	1.174827e-10
6.41313566e-07	1.180925e-10
6.41953941e-07	1.197869e-10
6.42594956e-07	1.219179e-10
6.43236611e-07	1.190873e-10
6.43878907e-07	1.206264e-10
6.44521844e-07	1.165116e-10
6.45165423e-07	1.236828e-10
6.45809644e-07	1.248160e-10
6.46454509e-07	1.239993e-10
6.47100018e-07	1.203874e-10
6.47746171e-07	1.208357e-10
6.48392970e-07	1.252991e-10
6.49040414e-07	1.318916e-10
6.49688505e-07	1.288381e-10
6.50337243e-07	1.338918e-10
6.50986629e-07	1.332214e-10
6.51636663e-07	1.241706e-10
6.52287347e-07	1.292811e-10
6.52938680e-07	1.291702e-10
6.53590663e-07	1.344288e-10
6.54243298e-07	1.356685e-10
6.54896584e-07	1.402136e-10
6.55550522e-07	1.388270e-10
6.56205114e-07	1.328325e-10
6.56860359e-07	1.363953e-10
6.57516258e-07	1.309122e-10
6.58172813e-07	1.426155e-10
6.58830023e-07	1.014289e-10
6.59487889e-07	1.324784e-10
6.60146412e-07	1.454039e-10
6.60805592e-07	1.528658e-10
6.61465431e-07	1.490000e-10
6.62125929e-07	1.531985e-10
6.62787086e-07	1.002810e-10
6.63448904e-07	1.290163e-10
6.64111382e-07	1.564358e-10
6.64774522e-07	1.435531e-10
6.65438324e-07	1.550047e-10
6.66102789e-07	1.580620e-10
6.66767917e-07	1.528304e-10
6.67433710e-07	1.513393e-10
6.68100167e-07	1.603485e-10
6.68767290e-07	1.635333e-10
6.69435079e-07	1.650590e-10
6.70103534e-07	1.682613e-10
6.70772657e-07	1.574452e-10
6.71442449e-07	1.722208e-10
6.72112909e-07	1.667880e-10
6.72784039e-07	1.753549e-10
6.73455838e-07	1.762029e-10
6.74128309e-07	1.618557e-10
6.74801451e-07	1.604066e-10
6.75475265e-07	1.734411e-10
6.76149752e-07	1.830052e-10
6.76824913e-07	1.652577e-10
6.77500748e-07	1.807204e-10
6.78177257e-07	1.835564e-10
6.78854443e-07	1.822132e-10
6.79532304e-07	1.811175e-10
6.80210842e-07	1.874503e-10
6.80890058e-07	1.890905e-10
6.81569952e-07	1.820315e-10
6.82250525e-07	1.860628e-10
6.82931777e-07	1.972286e-10
6.83613710e-07	1.949316e-10
6.84296323e-07	1.974246e-10
6.84979619e-07	2.015837e-10
6.85663596e-07	1.935931e-10
6.86348257e-07	2.028466e-10
6.87033601e-07	2.030044e-10
6.87719629e-07	1.475042e-10
6.88406343e-07	1.911589e-10
6.89093742e-07	2.026871e-10
6.89781828e-07	2.012552e-10
6.90470600e-07	1.987496e-10
6.91160061e-07	1.881109e-10
6.91850210e-07	1.844145e-10
6.92541048e-07	1.484212e-10
6.93232576e-07	1.842689e-10
6.93924794e-07	1.965847e-10
6.94617704e-07	1.922148e-10
6.95311305e-07	1.973895e-10
6.96005599e-07	2.013276e-10
6.96700587e-07	1.996154e-10
6.97396268e-07	2.019285e-10
6.98092644e-07	2.076690e-10
6.98789716e-07	2.145795e-10
6.99487483e-07	2.185435e-10
7.00185947e-07	2.016945e-10
7.00885109e-07	2.019399e-10
7.01584968e-07	2.205762e-10
7.02285527e-07	2.148403e-10
7.02986785e-07	2.019099e-10
7.03688744e-07	2.150210e-10
7.04391403e-07	2.118839e-10
7.05094764e-07	2.088411e-10
7.05798827e-07	2.346271e-10
7.06503593e-07	2.312198e-10
7.07209063e-07	1.974640e-10
7.07915238e-07	2.277346e-10
7.08622117e-07	2.231545e-10
7.09329703e-07	1.894219e-10
7.10037995e-07	2.247450e-10
7.10746994e-07	2.071845e-10
7.11456701e-07	2.341055e-10
7.12167117e-07	1.991384e-10
7.12878242e-07	2.223921e-10
7.13590078e-07	2.236329e-10
7.14302624e-07	2.019815e-10
7.15015881e-07	2.215929e-10
7.15729851e-07	2.006967e-10
7.16444534e-07	1.984503e-10
7.17159931e-07	2.154488e-10
7.17876041e-07	2.051375e-10
7.18592867e-07	2.091352e-10
7.19310409e-07	2.057102e-10
7.20028667e-07	2.105952e-10
7.20747642e-07	1.999319e-10
7.21467335e-07	1.775440e-10
7.22187747e-07	2.141577e-10
7.22908878e-07	2.160939e-10
7.23630730e-07	1.679228e-10
7.24353302e-07	1.956932e-10
7.25076595e-07	2.160669e-10
7.25800611e-07	2.047878e-10
7.26525350e-07	2.019306e-10
7.27250813e-07	2.182189e-10
7.27976999e-07	2.337594e-10
7.28703911e-07	2.207529e-10
7.29431549e-07	2.123106e-10
7.30159914e-07	1.996916e-10
7.30889005e-07	1.967766e-10
7.31618825e-07	2.389268e-10
7.32349374e-07	2.010146e-10
7.33080652e-07	2.305068e-10
7.33812660e-07	2.327709e-10
7.34545399e-07	2.392573e-10
7.35278870e-07	2.366790e-10
7.36013073e-07	2.301960e-10
7.36748009e-07	1.819291e-10
7.37483680e-07	2.364844e-10
7.38220084e-07	2.256860e-10
7.38957224e-07	2.451484e-10
7.39695101e-07	2.684312e-10
7.40433714e-07	2.267441e-10
7.41173064e-07	2.335106e-10
7.41913153e-07	1.889653e-10
7.42653981e-07	2.496465e-10
7.43395548e-07	2.627023e-10
7.44137856e-07	9.560298e-11
7.44880905e-07	2.585762e-10
7.45624697e-07	1.661797e-10
7.46369230e-07	2.413470e-10
7.47114508e-07	2.233009e-10
7.47860529e-07	2.707907e-10
7.48607296e-07	2.489527e-10
7.49354808e-07	2.753477e-10
7.50103066e-07	2.717541e-10
7.50852072e-07	2.247949e-10
7.51601826e-07	2.415673e-10
7.52352328e-07	2.554019e-10
7.53103580e-07	2.403483e-10
7.53855582e-07	2.627857e-10
7.54608334e-07	2.751755e-10
7.55361839e-07	2.763749e-10
7.56116095e-07	2.695388e-10
7.56871105e-07	2.608580e-10
7.57626869e-07	2.769196e-10
7.58383388e-07	2.853746e-10
7.59140662e-07	2.592541e-10
7.59898692e-07	2.815646e-10
7.60657479e-07	2.728126e-10
7.61417023e-07	3.004384e-10
7.62177326e-07	3.094471e-10
7.62938389e-07	3.186340e-10
7.63700211e-07	3.239091e-10
7.64462794e-07	3.190940e-10
7.65226138e-07	2.866608e-10
7.65990245e-07	3.201266e-10
7.66755115e-07	3.243784e-10
7.67520748e-07	3.080166e-10
7.68287146e-07	3.352073e-10
7.69054309e-07	3.187861e-10
7.69822238e-07	3.003520e-10
7.70590934e-07	2.901926e-10
7.71360398e-07	3.201967e-10
7.72130630e-07	3.017014e-10
7.72901631e-07	3.546433e-10
7.73673402e-07	3.296617e-10
7.74445944e-07	3.409550e-10
7.75219257e-07	3.441868e-10
7.75993342e-07	3.542707e-10
7.76768200e-07	3.480124e-10
7.77543832e-07	3.280624e-10
7.78320238e-07	3.533634e-10
7.79097420e-07	3.170208e-10
7.79875377e-07	3.591363e-10
7.80654112e-07	3.728836e-10
7.81433624e-07	3.648333e-10
7.82213914e-07	3.730564e-10
7.82994984e-07	3.786928e-10
7.83776833e-07	3.400499e-10
7.84559463e-07	3.568997e-10
7.85342875e-07	3.693403e-10
7.86127069e-07	3.801348e-10
7.86912046e-07	3.361160e-10
7.87697807e-07	3.840733e-10
7.88484352e-07	3.702047e-10
7.89271683e-07	3.694721e-10
7.90059800e-07	3.706854e-10
7.90848704e-07	3.962887e-10
7.91638396e-07	3.988179e-10
7.92428876e-07	4.042333e-10
7.93220146e-07	4.042518e-10
7.94012205e-07	4.048022e-10
7.94805056e-07	4.052439e-10
7.95598698e-07	4.129717e-10
7.96393133e-07	3.938821e-10
7.97188361e-07	4.299284e-10
7.97984383e-07	4.033305e-10
7.98781200e-07	4.146680e-10
7.99578813e-07	4.237513e-10
8.00377222e-07	4.019302e-10
8.01176428e-07	4.213845e-10
8.01976433e-07	4.258805e-10
8.02777236e-07	4.284416e-10
8.03578839e-07	3.615504e-10
8.04381242e-07	3.982678e-10
8.05184446e-07	4.238049e-10
8.05988453e-07	3.920368e-10
8.06793262e-07	3.044986e-10
8.07598875e-07	2.773377e-10
8.08405293e-07	3.818417e-10
8.09212515e-07	3.418178e-10
8.10020544e-07	3.553064e-10
8.10829379e-07	3.261571e-10
8.11639023e-07	3.229210e-10
8.12449474e-07	2.773740e-10
8.13260735e-07	3.014723e-10
8.14072806e-07	3.774202e-10
8.14885688e-07	2.610255e-10
8.15699382e-07	2.808658e-10
8.16513888e-07	3.955790e-10
8.17329207e-07	3.967006e-10
8.18145341e-07	4.023376e-10
8.18962289e-07	3.815421e-10
8.19780053e-07	3.675106e-10
8.20598634e-07	3.660742e-10
8.21418032e-07	4.089949e-10
8.22238248e-07	4.240009e-10
8.23059284e-07	8.276023e-11
8.23881139e-07	3.888514e-10
8.24703815e-07	3.355783e-10
8.25527312e-07	4.143340e-10
8.26351632e-07	3.788833e-10
8.27176774e-07	4.211441e-10
8.28002741e-07	4.787077e-10
8.28829533e-07	3.405496e-10
8.29657150e-07	3.081372e-10
8.30485593e-07	4.487506e-10
8.31314864e-07	3.918168e-10
8.32144962e-07	4.902816e-10
8.32975890e-07	4.837589e-10
8.33807647e-07	4.488276e-10
8.34640235e-07	3.172940e-10
8.35473654e-07	2.345626e-10
8.36307906e-07	3.811688e-10
8.37142990e-07	4.058312e-10
8.37978908e-07	4.352956e-10
8.38815661e-07	3.481577e-10
8.39653250e-07	4.511456e-10
8.40491675e-07	3.768810e-10
8.41330937e-07	4.075335e-10
8.42171037e-07	4.279612e-10
8.43011976e-07	4.189549e-10
8.43853755e-07	4.336357e-10
8.44696374e-07	4.838995e-10
8.45539834e-07	4.457819e-10
8.46384137e-07	2.797466e-10
8.47229283e-07	4.474208e-10
8.48075273e-07	4.415635e-10
8.48922108e-07	4.879089e-10
8.49769788e-07	4.876266e-10
8.50618314e-07	4.570190e-10
8.51467688e-07	4.747994e-10
8.52317910e-07	4.677532e-10
8.53168981e-07	5.022873e-10
8.54020902e-07	5.135757e-10
8.54873674e-07	4.552141e-10
8.55727297e-07	3.780245e-10
8.56581772e-07	4.237047e-10
8.57437101e-07	4.715084e-10
8.58293284e-07	4.706321e-10
8.59150321e-07	5.278310e-10
8.60008215e-07	4.445878e-10
8.60866965e-07	5.358505e-10
8.61726572e-07	5.277291e-10
8.62587038e-07	5.337994e-10
8.63448363e-07	5.315390e-10
8.64310548e-07	5.390472e-10
8.65173595e-07	5.393545e-10
8.66037502e-07	5.265278e-10
8.66902273e-07	5.909583e-10
8.67767907e-07	5.213338e-10
8.68634405e-07	6.241959e-10
8.69501769e-07	5.191369e-10
8.70369999e-07	5.288867e-10
8.71239096e-07	4.076675e-10
8.72109060e-07	6.103038e-10
8.72979893e-07	5.995888e-10
8.73851596e-07	6.387969e-10
8.74724169e-07	6.153825e-10
8.75597614e-07	5.649782e-10
8.76471930e-07	6.136520e-10
8.77347120e-07	6.737805e-10
8.78223184e-07	5.632136e-10
8.79100122e-07	6.491483e-10
8.79977936e-07	6.618136e-10
8.80856627e-07	6.088160e-10
8.81736195e-07	6.259607e-10
8.82616641e-07	6.557793e-10
8.83497966e-07	6.032981e-10
8.84380172e-07	6.341914e-10
8.85263258e-07	6.845161e-10
8.86147226e-07	6.157589e-10
8.87032077e-07	5.966239e-10
8.87917812e-07	6.546918e-10
8.88804430e-07	6.246177e-10
8.89691935e-07	6.462590e-10
8.90580325e-07	6.789648e-10
8.91469602e-07	5.365922e-10
8.92359768e-07	5.521771e-10
8.93250822e-07	5.638435e-10
8.94142766e-07	6.594647e-10
8.95035601e-07	5.950406e-10
8.95929327e-07	5.898975e-10
8.96823946e-07	5.531129e-10
8.97719458e-07	3.121224e-10
8.98615864e-07	6.360187e-10
8.99513165e-07	6.549119e-10
9.00411362e-07	6.851146e-10
9.01310456e-07	6.516214e-10
9.02210448e-07	6.624940e-10
9.03111339e-07	5.871440e-10
9.04013129e-07	5.772648e-10
9.04915820e-07	6.348638e-10
9.05819412e-07	5.919096e-10
9.06723906e-07	6.951204e-10
9.07629303e-07	5.630779e-10
9.08535605e-07	7.319644e-10
9.09442811e-07	5.589220e-10
9.10350924e-07	6.684776e-10
9.11259943e-07	7.273706e-10
9.12169869e-07	6.732368e-10
9.13080705e-07	4.354553e-10
9.13992450e-07	7.156376e-10
9.14905105e-07	7.361548e-10
9.15818672e-07	1.555652e-10
9.16733151e-07	4.976180e-10
9.17648543e-07	3.553445e-10
9.18564849e-07	6.424177e-10
9.19482070e-07	5.136881e-10
9.20400207e-07	5.068962e-10
9.21319260e-07	5.207073e-10
9.22239232e-07	5.198152e-10
9.23160122e-07	3.185217e-10
9.24081931e-07	3.976064e-10
9.25004661e-07	7.126409e-10
9.25928313e-07	1.330707e-10
9.26852887e-07	5.611693e-10
9.27778384e-07	3.820756e-10
9.28704805e-07	1.152077e-10
9.29632151e-07	3.469599e-10
9.30560423e-07	5.952753e-10
9.31489622e-07	6.295183e-10
9.32419749e-07	1.507954e-10
9.33350805e-07	1.676975e-10
9.34282790e-07	3.455101e-10
9.35215706e-07	4.698908e-10
9.36149554e-07	4.697813e-10
9.37084334e-07	5.775621e-10
9.38020047e-07	6.343177e-11
9.38956695e-07	2.248645e-10
9.39894278e-07	4.106220e-10
9.40832797e-07	6.339665e-10
9.41772253e-07	1.226392e-10
9.42712648e-07	3.316853e-10
9.43653981e-07	2.115644e-10
9.44596255e-07	2.684177e-10
9.45539469e-07	4.889735e-10
9.46483625e-07	5.451885e-10
9.47428724e-07	2.970465e-10
9.48374767e-07	4.490870e-10
9.49321755e-07	4.139035e-10
9.50269687e-07	4.484857e-10
9.51218567e-07	5.544972e-10
9.52168394e-07	3.987251e-10
9.53119169e-07	3.647227e-10
9.54070894e-07	6.321077e-10
9.55023569e-07	5.758988e-10
9.55977196e-07	3.607597e-10
9.56931774e-07	1.889817e-10
9.57887306e-07	5.683034e-10
9.58843792e-07	5.485047e-10
9.59801233e-07	3.676418e-10
9.60759630e-07	2.362667e-10
9.61718984e-07	5.016376e-10
9.62679296e-07	2.162888e-10
9.63640567e-07	1.635099e-10
9.64602798e-07	5.562570e-10
9.65565990e-07	4.594550e-10
9.66530143e-07	5.881254e-10
9.67495259e-07	4.663141e-10
9.68461339e-07	2.760496e-10
9.69428384e-07	3.511432e-10
9.70396394e-07	6.727456e-10
9.71365371e-07	6.163642e-10
9.72335315e-07	5.451431e-10
9.73306228e-07	4.328697e-10
9.74278110e-07	1.884242e-10
9.75250963e-07	2.833133e-10
9.76224787e-07	5.988284e-10
9.77199584e-07	4.972956e-10
9.78175354e-07	4.747470e-10
9.79152098e-07	4.486164e-10
9.80129818e-07	6.474101e-10
9.81108514e-07	5.426581e-10
9.82088187e-07	5.412837e-10
9.83068838e-07	5.442492e-10
9.84050469e-07	4.832595e-10
9.85033080e-07	4.131562e-10
9.86016672e-07	4.705592e-10
9.87001246e-07	5.883005e-10
9.87986804e-07	4.486203e-10
9.88973345e-07	5.614435e-10
9.89960871e-07	5.380873e-10
9.90949384e-07	5.733258e-10
9.91938884e-07	5.466305e-10
9.92929371e-07	5.799097e-10
9.93920848e-07	7.145892e-10
9.94913315e-07	6.024516e-10
9.95906773e-07	5.573986e-10
9.96901223e-07	5.464108e-10
9.97896665e-07	7.029483e-10
9.98893102e-07	7.215292e-10
9.99890534e-07	6.980162e-10
1.00088896e-06	4.620568e-10
1.00188839e-06	4.759778e-10
1.00288881e-06	6.394476e-10
1.00389023e-06	7.413354e-10
1.00489265e-06	6.360991e-10
1.00589607e-06	6.154086e-10
1.00690050e-06	7.582144e-10
1.00790593e-06	6.989755e-10
1.00891236e-06	7.760999e-10
1.00991979e-06	7.676474e-10
1.01092824e-06	5.595058e-10
1.01193769e-06	7.623500e-10
1.01294814e-06	6.730886e-10
1.01395961e-06	7.429448e-10
1.01497209e-06	7.816304e-10
1.01598557e-06	8.055210e-10
1.01700007e-06	7.466495e-10
1.01801558e-06	7.410715e-10
1.01903211e-06	8.462305e-10
1.02004965e-06	5.818304e-10
1.02106821e-06	8.300434e-10
1.02208778e-06	8.346518e-10
1.02310838e-06	7.170612e-10
1.02412999e-06	7.764631e-10
1.02515262e-06	8.253435e-10
1.02617627e-06	7.392977e-10
1.02720095e-06	8.425694e-10
1.02822665e-06	7.949679e-10
1.02925337e-06	7.951654e-10
1.03028112e-06	8.026999e-10
1.03130989e-06	8.754171e-10
1.03233969e-06	8.298103e-10
1.03337052e-06	8.750775e-10
1.03440238e-06	9.378029e-10
1.03543527e-06	9.006797e-10
1.03646919e-06	9.448067e-10
1.03750414e-06	8.293600e-10
1.03854013e-06	8.850172e-10
1.03957715e-06	9.327206e-10
1.04061521e-06	9.459432e-10
1.04165430e-06	8.676123e-10
1.04269443e-06	8.667143e-10
1.04373560e-06	9.131799e-10
1.04477781e-06	8.928127e-10
1.04582106e-06	9.587545e-10
1.04686535e-06	8.002805e-10
1.04791068e-06	8.521261e-10
1.04895706e-06	9.302570e-10
1.05000448e-06	9.033229e-10
1.05105295e-06	8.691555e-10
1.05210246e-06	8.640723e-10
1.05315303e-06	1.024072e-09
1.05420464e-06	1.021122e-09
1.05525730e-06	1.068326e-09
1.05631102e-06	1.007123e-09
1.05736578e-06	1.048849e-09
1.05842160e-06	1.067377e-09
1.05947847e-06	9.721017e-10
1.06053640e-06	9.337819e-10
1.06159539e-06	1.029773e-09
1.06265543e-06	1.052125e-09
1.06371653e-06	1.015704e-09
1.06477869e-06	1.102013e-09
1.06584191e-06	1.029360e-09
1.06690619e-06	1.019699e-09
1.06797154e-06	1.051238e-09
1.06903795e-06	9.432041e-10
1.07010542e-06	1.096803e-09
1.07117396e-06	9.866188e-10
1.07224357e-06	1.137606e-09
1.07331424e-06	1.107276e-09
1.07438599e-06	1.184737e-09
1.07545880e-06	1.141927e-09
1.07653269e-06	1.022764e-09
1.07760765e-06	1.058885e-09
1.07868368e-06	7.224295e-10
1.07976078e-06	1.050545e-09
1.08083896e-06	1.129383e-09
1.08191822e-06	1.115931e-09
1.08299856e-06	1.151657e-09
1.08407997e-06	1.150371e-09
1.08516247e-06	1.084138e-09
1.08624604e-06	9.721136e-10
1.08733070e-06	9.941700e-10
1.08841644e-06	1.054543e-09
1.08950326e-06	9.092920e-10
1.09059117e-06	1.024661e-09
1.09168017e-06	5.130276e-10
1.09277025e-06	5.259311e-10
1.09386142e-06	5.452471e-10
1.09495368e-06	5.565835e-10
1.09604703e-06	3.456568e-10
1.09714148e-06	6.142819e-10
1.09823701e-06	8.769507e-10
1.09933364e-06	8.733928e-10
1.10043137e-06	5.458655e-10
1.10153019e-06	6.171620e-10
1.10263011e-06	6.627101e-10
1.10373113e-06	1.032439e-09
1.10483324e-06	7.709060e-10
1.10593646e-06	5.342066e-10
1.10704078e-06	8.146619e-10
1.10814620e-06	7.528261e-10
1.10925273e-06	7.051745e-10
1.11036036e-06	2.200322e-10
1.11146909e-06	7.532124e-10
1.11257893e-06	8.002103e-10
1.11368989e-06	7.831926e-10
1.11480195e-06	2.744635e-10
1.11591512e-06	8.462960e-10
1.11702940e-06	4.418225e-10
1.11814480e-06	8.353614e-10
1.11926130e-06	3.207140e-10
1.12037893e-06	1.411939e-10
1.12149767e-06	8.714715e-10
1.12261752e-06	8.977131e-10
1.12373850e-06	8.173139e-10
1.12486059e-06	8.004273e-10
1.12598381e-06	7.994714e-10
1.12710815e-06	8.778015e-10
1.12823361e-06	3.136820e-10
1.12936019e-06	2.377260e-10
1.13048790e-06	7.769948e-10
1.13161673e-06	5.531413e-10
1.13274669e-06	9.619417e-10
1.13387778e-06	9.139661e-10
1.13501000e-06	6.474819e-10
1.13614335e-06	7.170892e-10
1.13727783e-06	7.566781e-10
1.13841345e-06	9.847297e-10
1.13955019e-06	9.702992e-10
1.14068808e-06	8.654413e-10
1.14182710e-06	6.019180e-10
1.14296725e-06	7.090206e-10
1.14410855e-06	3.008602e-10
1.14525098e-06	7.656235e-10
1.14639456e-06	4.616112e-10
1.14753928e-06	6.845365e-10
1.14868514e-06	4.922281e-10
1.14983214e-06	3.305925e-10
1.15098029e-06	5.670146e-10
1.15212959e-06	9.560495e-10
1.15328003e-06	3.644971e-10
1.15443162e-06	4.925772e-10
1.15558437e-06	5.914043e-10
1.15673826e-06	9.024767e-10
1.15789331e-06	6.240581e-10
1.15904951e-06	8.266762e-10
1.16020686e-06	7.334595e-10
1.16136537e-06	7.535020e-10
1.16252504e-06	1.688312e-10
1.16368586e-06	1.804023e-10
1.16484784e-06	5.925342e-10
1.16601099e-06	8.174057e-10
1.16717529e-06	6.296630e-10
1.16834076e-06	2.068464e-10
1.16950739e-06	2.454334e-10
1.17067519e-06	5.428291e-10
1.17184415e-06	9.287538e-10
1.17301428e-06	7.876098e-10
1.17418558e-06	7.218008e-10
1.17535805e-06	8.709478e-10
1.17653168e-06	6.258816e-10
1.17770650e-06	6.140469e-10
1.17888248e-06	5.033927e-10
1.18005964e-06	4.695435e-10
1.18123797e-06	7.346379e-10
1.18241748e-06	1.988700e-10
1.18359817e-06	5.768007e-10
1.18478003e-06	6.755188e-10
1.18596308e-06	3.172186e-10
1.18714731e-06	1.093683e-09
1.18833272e-06	8.984808e-10
1.18951931e-06	5.222370e-10
1.19070709e-06	5.918389e-10
1.19189606e-06	8.036172e-10
1.19308621e-06	1.049526e-09
1.19427755e-06	8.745273e-10
1.19547008e-06	1.072418e-09
1.19666380e-06	9.899289e-10
1.19785872e-06	9.761291e-10
1.19905482e-06	6.314201e-10
1.20025212e-06	1.110233e-09
1.20145062e-06	1.014205e-09
1.20265031e-06	9.613979e-10
1.20385120e-06	1.235157e-09
1.20505329e-06	8.921745e-10
1.20625658e-06	8.621537e-10
1.20746108e-06	1.081955e-09
1.20866677e-06	1.112951e-09
1.20987367e-06	5.637232e-10
1.21108177e-06	1.039401e-09
1.21229108e-06	8.555894e-10
1.21350160e-06	1.054498e-09
1.21471333e-06	1.150903e-09
1.21592626e-06	8.234580e-10
1.21714041e-06	1.074199e-09
1.21835577e-06	1.209333e-09
1.21957234e-06	1.349496e-09
1.22079013e-06	8.969859e-10
1.22200914e-06	1.200233e-09
1.22322936e-06	1.018581e-09
1.22445080e-06	1.245690e-09
1.22567346e-06	1.112805e-09
1.22689734e-06	1.077232e-09
1.22812244e-06	1.178479e-09
1.22934876e-06	1.038335e-09
1.23057631e-06	9.865651e-10
1.23180509e-06	9.096253e-10
1.23303509e-06	1.226516e-09
1.23426633e-06	1.078391e-09
1.23549879e-06	1.085638e-09
1.23673248e-06	9.905364e-10
1.23796740e-06	1.176356e-09
1.23920356e-06	1.281615e-09
1.24044095e-06	1.143387e-09
1.24167957e-06	1.337507e-09
1.24291944e-06	1.101432e-09
1.24416054e-06	1.190116e-09
1.24540288e-06	1.429996e-09
1.24664646e-06	1.430672e-09
1.24789128e-06	1.406988e-09
1.24913735e-06	1.445053e-09
1.25038466e-06	1.471806e-09
1.25163321e-06	1.383448e-09
1.25288301e-06	1.477300e-09
1.25413407e-06	1.489618e-09
1.25538636e-06	1.088949e-09
1.25663991e-06	1.415356e-09
1.25789472e-06	1.279709e-09
1.25915077e-06	1.552589e-09
1.26040808e-06	1.147934e-09
1.26166664e-06	1.429357e-09
1.26292646e-06	1.568484e-09
1.26418754e-06	1.496080e-09
1.26544988e-06	1.501543e-09
1.26671348e-06	1.594610e-09
1.26797834e-06	1.651748e-09
1.26924446e-06	1.498857e-09
1.27051185e-06	7.855157e-10
1.27178050e-06	1.630924e-09
1.27305042e-06	1.380005e-09
1.27432161e-06	1.777622e-09
1.27559407e-06	1.576003e-09
1.27686780e-06	1.448912e-09
1.27814280e-06	1.632818e-09
1.27941907e-06	1.391640e-09
1.28069662e-06	1.412908e-09
1.28197544e-06	1.359695e-09
1.28325554e-06	8.543846e-10
1.28453692e-06	1.427847e-09
1.28581958e-06	1.554481e-09
1.28710351e-06	1.698112e-09
1.28838874e-06	1.600367e-09
1.28967524e-06	1.164145e-09
1.29096303e-06	1.573271e-09
1.29225210e-06	1.568032e-09
1.29354246e-06	1.803780e-09
1.29483411e-06	1.240512e-09
1.29612705e-06	1.582028e-09
1.29742128e-06	1.512474e-09
1.29871681e-06	1.698038e-09
1.30001362e-06	1.871670e-09
1.30131174e-06	1.484447e-09
1.30261114e-06	1.475255e-09
1.30391185e-06	1.511755e-09
1.30521385e-06	1.601815e-09
1.30651716e-06	1.433642e-09
1.30782176e-06	1.437900e-09
1.30912767e-06	5.643645e-10
1.31043489e-06	1.074109e-09
1.31174340e-06	8.214009e-10
1.31305323e-06	1.592830e-09
1.31436436e-06	1.384274e-09
1.31567680e-06	1.557596e-09
1.31699055e-06	9.754029e-10
1.31830562e-06	1.434495e-09
1.31962199e-06	1.232426e-09
1.32093969e-06	1.265733e-09
1.32225869e-06	1.432303e-09
1.32357902e-06	1.382300e-09
1.32490066e-06	1.332804e-09
1.32622362e-06	9.001004e-10
1.32754791e-06	1.773032e-09
1.32887351e-06	9.001560e-10
1.33020044e-06	7.229661e-10
1.33152870e-06	1.444576e-09
1.33285828e-06	5.920542e-10
1.33418918e-06	9.560213e-10
1.33552142e-06	9.598456e-10
1.33685499e-06	6.436372e-10
1.33818989e-06	5.691309e-10
1.33952612e-06	9.188916e-10
1.34086369e-06	9.550365e-10
1.34220259e-06	1.267313e-09
1.34354283e-06	3.608785e-10
1.34488441e-06	2.336676e-10
1.34622732e-06	1.036135e-09
1.34757158e-06	5.256064e-10
1.34891718e-06	7.271357e-10
1.35026412e-06	3.741634e-10
1.35161241e-06	3.031534e-10
1.35296205e-06	5.382776e-10
1.35431303e-06	4.105571e-10
1.35566536e-06	3.106420e-10
1.35701905e-06	5.705299e-10
1.35837408e-06	2.673200e-10
1.35973047e-06	5.539034e-10
1.36108821e-06	2.429194e-10
1.36244730e-06	3.922341e-10
1.36380776e-06	7.520202e-10
1.36516957e-06	7.133047e-10
1.36653274e-06	4.999310e-10
1.36789728e-06	4.613828e-10
1.36926317e-06	3.851277e-10
1.37063043e-06	4.031265e-10
1.37199906e-06	6.807302e-10
1.37336905e-06	7.877515e-10
1.37474041e-06	6.346693e-10
1.37611314e-06	4.316127e-10
1.37748724e-06	1.024032e-09
1.37886271e-06	5.248840e-10
1.38023956e-06	4.427790e-10
1.38161778e-06	8.679604e-10
1.38299737e-06	5.488438e-10
1.38437835e-06	4.020014e-10
1.38576070e-06	3.745854e-10
1.38714443e-06	6.218405e-10
1.38852955e-06	8.194684e-10
1.38991605e-06	2.782525e-10
1.39130393e-06	7.600566e-10
1.39269320e-06	3.118783e-10
1.39408385e-06	9.216194e-10
1.39547590e-06	5.573777e-10
1.39686933e-06	5.074045e-10
1.39826416e-06	7.131753e-10
1.39966038e-06	2.971378e-10
1.40105799e-06	3.118007e-10
1.40245700e-06	7.940705e-10
1.40385740e-06	7.697953e-10
1.40525921e-06	3.522062e-10
1.40666241e-06	3.122731e-10
1.40806702e-06	7.360368e-10
1.40947302e-06	5.940186e-10
1.41088043e-06	3.990948e-10
1.41228925e-06	6.282625e-10
1.41369947e-06	4.783989e-10
1.41511110e-06	7.278218e-10
1.41652415e-06	9.797598e-10
1.41793860e-06	5.417773e-10
1.41935446e-06	4.390605e-10
1.42077174e-06	2.927782e-10
1.42219043e-06	4.018296e-10
1.42361054e-06	3.358460e-10
1.42503207e-06	4.941979e-10
1.42645502e-06	7.285550e-10
1.42787939e-06	5.161580e-10
1.42930518e-06	3.805177e-10
1.43073239e-06	7.048806e-10
1.43216103e-06	3.994466e-10
1.43359110e-06	6.716769e-10
1.43502259e-06	6.648714e-10
1.43645551e-06	5.298135e-10
1.43788987e-06	5.769473e-10
1.43932565e-06	6.985989e-10
1.44076287e-06	5.861650e-10
1.44220153e-06	6.584016e-10
1.44364162e-06	8.985533e-10
1.44508315e-06	4.999767e-10
1.44652612e-06	7.254443e-10
1.44797053e-06	5.304061e-10
1.44941638e-06	7.924432e-10
1.45086368e-06	4.190574e-10
1.45231242e-06	7.423272e-10
1.45376261e-06	4.769402e-10
1.45521424e-06	7.581118e-10
1.45666733e-06	3.238981e-10
1.45812186e-06	3.809507e-10
1.45957785e-06	4.096132e-10
1.46103529e-06	8.082730e-10
1.46249419e-06	4.910058e-10
1.46395455e-06	4.557855e-10
1.46541636e-06	9.599653e-10
1.46687963e-06	5.022876e-10
1.46834437e-06	6.521634e-10
1.46981056e-06	7.621345e-10
1.47127822e-06	7.895633e-10
1.47274735e-06	1.014985e-09
1.47421794e-06	4.540712e-10
1.47569000e-06	4.393890e-10
1.47716353e-06	6.500015e-10
1.47863854e-06	4.162982e-10
1.48011501e-06	5.771077e-10
1.48159296e-06	7.610653e-10
1.48307239e-06	1.128733e-09
1.48455329e-06	4.949208e-10
1.48603567e-06	6.097227e-10
1.48751953e-06	9.333719e-10
1.48900488e-06	9.866724e-10
1.49049170e-06	6.018509e-10
1.49198001e-06	8.769305e-10
1.49346981e-06	4.560266e-10
1.49496110e-06	1.229540e-09
1.49645387e-06	4.872837e-10
1.49794813e-06	1.111008e-09
1.49944389e-06	1.025423e-09
1.50094114e-06	7.623410e-10
1.50243989e-06	7.613859e-10
1.50394013e-06	7.146856e-10
1.50544187e-06	8.402380e-10
1.50694511e-06	6.945765e-10
1.50844985e-06	9.207686e-10
1.50995609e-06	7.983205e-10
1.51146384e-06	7.561862e-10
1.51297309e-06	1.185613e-09
1.51448385e-06	7.923718e-10
1.51599612e-06	1.160048e-09
1.51750990e-06	6.561545e-10
1.51902519e-06	5.252952e-10
1.52054199e-06	9.278387e-10
1.52206031e-06	6.505302e-10
1.52358014e-06	8.116511e-10
1.52510149e-06	8.191404e-10
1.52662436e-06	1.334907e-09
1.52814875e-06	7.606258e-10
1.52967467e-06	1.567282e-09
1.53120210e-06	5.046135e-10
1.53273107e-06	1.056730e-09
1.53426156e-06	6.774395e-10
1.53579357e-06	9.164700e-10
1.53732712e-06	5.143190e-10
1.53886220e-06	9.469650e-10
1.54039881e-06	1.200063e-09
1.54193695e-06	1.076523e-09
1.54347663e-06	1.197135e-09
1.54501785e-06	1.560667e-09
1.54656061e-06	7.170027e-10
1.54810491e-06	1.259086e-09
1.54965075e-06	9.937240e-10
1.55119813e-06	1.224621e-09
1.55274706e-06	1.217201e-09
1.55429754e-06	1.389694e-09
1.55584956e-06	1.303009e-09
1.55740313e-06	9.921764e-10
1.55895826e-06	1.310290e-09
1.56051494e-06	1.458406e-09
1.56207317e-06	1.401738e-09
1.56363296e-06	1.469374e-09
1.56519430e-06	9.297396e-10
1.56675721e-06	1.391257e-09
1.56832167e-06	1.358242e-09
1.56988770e-06	1.453603e-09
1.57145529e-06	1.226863e-09
1.57302445e-06	8.322363e-10
1.57459517e-06	1.414155e-09
1.57616746e-06	1.291711e-09
1.57774132e-06	1.610537e-09
1.57931676e-06	1.615164e-09
1.58089376e-06	1.658223e-09
1.58247234e-06	8.499700e-10
1.58405250e-06	1.334541e-09
1.58563424e-06	1.515627e-09
1.58721755e-06	1.309174e-09
1.58880245e-06	1.783540e-09
1.59038892e-06	9.232076e-10
1.59197699e-06	1.338686e-09
1.59356663e-06	1.740646e-09
1.59515787e-06	1.897545e-09
1.59675069e-06	1.629039e-09
1.59834511e-06	1.299626e-09
1.59994111e-06	1.587053e-09
1.60153872e-06	1.589204e-09
1.60313791e-06	1.472434e-09
1.60473870e-06	1.976142e-09
1.60634109e-06	1.685055e-09
1.60794509e-06	1.817401e-09
1.60955068e-06	1.776628e-09
1.61115787e-06	1.749521e-09
1.61276668e-06	1.711028e-09
1.61437708e-06	1.881468e-09
1.61598910e-06	1.688957e-09
1.61760272e-06	1.843805e-09
1.61921796e-06	1.622268e-09
1.62083481e-06	1.883035e-09
1.62245327e-06	1.769420e-09
1.62407335e-06	1.663270e-09
1.62569505e-06	1.832460e-09
1.62731837e-06	1.775827e-09
1.62894330e-06	2.011704e-09
1.63056986e-06	1.908272e-09
1.63219805e-06	7.666856e-10
1.63382786e-06	1.975289e-09
1.63545930e-06	1.763973e-09
1.63709236e-06	1.833036e-09
1.63872706e-06	1.863958e-09
1.64036339e-06	1.725970e-09
1.64200135e-06	2.297189e-09
1.64364095e-06	2.041480e-09
1.64528219e-06	1.889938e-09
1.64692506e-06	2.050752e-09
1.64856958e-06	1.969514e-09
1.65021574e-06	2.069255e-09
1.65186354e-06	1.883802e-09
1.65351299e-06	2.139048e-09
1.65516408e-06	2.109534e-09
1.65681682e-06	2.173842e-09
1.65847122e-06	2.072607e-09
1.66012726e-06	2.034672e-09
1.66178496e-06	1.979574e-09
1.66344431e-06	2.132765e-09
1.66510532e-06	2.167001e-09
1.66676799e-06	1.944262e-09
1.66843232e-06	2.117461e-09
1.67009831e-06	1.549987e-09
1.67176597e-06	1.586982e-09
1.67343529e-06	2.115917e-09
1.67510628e-06	2.002484e-09
1.67677893e-06	2.121982e-09
1.67845326e-06	1.646950e-09
1.68012926e-06	2.136517e-09
1.68180693e-06	2.453591e-09
1.68348627e-06	1.831055e-09
1.68516730e-06	1.910045e-09
1.68685000e-06	1.297192e-09
1.68853438e-06	2.140128e-09
1.69022045e-06	2.234600e-09
1.69190819e-06	1.662380e-09
1.69359763e-06	2.329455e-09
1.69528875e-06	1.522200e-09
1.69698156e-06	2.002850e-09
1.69867605e-06	2.250744e-09
1.70037225e-06	1.854503e-09
1.70207013e-06	2.108749e-09
1.70376971e-06	1.580505e-09
1.70547099e-06	1.962380e-09
1.70717396e-06	2.024839e-09
1.70887864e-06	2.063159e-09
1.71058502e-06	2.341651e-09
1.71229310e-06	2.051182e-09
1.71400289e-06	1.730182e-09
1.71571438e-06	1.463855e-09
1.71742759e-06	1.387232e-09
1.71914250e-06	1.510868e-09
1.72085913e-06	1.252313e-09
1.72257747e-06	1.444690e-09
1.72429753e-06	2.170509e-09
1.72601931e-06	1.972837e-09
1.72774280e-06	1.487745e-09
1.72946801e-06	1.276659e-09
1.73119495e-06	1.757043e-09
1.73292362e-06	1.694018e-09
1.73465400e-06	1.446208e-09
1.73638612e-06	1.847958e-09
1.73811997e-06	1.630321e-09
1.73985554e-06	1.062846e-09
1.74159285e-06	1.805725e-09
1.74333190e-06	1.808980e-09
1.74507268e-06	1.144703e-09
1.74681520e-06	6.115221e-10
1.74855946e-06	2.106831e-09
1.75030546e-06	7.569343e-10
1.75205321e-06	8.012486e-10
1.75380270e-06	1.380765e-09
1.75555393e-06	6.751753e-10
1.75730692e-06	8.641675e-10
1.75906165e-06	1.942081e-09
1.76081814e-06	1.745286e-09
1.76257638e-06	1.760383e-09
1.76433638e-06	1.595910e-09
1.76609814e-06	1.716181e-09
1.76786165e-06	6.113079e-10
1.76962693e-06	2.006516e-09
1.77139397e-06	1.481390e-09
1.77316277e-06	1.116419e-09
1.77493334e-06	1.161649e-09
1.77670567e-06	1.311711e-09
1.77847978e-06	9.119271e-10
1.78025566e-06	1.257277e-09
1.78203331e-06	9.023290e-10
1.78381274e-06	1.179335e-09
1.78559394e-06	1.651645e-09
1.78737692e-06	1.581904e-09
1.78916168e-06	1.328173e-09
1.79094823e-06	1.112192e-09
1.79273655e-06	9.610850e-10
1.79452667e-06	1.856499e-09
1.79631857e-06	6.323704e-10
1.79811226e-06	1.142180e-09
1.79990774e-06	1.580677e-09
1.80170502e-06	9.444491e-10
1.80350409e-06	9.001996e-10
1.80530495e-06	1.379288e-09
1.80710762e-06	8.213026e-10
1.80891208e-06	8.502537e-10
1.81071835e-06	7.128575e-10
1.81252641e-06	7.089067e-10
1.81433629e-06	1.101701e-09
1.81614797e-06	1.764006e-09
1.81796146e-06	1.047117e-09
1.81977676e-06	1.129440e-09
1.82159388e-06	9.617225e-10
1.82341281e-06	7.804970e-10
1.82523355e-06	1.151324e-09
1.82705612e-06	1.160693e-09
1.82888050e-06	6.859666e-10
1.83070670e-06	1.235991e-09
1.83253473e-06	7.279816e-10
1.83436459e-06	1.765572e-09
1.83619627e-06	7.322326e-10
1.83802978e-06	1.362450e-09
1.83986512e-06	6.957310e-10
1.84170229e-06	1.674419e-09
1.84354130e-06	7.936286e-10
1.84538214e-06	1.503605e-09
1.84722483e-06	7.435922e-10
1.84906935e-06	1.813081e-09
1.85091571e-06	1.453024e-09
1.85276392e-06	1.867815e-09
1.85461397e-06	1.305638e-09
1.85646588e-06	1.132441e-09
1.85831963e-06	1.241189e-09
1.86017523e-06	1.129001e-09
1.86203268e-06	1.136965e-09
1.86389199e-06	1.421870e-09
1.86575315e-06	1.396981e-09
1.86761618e-06	1.059358e-09
1.86948106e-06	1.654529e-09
1.87134781e-06	1.180486e-09
1.87321642e-06	1.183429e-09
1.87508689e-06	1.544571e-09
1.87695924e-06	1.465597e-09
1.87883345e-06	1.370895e-09
1.88070954e-06	1.806830e-09
1.88258749e-06	1.614779e-09
1.88446733e-06	1.557237e-09
1.88634904e-06	2.015248e-09
1.88823263e-06	1.403996e-09
1.89011810e-06	9.756264e-10
1.89200545e-06	1.529972e-09
1.89389469e-06	7.442571e-10
1.89578581e-06	1.858701e-09
1.89767882e-06	1.395993e-09
1.89957373e-06	1.532497e-09
1.90147052e-06	7.850993e-10
1.90336921e-06	9.597952e-10
1.90526980e-06	1.369422e-09
1.90717228e-06	9.090661e-10
1.90907666e-06	1.708953e-09
1.91098294e-06	1.388971e-09
1.91289113e-06	1.078843e-09
1.91480122e-06	1.773185e-09
1.91671322e-06	1.314506e-09
1.91862713e-06	1.604330e-09
1.92054295e-06	1.680001e-09
1.92246069e-06	1.190570e-09
1.92438033e-06	1.717543e-09
1.92630190e-06	1.216596e-09
1.92822538e-06	1.445361e-09
1.93015079e-06	1.742110e-09
1.93207812e-06	1.820058e-09
1.93400737e-06	1.229464e-09
1.93593855e-06	1.501241e-09
1.93787165e-06	1.341759e-09
1.93980669e-06	8.567051e-10
1.94174366e-06	1.902435e-09
1.94368256e-06	1.456697e-09
1.94562340e-06	1.521833e-09
1.94756618e-06	1.199266e-09
1.94951089e-06	1.464754e-09
1.95145755e-06	1.648581e-09
1.95340615e-06	8.094787e-10
1.95535670e-06	1.322580e-09
1.95730920e-06	1.236864e-09
1.95926364e-06	1.861917e-09
1.96122004e-06	1.491598e-09
1.96317839e-06	1.601011e-09
1.96513870e-06	1.066935e-09
1.96710096e-06	1.554840e-09
1.96906519e-06	1.593042e-09
1.97103137e-06	1.334277e-09
1.97299952e-06	1.175452e-09
1.97496963e-06	1.641667e-09
1.97694171e-06	1.383422e-09
1.97891576e-06	2.081302e-09
1.98089178e-06	1.553410e-09
1.98286978e-06	1.121843e-09
1.98484975e-06	1.102208e-09
1.98683169e-06	1.127664e-09
1.98881562e-06	1.946972e-09
1.99080152e-06	8.847307e-10
1.99278941e-06	1.137643e-09
1.99477929e-06	1.678411e-09
1.99677115e-06	1.193264e-09
1.99876500e-06	1.787011e-09
2.00076084e-06	1.836072e-09
2.00275867e-06	1.664555e-09
2.00475850e-06	1.567478e-09
2.00676033e-06	1.938726e-09
2.00876415e-06	8.330111e-10
2.01076998e-06	1.174630e-09
2.01277780e-06	1.703830e-09
2.01478764e-06	1.435086e-09
2.01679948e-06	1.041948e-09
2.01881333e-06	8.680803e-10
2.02082919e-06	1.602314e-09
2.02284706e-06	1.499938e-09
2.02486695e-06	1.150110e-09
2.02688885e-06	1.508488e-09
2.02891278e-06	1.298238e-09
2.03093872e-06	1.213493e-09
2.03296669e-06	1.336240e-09
2.03499668e-06	1.391719e-09
2.03702870e-06	1.622281e-09
2.03906275e-06	1.372616e-09
2.04109883e-06	1.595928e-09
2.04313694e-06	1.535041e-09
2.04517709e-06	1.985086e-09
2.04721927e-06	1.520709e-09
2.04926350e-06	1.907230e-09
2.05130976e-06	1.874684e-09
2.05335807e-06	1.151824e-09
2.05540843e-06	2.070933e-09
2.05746083e-06	1.740459e-09
2.05951528e-06	1.902270e-09
2.06157178e-06	1.175030e-09
2.06363034e-06	1.760927e-09
2.06569095e-06	1.904051e-09
2.06775362e-06	1.139840e-09
2.06981835e-06	2.157620e-09
2.07188514e-06	1.821452e-09
2.07395399e-06	1.770151e-09
2.07602491e-06	1.661789e-09
2.07809790e-06	1.883687e-09
2.08017296e-06	1.905047e-09
2.08225009e-06	2.154626e-09
2.08432929e-06	1.482047e-09
2.08641057e-06	1.306717e-09
2.08849393e-06	1.468622e-09
2.09057937e-06	1.606076e-09
2.09266689e-06	2.147654e-09
2.09475649e-06	1.566437e-09
2.09684818e-06	1.598522e-09
2.09894197e-06	1.880607e-09
2.10103784e-06	1.714652e-09
2.10313580e-06	1.967719e-09
2.10523586e-06	1.962970e-09
2.10733802e-06	1.608996e-09
2.10944227e-06	2.159036e-09
2.11154863e-06	1.494107e-09
2.11365709e-06	1.833822e-09
2.11576765e-06	2.103109e-09
2.11788032e-06	2.047649e-09
2.11999511e-06	1.635492e-09
2.12211200e-06	2.148319e-09
2.12423101e-06	2.247717e-09
2.12635213e-06	2.024140e-09
2.12847537e-06	1.439934e-09
2.13060073e-06	1.890579e-09
2.13272822e-06	2.043409e-09
2.13485783e-06	1.984295e-09
2.13698956e-06	1.649419e-09
2.13912342e-06	2.224340e-09
2.14125942e-06	1.823386e-09
2.14339754e-06	1.420659e-09
2.14553781e-06	2.254523e-09
2.14768021e-06	2.350382e-09
2.14982474e-06	1.681437e-09
2.15197142e-06	2.142740e-09
2.15412025e-06	2.051025e-09
2.15627122e-06	2.312693e-09
2.15842433e-06	2.415068e-09
2.16057960e-06	1.783575e-09
2.16273702e-06	2.325265e-09
2.16489659e-06	2.142842e-09
2.16705832e-06	2.291334e-09
2.16922221e-06	2.210369e-09
2.17138826e-06	1.710908e-09
2.17355647e-06	2.320172e-09
2.17572684e-06	1.724631e-09
2.17789939e-06	2.312672e-09
2.18007410e-06	2.148425e-09
2.18225099e-06	2.108247e-09
2.18443005e-06	1.770059e-09
2.18661128e-06	1.739882e-09
2.18879469e-06	2.367890e-09
2.19098028e-06	2.054028e-09
2.19316806e-06	2.355262e-09
2.19535802e-06	2.221135e-09
2.19755017e-06	2.209675e-09
2.19974450e-06	2.300842e-09
2.20194103e-06	2.245239e-09
2.20413975e-06	2.157976e-09
2.20634066e-06	2.227812e-09
2.20854377e-06	1.596329e-09
2.21074909e-06	1.735931e-09
2.21295660e-06	2.331425e-09
2.21516632e-06	2.248865e-09
2.21737825e-06	2.198030e-09
2.21959238e-06	1.197260e-09
2.22180873e-06	1.981254e-09
2.22402729e-06	2.338336e-09
2.22624806e-06	2.296066e-09
2.22847105e-06	2.308413e-09
2.23069626e-06	2.417738e-09
2.23292369e-06	1.269211e-09
2.23515335e-06	2.262974e-09
2.23738523e-06	2.317450e-09
2.23961935e-06	2.493055e-09
2.24185569e-06	1.390611e-09
2.24409427e-06	2.410088e-09
2.24633508e-06	2.265349e-09
2.24857813e-06	2.374482e-09
2.25082341e-06	2.185725e-09
2.25307094e-06	2.353934e-09
2.25532072e-06	2.265065e-09
2.25757274e-06	2.365773e-09
2.25982701e-06	2.345649e-09
2.26208353e-06	2.428865e-09
2.26434231e-06	1.991677e-09
2.26660334e-06	2.222759e-09
2.26886662e-06	2.356267e-09
2.27113217e-06	2.347053e-09
2.27339998e-06	2.190098e-09
2.27567005e-06	2.304973e-09
2.27794240e-06	2.282915e-09
2.28021700e-06	1.933381e-09
2.28249389e-06	1.870340e-09
2.28477304e-06	2.410280e-09
2.28705447e-06	2.219923e-09
2.28933818e-06	2.420183e-09
2.29162417e-06	1.980901e-09
2.29391244e-06	1.175809e-09
2.29620300e-06	2.138308e-09
2.29849584e-06	1.725049e-09
2.30079097e-06	2.165768e-09
2.30308840e-06	1.673712e-09
2.30538812e-06	2.169437e-09
2.30769013e-06	1.975994e-09
2.30999445e-06	1.788832e-09
2.31230106e-06	2.136826e-09
2.31460998e-06	2.238427e-09
2.31692121e-06	2.259471e-09
2.31923474e-06	2.312233e-09
2.32155058e-06	2.322377e-09
2.32386873e-06	2.235038e-09
2.32618920e-06	2.179835e-09
2.32851199e-06	1.581808e-09
2.33083709e-06	2.213450e-09
2.33316452e-06	1.942877e-09
2.33549427e-06	2.123154e-09
2.33782635e-06	2.148872e-09
2.34016076e-06	2.206014e-09
2.34249749e-06	2.058598e-09
2.34483656e-06	1.313725e-09
2.34717797e-06	2.329941e-09
2.34952171e-06	1.819448e-09
2.35186780e-06	2.320785e-09
2.35421623e-06	2.247036e-09
2.35656700e-06	2.234195e-09
2.35892012e-06	2.008851e-09
2.36127559e-06	2.158342e-09
2.36363341e-06	2.280599e-09
2.36599358e-06	2.232575e-09
2.36835612e-06	2.322026e-09
2.37072101e-06	2.047563e-09
2.37308826e-06	1.355522e-09
2.37545788e-06	2.032485e-09
2.37782986e-06	2.415371e-09
2.38020421e-06	2.162096e-09
2.38258093e-06	1.806184e-09
2.38496003e-06	1.923493e-09
2.38734150e-06	1.856289e-09
2.38972535e-06	2.201041e-09
2.39211158e-06	1.727919e-09
2.39450019e-06	2.120033e-09
2.39689119e-06	2.057041e-09
2.39928457e-06	2.301205e-09
2.40168035e-06	1.545951e-09
2.40407851e-06	1.587073e-09
2.40647907e-06	2.372299e-09
2.40888203e-06	1.789359e-09
2.41128739e-06	2.161125e-09
2.41369515e-06	1.629408e-09
2.41610531e-06	1.196141e-09
2.41851788e-06	1.815978e-09
2.42093286e-06	2.175938e-09
2.42335026e-06	1.181800e-09
2.42577006e-06	1.441200e-09
2.42819228e-06	1.715457e-09
2.43061692e-06	1.719229e-09
2.43304398e-06	2.171279e-09
2.43547347e-06	1.940215e-09
2.43790538e-06	1.325729e-09
2.44033972e-06	2.013960e-09
2.44277649e-06	2.166010e-09
2.44521569e-06	1.915303e-09
2.44765733e-06	1.738853e-09
2.45010140e-06	1.544141e-09
2.45254792e-06	1.668409e-09
2.45499688e-06	1.768143e-09
2.45744829e-06	2.259058e-09
2.45990214e-06	1.457692e-09
2.46235844e-06	2.187471e-09
2.46481720e-06	2.107428e-09
2.46727841e-06	2.183300e-09
2.46974208e-06	1.525000e-09
2.47220821e-06	1.752026e-09
2.47467680e-06	1.766523e-09
2.47714786e-06	1.769032e-09
2.47962138e-06	1.495987e-09
2.48209737e-06	1.717844e-09
2.48457584e-06	1.411071e-09
2.48705678e-06	1.212315e-09
2.48954020e-06	1.169199e-09
2.49202610e-06	1.564783e-09
2.49451448e-06	1.653177e-09
2.49700534e-06	1.418971e-09
2.49949870e-06	1.625525e-09
2.50199454e-06	2.124491e-09
2.50449287e-06	1.502777e-09
2.50699370e-06	1.644941e-09
2.50949703e-06	1.841119e-09
2.51200285e-06	1.182966e-09
2.51451118e-06	1.551886e-09
2.51702201e-06	1.867018e-09
2.51953535e-06	1.263683e-09
2.52205120e-06	1.673256e-09
2.52456956e-06	1.379986e-09
2.52709044e-06	1.715652e-09
2.52961383e-06	1.614788e-09
2.53213975e-06	1.846869e-09
2.53466818e-06	1.213687e-09
2.53719914e-06	1.806093e-09
2.53973263e-06	1.231658e-09
2.54226865e-06	1.691323e-09
2.54480720e-06	1.910054e-09
2.54734828e-06	1.842245e-09
2.54989190e-06	1.672380e-09
2.55243806e-06	1.616857e-09
2.55498677e-06	1.577961e-09
2.55753802e-06	1.773513e-09
2.56009181e-06	1.207931e-09
2.56264816e-06	1.269947e-09
2.56520706e-06	1.696395e-09
2.56776851e-06	1.222171e-09
2.57033253e-06	2.031528e-09
2.57289910e-06	1.872276e-09
2.57546823e-06	1.550646e-09
2.57803993e-06	1.251950e-09
2.58061420e-06	1.826332e-09
2.58319104e-06	1.385737e-09
2.58577045e-06	1.614926e-09
2.58835244e-06	1.473721e-09
2.59093701e-06	1.989439e-09
2.59352415e-06	1.581515e-09
2.59611388e-06	1.312514e-09
2.59870620e-06	1.838389e-09
2.60130110e-06	1.378327e-09
2.60389860e-06	1.607064e-09
2.60649869e-06	1.297421e-09
2.60910137e-06	1.321854e-09
2.61170666e-06	1.971863e-09
2.61431454e-06	2.027961e-09
2.61692503e-06	1.517245e-09
2.61953813e-06	2.005501e-09
2.62215384e-06	1.649224e-09
2.62477215e-06	1.906867e-09
2.62739309e-06	1.518277e-09
2.63001663e-06	2.096589e-09
2.63264280e-06	1.330844e-09
2.63527160e-06	1.906505e-09
2.63790301e-06	2.047924e-09
2.64053706e-06	1.263912e-09
2.64317373e-06	1.270722e-09
2.64581304e-06	1.291755e-09
2.64845498e-06	1.387611e-09
2.65109956e-06	1.385151e-09
2.65374678e-06	2.076945e-09
2.65639665e-06	1.805526e-09
2.65904916e-06	1.849598e-09
2.66170431e-06	2.014763e-09
2.66436213e-06	1.866549e-09
2.66702259e-06	1.525971e-09
2.66968571e-06	1.310112e-09
2.67235149e-06	2.018100e-09
2.67501993e-06	1.741287e-09
2.67769104e-06	1.521191e-09
2.68036481e-06	1.524280e-09
2.68304126e-06	1.327627e-09
2.68572037e-06	1.271071e-09
2.68840216e-06	1.833920e-09
2.69108663e-06	1.274570e-09
2.69377378e-06	1.282423e-09
2.69646362e-06	1.413872e-09
2.69915613e-06	2.081619e-09
2.70185134e-06	1.335541e-09
2.70454924e-06	1.303790e-09
2.70724983e-06	1.437138e-09
2.70995312e-06	1.434422e-09
2.71265911e-06	1.881824e-09
2.71536780e-06	1.305360e-09
2.71807920e-06	1.696699e-09
2.72079330e-06	1.548326e-09
2.72351011e-06	1.591600e-09
2.72622964e-06	1.532486e-09
2.72895188e-06	1.295370e-09
2.73167684e-06	1.326405e-09
2.73440452e-06	1.647285e-09
2.73713492e-06	1.812357e-09
2.73986805e-06	1.474392e-09
2.74260391e-06	2.053871e-09
2.74534251e-06	1.444799e-09
2.74808383e-06	1.327109e-09
2.75082790e-06	1.661493e-09
2.75357470e-06	2.036557e-09
2.75632425e-06	1.936507e-09
2.75907654e-06	2.242034e-09
2.76183158e-06	2.073894e-09
2.76458937e-06	1.461833e-09
2.76734991e-06	1.654026e-09
2.77011322e-06	1.331388e-09
2.77287928e-06	1.572010e-09
2.77564810e-06	1.943066e-09
2.77841969e-06	1.457163e-09
2.78119404e-06	1.421164e-09
2.78397117e-06	1.742213e-09
2.78675106e-06	1.484807e-09
2.78953374e-06	1.323961e-09
2.79231919e-06	1.358056e-09
2.79510743e-06	1.574477e-09
2.79789844e-06	1.352784e-09
2.80069225e-06	1.320842e-09
2.80348884e-06	1.385206e-09
2.80628823e-06	1.773906e-09
2.80909041e-06	1.368610e-09
2.81189540e-06	1.756068e-09
2.81470318e-06	1.321949e-09
2.81751376e-06	1.365028e-09
2.82032715e-06	1.558145e-09
2.82314336e-06	1.334739e-09
2.82596237e-06	1.420633e-09
2.82878420e-06	1.478525e-09
2.83160884e-06	1.504993e-09
2.83443631e-06	1.574677e-09
2.83726660e-06	1.331038e-09
2.84009972e-06	1.472874e-09
2.84293566e-06	1.501377e-09
2.84577444e-06	1.660441e-09
2.84861605e-06	1.355212e-09
2.85146050e-06	1.383480e-09
2.85430779e-06	1.729204e-09
2.85715792e-06	1.490669e-09
2.86001090e-06	1.852283e-09
2.86286672e-06	1.891144e-09
2.86572540e-06	1.339035e-09
2.86858693e-06	1.389468e-09
2.87145132e-06	1.446154e-09
2.87431857e-06	2.105818e-09
2.87718869e-06	1.402614e-09
2.88006167e-06	1.876675e-09
2.88293752e-06	1.408947e-09
2.88581624e-06	1.614156e-09
2.88869783e-06	1.411929e-09
2.89158230e-06	1.559295e-09
2.89446965e-06	1.587103e-09
2.89735989e-06	1.780652e-09
2.90025301e-06	1.463885e-09
2.90314902e-06	2.123407e-09
2.90604792e-06	1.716331e-09
2.90894972e-06	1.373112e-09
2.91185441e-06	1.429250e-09
2.91476201e-06	1.653105e-09
2.91767251e-06	1.705234e-09
2.92058591e-06	1.365884e-09
2.92350222e-06	1.604568e-09
2.92642145e-06	1.455021e-09
2.92934359e-06	1.819580e-09
2.93226865e-06	1.755304e-09
2.93519663e-06	1.741424e-09
2.93812753e-06	1.444640e-09
2.94106136e-06	1.954066e-09
2.94399812e-06	1.770806e-09
2.94693781e-06	1.684885e-09
2.94988043e-06	2.043832e-09
2.95282600e-06	2.270365e-09
2.95577451e-06	1.556248e-09
2.95872596e-06	1.679710e-09
2.96168035e-06	1.787382e-09
2.96463770e-06	1.934987e-09
2.96759800e-06	1.951636e-09
2.97056126e-06	1.457931e-09
2.97352747e-06	1.564468e-09
2.97649665e-06	1.827499e-09
2.97946879e-06	1.515796e-09
2.98244390e-06	1.413033e-09
2.98542198e-06	1.566444e-09
2.98840304e-06	1.862731e-09
2.99138707e-06	1.507881e-09
2.99437408e-06	1.618569e-09
2.99736407e-06	2.104713e-09
3.00035705e-06	1.744677e-09
3.00335302e-06	1.436416e-09
3.00635198e-06	1.721656e-09
3.00935393e-06	1.860958e-09
3.01235888e-06	1.835246e-09
3.01536684e-06	2.111379e-09
3.01837779e-06	1.596108e-09
3.02139175e-06	1.799861e-09
3.02440873e-06	1.616907e-09
3.02742871e-06	2.066318e-09
3.03045171e-06	1.710581e-09
3.03347773e-06	1.549195e-09
3.03650677e-06	1.813633e-09
3.03953883e-06	1.669939e-09
3.04257392e-06	1.474765e-09
3.04561205e-06	2.164852e-09
3.04865320e-06	1.708480e-09
3.05169740e-06	1.747280e-09
3.05474463e-06	1.805776e-09
3.05779491e-06	1.971030e-09
3.06084823e-06	1.667115e-09
3.06390460e-06	1.422389e-09
3.06696402e-06	1.645328e-09
3.07002650e-06	1.778375e-09
3.07309203e-06	1.449632e-09
3.07616063e-06	2.072189e-09
3.07923229e-06	1.833433e-09
3.08230702e-06	1.792371e-09
3.08538481e-06	1.661242e-09
3.08846569e-06	1.737950e-09
3.09154963e-06	1.619445e-09
3.09463666e-06	1.591818e-09
3.09772677e-06	1.650904e-09
3.10081996e-06	1.599513e-09
3.10391625e-06	1.894094e-09
3.10701562e-06	1.473855e-09
3.11011809e-06	1.596096e-09
3.11322366e-06	1.768608e-09
3.11633233e-06	1.814818e-09
3.11944410e-06	1.951580e-09
3.12255898e-06	1.533269e-09
3.12567698e-06	1.812117e-09
3.12879808e-06	1.829834e-09
3.13192230e-06	1.935988e-09
3.13504964e-06	1.668733e-09
3.13818010e-06	1.548169e-09
3.14131369e-06	1.565157e-09
3.14445041e-06	1.920050e-09
3.14759026e-06	1.893426e-09
3.15073325e-06	1.521433e-09
3.15387937e-06	1.712845e-09
3.15702864e-06	1.770815e-09
3.16018105e-06	1.628483e-09
3.16333660e-06	1.477167e-09
3.16649531e-06	1.951982e-09
3.16965718e-06	2.076742e-09
3.17282220e-06	1.750919e-09
3.17599038e-06	1.655507e-09
3.17916172e-06	1.557761e-09
3.18233623e-06	2.261047e-09
3.18551391e-06	1.817934e-09
3.18869477e-06	1.559766e-09
3.19187880e-06	1.900870e-09
3.19506601e-06	1.866457e-09
3.19825640e-06	1.746458e-09
3.20144997e-06	1.498618e-09
3.20464674e-06	1.509468e-09
3.20784670e-06	1.978970e-09
3.21104985e-06	1.595578e-09
3.21425621e-06	1.865243e-09
3.21746576e-06	1.855141e-09
3.22067852e-06	1.739051e-09
3.22389449e-06	1.498917e-09
3.22711366e-06	1.876645e-09
3.23033606e-06	2.112129e-09
3.23356167e-06	1.735555e-09
3.23679050e-06	1.617581e-09
3.24002255e-06	2.260024e-09
3.24325783e-06	1.519259e-09
3.24649635e-06	1.931988e-09
3.24973809e-06	1.982656e-09
3.25298308e-06	1.799089e-09
3.25623130e-06	2.163733e-09
3.25948277e-06	1.520202e-09
3.26273748e-06	2.303475e-09
3.26599545e-06	2.117667e-09
3.26925667e-06	1.611528e-09
3.27252114e-06	2.395747e-09
3.27578887e-06	1.631677e-09
3.27905987e-06	2.156493e-09
3.28233413e-06	1.720688e-09
3.28561167e-06	1.745847e-09
3.28889247e-06	2.233537e-09
3.29217655e-06	1.780488e-09
3.29546391e-06	2.122632e-09
3.29875455e-06	1.764827e-09
3.30204848e-06	2.428371e-09
3.30534570e-06	1.679390e-09
3.30864621e-06	1.719977e-09
3.31195002e-06	1.441861e-09
3.31525712e-06	1.849442e-09
3.31856753e-06	1.935001e-09
3.32188124e-06	2.096831e-09
3.32519826e-06	2.233995e-09
3.32851860e-06	1.724533e-09
3.33184225e-06	1.673811e-09
3.33516921e-06	2.271678e-09
3.33849950e-06	1.815741e-09
3.34183312e-06	1.831034e-09
3.34517006e-06	1.822702e-09
3.34851034e-06	2.016308e-09
3.35185395e-06	2.296632e-09
3.35520090e-06	1.992798e-09
3.35855119e-06	1.852492e-09
3.36190483e-06	1.906502e-09
3.36526182e-06	1.924381e-09
3.36862216e-06	2.267610e-09
3.37198585e-06	2.297285e-09
3.37535290e-06	2.430307e-09
3.37872332e-06	2.046741e-09
3.38209710e-06	2.022280e-09
3.38547425e-06	1.844368e-09
3.38885477e-06	2.247320e-09
3.39223867e-06	1.695686e-09
3.39562594e-06	2.079637e-09
3.39901660e-06	2.046668e-09
3.40241065e-06	2.114430e-09
3.40580808e-06	2.154920e-09
3.40920890e-06	1.783321e-09
3.41261313e-06	1.667833e-09
3.41602075e-06	2.001619e-09
3.41943177e-06	2.239753e-09
3.42284620e-06	2.064222e-09
3.42626404e-06	1.729828e-09
3.42968529e-06	1.768602e-09
3.43310996e-06	1.916596e-09
3.43653804e-06	1.574616e-09
3.43996956e-06	2.127965e-09
3.44340449e-06	2.042087e-09
3.44684286e-06	1.738905e-09
3.45028466e-06	2.127434e-09
3.45372990e-06	2.065489e-09
3.45717857e-06	1.928937e-09
3.46063070e-06	2.355323e-09
3.46408626e-06	2.039842e-09
3.46754528e-06	1.683070e-09
3.47100775e-06	1.511915e-09
3.47447368e-06	2.050217e-09
3.47794307e-06	1.641066e-09
3.48141593e-06	1.731149e-09
3.48489225e-06	1.583786e-09
3.48837205e-06	2.144291e-09
3.49185532e-06	1.982545e-09
3.49534206e-06	2.150538e-09
3.49883229e-06	2.296156e-09
3.50232600e-06	2.337087e-09
3.50582321e-06	2.435142e-09
3.50932390e-06	2.207246e-09
3.51282809e-06	2.166653e-09
3.51633578e-06	1.652697e-09
3.51984697e-06	2.141670e-09
3.52336167e-06	2.346192e-09
3.52687988e-06	1.506226e-09
3.53040160e-06	2.460624e-09
3.53392683e-06	2.345875e-09
3.53745559e-06	2.189920e-09
3.54098787e-06	2.116577e-09
3.54452368e-06	1.993507e-09
3.54806302e-06	2.491280e-09
3.55160589e-06	2.199134e-09
3.55515230e-06	2.140536e-09
3.55870225e-06	2.176260e-09
3.56225575e-06	2.306502e-09
3.56581279e-06	2.117657e-09
3.56937339e-06	2.189961e-09
3.57293754e-06	2.163593e-09
3.57650525e-06	2.119320e-09
3.58007652e-06	2.319810e-09
3.58365136e-06	2.417276e-09
3.58722977e-06	2.366160e-09
3.59081175e-06	2.307981e-09
3.59439731e-06	2.455716e-09
3.59798645e-06	1.618582e-09
3.60157917e-06	1.635477e-09
3.60517548e-06	2.284349e-09
3.60877538e-06	1.960427e-09
3.61237888e-06	1.819166e-09
3.61598597e-06	1.972731e-09
3.61959667e-06	2.354100e-09
3.62321097e-06	2.442565e-09
3.62682888e-06	1.856516e-09
3.63045040e-06	2.048970e-09
3.63407554e-06	1.947858e-09
3.63770430e-06	1.709551e-09
3.64133669e-06	2.432557e-09
3.64497270e-06	2.512320e-09
3.64861234e-06	2.238628e-09
3.65225561e-06	1.731250e-09
3.65590252e-06	2.622139e-09
3.65955308e-06	2.407704e-09
3.66320728e-06	2.232287e-09
3.66686512e-06	2.418939e-09
3.67052662e-06	2.413551e-09
3.67419178e-06	1.776860e-09
3.67786060e-06	2.177044e-09
3.68153308e-06	2.241581e-09
3.68520923e-06	2.655581e-09
3.68888904e-06	1.970825e-09
3.69257254e-06	2.475865e-09
3.69625971e-06	1.685911e-09
3.69995056e-06	2.012579e-09
3.70364510e-06	2.388197e-09
3.70734332e-06	1.998135e-09
3.71104524e-06	1.963443e-09
3.71475086e-06	2.372470e-09
3.71846018e-06	2.313318e-09
3.72217320e-06	2.064191e-09
3.72588992e-06	2.352909e-09
3.72961036e-06	2.383876e-09
3.73333452e-06	2.385288e-09
3.73706239e-06	2.385832e-09
3.74079399e-06	2.576298e-09
3.74452931e-06	2.302058e-09
3.74826836e-06	1.715535e-09
3.75201114e-06	2.424422e-09
3.75575766e-06	2.351660e-09
3.75950793e-06	2.543034e-09
3.76326194e-06	2.657119e-09
3.76701969e-06	2.587050e-09
3.77078120e-06	2.176610e-09
3.77454647e-06	2.320758e-09
3.77831549e-06	2.143821e-09
3.78208828e-06	1.957066e-09
3.78586483e-06	2.118575e-09
3.78964516e-06	2.735182e-09
3.79342926e-06	1.737587e-09
3.79721714e-06	2.728076e-09
3.80100880e-06	2.622632e-09
3.80480425e-06	2.509525e-09
3.80860349e-06	2.576810e-09
3.81240652e-06	2.680288e-09
3.81621335e-06	2.323985e-09
3.82002398e-06	2.703119e-09
3.82383842e-06	2.574460e-09
3.82765666e-06	2.658619e-09
3.83147872e-06	2.196550e-09
3.83530459e-06	2.724053e-09
3.83913428e-06	2.510727e-09
3.84296780e-06	2.701170e-09
3.84680515e-06	1.923207e-09
3.85064633e-06	2.281197e-09
3.85449134e-06	2.668640e-09
3.85834019e-06	2.530641e-09
3.86219289e-06	2.234895e-09
3.86604943e-06	2.179363e-09
3.86990982e-06	2.645303e-09
3.87377407e-06	2.412531e-09
3.87764218e-06	2.567066e-09
3.88151415e-06	2.679832e-09
3.88538998e-06	2.445368e-09
3.88926969e-06	2.552830e-09
3.89315327e-06	2.681324e-09
3.89704073e-06	2.224833e-09
3.90093207e-06	2.687824e-09
3.90482729e-06	2.662110e-09
3.90872641e-06	2.612764e-09
3.91262941e-06	2.564914e-09
3.91653632e-06	2.462436e-09
3.92044713e-06	2.077952e-09
3.92436184e-06	2.090569e-09
3.92828046e-06	2.657774e-09
3.93220299e-06	1.852471e-09
3.93612944e-06	2.438155e-09
3.94005981e-06	2.222119e-09
3.94399411e-06	2.646335e-09
3.94793233e-06	2.283611e-09
3.95187449e-06	2.206241e-09
3.95582058e-06	2.771260e-09
3.95977062e-06	2.416727e-09
3.96372460e-06	1.869542e-09
3.96768252e-06	2.358009e-09
3.97164440e-06	2.348516e-09
3.97561023e-06	1.982764e-09
3.97958003e-06	2.492916e-09
3.98355379e-06	2.399001e-09
3.98753151e-06	2.435750e-09
3.99151321e-06	1.969418e-09
3.99549888e-06	2.574478e-09
3.99948854e-06	1.821094e-09
4.00348217e-06	2.699823e-09
