2.99769222e-07	1.216978e-16
3.00068553e-07	3.328484e-16
3.00368182e-07	3.411289e-16
3.00668111e-07	3.496032e-16
3.00968339e-07	3.582755e-16
3.01268867e-07	3.671501e-16
3.01569695e-07	3.762315e-16
3.01870824e-07	3.855242e-16
3.02172253e-07	3.950326e-16
3.02473983e-07	4.047615e-16
3.02776015e-07	4.147156e-16
3.03078348e-07	4.248999e-16
3.03380983e-07	4.353192e-16
3.03683920e-07	4.459786e-16
3.03987160e-07	4.568833e-16
3.04290702e-07	4.680384e-16
3.04594547e-07	4.794495e-16
3.04898696e-07	4.911219e-16
3.05203149e-07	5.030613e-16
3.05507906e-07	5.152732e-16
3.05812967e-07	5.277635e-16
3.06118332e-07	5.405381e-16
3.06424003e-07	5.536030e-16
3.06729978e-07	5.669644e-16
3.07036260e-07	5.806285e-16
3.07342847e-07	5.946017e-16
3.07649740e-07	6.088904e-16
3.07956940e-07	6.235015e-16
3.08264446e-07	6.384414e-16
3.08572260e-07	6.537172e-16
3.08880380e-07	6.693359e-16
3.09188809e-07	6.853047e-16
3.09497545e-07	7.016307e-16
3.09806590e-07	7.183215e-16
3.10115944e-07	7.353847e-16
3.10425606e-07	7.528279e-16
3.10735577e-07	7.706589e-16
3.11045858e-07	7.888859e-16
3.11356449e-07	8.075170e-16
3.11667350e-07	8.265605e-16
3.11978561e-07	8.460248e-16
3.12290084e-07	8.659187e-16
3.12601917e-07	8.862509e-16
3.12914061e-07	9.070302e-16
3.13226518e-07	9.282661e-16
3.13539286e-07	9.499676e-16
3.13852367e-07	9.721443e-16
3.14165760e-07	9.948058e-16
3.14479466e-07	1.017962e-15
3.14793485e-07	1.041623e-15
3.15107818e-07	1.065798e-15
3.15422465e-07	1.090499e-15
3.15737426e-07	1.115736e-15
3.16052702e-07	1.141520e-15
3.16368292e-07	1.167860e-15
3.16684197e-07	1.194770e-15
3.17000418e-07	1.222260e-15
3.17316955e-07	1.250342e-15
3.17633808e-07	1.279027e-15
3.17950977e-07	1.308327e-15
3.18268463e-07	1.338256e-15
3.18586266e-07	1.368824e-15
3.18904386e-07	1.400046e-15
3.19222824e-07	1.431933e-15
3.19541579e-07	1.464500e-15
3.19860654e-07	1.497758e-15
3.20180046e-07	1.531723e-15
3.20499758e-07	1.566408e-15
3.20819789e-07	1.601826e-15
3.21140139e-07	1.637993e-15
3.21460810e-07	1.674923e-15
3.21781800e-07	1.712630e-15
3.22103111e-07	1.751131e-15
3.22424743e-07	1.790440e-15
3.22746696e-07	1.830573e-15
3.23068971e-07	1.871547e-15
3.23391567e-07	1.913376e-15
3.23714485e-07	1.956079e-15
3.24037726e-07	1.999671e-15
3.24361290e-07	2.044170e-15
3.24685177e-07	2.089594e-15
3.25009387e-07	2.135959e-15
3.25333921e-07	2.183285e-15
3.25658779e-07	2.231589e-15
3.25983961e-07	2.280890e-15
3.26309468e-07	2.331207e-15
3.26635300e-07	2.382560e-15
3.26961458e-07	2.434968e-15
3.27287941e-07	2.488451e-15
3.27614750e-07	2.543030e-15
3.27941886e-07	2.598725e-15
3.28269348e-07	2.655558e-15
3.28597137e-07	2.713549e-15
3.28925253e-07	2.772721e-15
3.29253697e-07	2.833095e-15
3.29582469e-07	2.894695e-15
3.29911570e-07	2.957543e-15
3.30240998e-07	3.021663e-15
3.30570756e-07	3.087078e-15
3.30900844e-07	3.153812e-15
3.31231260e-07	3.221890e-15
3.31562007e-07	3.291338e-15
3.31893084e-07	3.362180e-15
3.32224491e-07	3.434441e-15
3.32556230e-07	3.508149e-15
3.32888300e-07	3.583331e-15
3.33220701e-07	3.660012e-15
3.33553434e-07	3.738221e-15
3.33886500e-07	3.817986e-15
3.34219898e-07	3.899335e-15
3.34553629e-07	3.982297e-15
3.34887693e-07	4.066902e-15
3.35222091e-07	4.153180e-15
3.35556822e-07	4.241161e-15
3.35891888e-07	4.330876e-15
3.36227289e-07	4.422357e-15
3.36563024e-07	4.515635e-15
3.36899095e-07	4.610744e-15
3.37235501e-07	4.707715e-15
3.37572243e-07	4.806583e-15
3.37909321e-07	4.907382e-15
3.38246736e-07	5.010147e-15
3.38584488e-07	5.114912e-15
3.38922578e-07	5.221714e-15
3.39261004e-07	5.330589e-15
3.39599769e-07	5.441574e-15
3.39938872e-07	5.554707e-15
3.40278313e-07	5.670025e-15
3.40618094e-07	5.787569e-15
3.40958214e-07	5.907376e-15
3.41298673e-07	6.029488e-15
3.41639473e-07	6.153945e-15
3.41980612e-07	6.280788e-15
3.42322093e-07	6.410060e-15
3.42663914e-07	6.541802e-15
3.43006076e-07	6.676059e-15
3.43348581e-07	6.812876e-15
3.43691427e-07	6.952295e-15
3.44034616e-07	7.094363e-15
3.44378147e-07	7.239127e-15
3.44722021e-07	7.386632e-15
3.45066239e-07	7.536928e-15
3.45410800e-07	7.690062e-15
3.45755706e-07	7.846084e-15
3.46100956e-07	8.005043e-15
3.46446550e-07	8.166990e-15
3.46792490e-07	8.331977e-15
3.47138775e-07	8.500056e-15
3.47485406e-07	8.671281e-15
3.47832383e-07	8.845705e-15
3.48179707e-07	9.023384e-15
3.48527377e-07	9.204372e-15
3.48875395e-07	9.388727e-15
3.49223760e-07	9.576506e-15
3.49572472e-07	9.767767e-15
3.49921534e-07	9.962570e-15
3.50270943e-07	1.016097e-14
3.50620702e-07	1.036304e-14
3.50970809e-07	1.056883e-14
3.51321267e-07	1.077841e-14
3.51672074e-07	1.099185e-14
3.52023232e-07	1.120919e-14
3.52374740e-07	1.143052e-14
3.52726599e-07	1.165590e-14
3.53078810e-07	1.188540e-14
3.53431372e-07	1.211908e-14
3.53784286e-07	1.235702e-14
3.54137553e-07	1.259929e-14
3.54491173e-07	1.284595e-14
3.54845145e-07	1.309709e-14
3.55199471e-07	1.335277e-14
3.55554151e-07	1.361307e-14
3.55909185e-07	1.387807e-14
3.56264573e-07	1.414787e-14
3.56620317e-07	1.442251e-14
3.56976415e-07	1.470208e-14
3.57332870e-07	1.498667e-14
3.57689680e-07	1.527635e-14
3.58046846e-07	1.557122e-14
3.58404369e-07	1.587136e-14
3.58762249e-07	1.617685e-14
3.59120487e-07	1.648778e-14
3.59479082e-07	1.680424e-14
3.59838035e-07	1.712631e-14
3.60197347e-07	1.745409e-14
3.60557017e-07	1.778757e-14
3.60917046e-07	1.812717e-14
3.61277436e-07	1.847268e-14
3.61638184e-07	1.882425e-14
3.61999294e-07	1.918201e-14
3.62360763e-07	1.954602e-14
3.62722594e-07	1.991649e-14
3.63084786e-07	2.029342e-14
3.63447339e-07	2.067693e-14
3.63810255e-07	2.106717e-14
3.64173533e-07	2.146419e-14
3.64537174e-07	2.186815e-14
3.64901178e-07	2.227912e-14
3.65265545e-07	2.269723e-14
3.65630276e-07	2.312259e-14
3.65995372e-07	2.355533e-14
3.66360832e-07	2.399554e-14
3.66726656e-07	2.444335e-14
3.67092847e-07	2.489887e-14
3.67459402e-07	2.536226e-14
3.67826324e-07	2.583357e-14
3.68193613e-07	2.631302e-14
3.68561267e-07	2.680068e-14
3.68929290e-07	2.729669e-14
3.69297679e-07	2.780111e-14
3.69666437e-07	2.831424e-14
3.70035562e-07	2.883602e-14
3.70405056e-07	2.936679e-14
3.70774920e-07	2.990649e-14
3.71145152e-07	3.045534e-14
3.71515754e-07	3.101353e-14
3.71886726e-07	3.158108e-14
3.72258069e-07	3.215834e-14
3.72629783e-07	3.274540e-14
3.73001867e-07	3.334220e-14
3.73374323e-07	3.394912e-14
3.73747152e-07	3.456621e-14
3.74120352e-07	3.519357e-14
3.74493925e-07	3.583148e-14
3.74867871e-07	3.648002e-14
3.75242191e-07	3.713963e-14
3.75616884e-07	3.780989e-14
3.75991951e-07	3.849167e-14
3.76367393e-07	3.918461e-14
3.76743210e-07	3.988888e-14
3.77119402e-07	4.060436e-14
3.77495970e-07	4.133313e-14
3.77872913e-07	4.207320e-14
3.78250233e-07	4.282533e-14
3.78627930e-07	4.359005e-14
3.79006004e-07	4.436729e-14
3.79384456e-07	4.515729e-14
3.79763285e-07	4.596003e-14
3.80142493e-07	4.677642e-14
3.80522079e-07	4.760581e-14
3.80902045e-07	4.844882e-14
3.81282390e-07	4.930577e-14
3.81663114e-07	5.017593e-14
3.82044219e-07	5.106078e-14
3.82425704e-07	5.196090e-14
3.82807570e-07	5.287484e-14
3.83189818e-07	5.380371e-14
3.83572447e-07	5.474707e-14
3.83955458e-07	5.570659e-14
3.84338852e-07	5.668080e-14
3.84722629e-07	5.767082e-14
3.85106789e-07	5.867758e-14
3.85491332e-07	5.969998e-14
3.85876259e-07	6.073879e-14
3.86261571e-07	6.179426e-14
3.86647268e-07	6.286618e-14
3.87033349e-07	6.395602e-14
3.87419816e-07	6.506281e-14
3.87806669e-07	6.618704e-14
3.88193909e-07	6.732984e-14
3.88581535e-07	6.848934e-14
3.88969548e-07	6.966889e-14
3.89357948e-07	7.086694e-14
3.89746737e-07	7.208278e-14
3.90135913e-07	7.331943e-14
3.90525478e-07	7.457405e-14
3.90915433e-07	7.584885e-14
3.91305776e-07	7.714436e-14
3.91696509e-07	7.846081e-14
3.92087633e-07	7.979675e-14
3.92479147e-07	8.115387e-14
3.92871052e-07	8.253211e-14
3.93263348e-07	8.393245e-14
3.93656036e-07	8.535412e-14
3.94049116e-07	8.679753e-14
3.94442589e-07	8.826319e-14
3.94836455e-07	8.975396e-14
3.95230713e-07	9.126339e-14
3.95625366e-07	9.279925e-14
3.96020412e-07	9.435946e-14
3.96415854e-07	9.594636e-14
3.96811689e-07	9.755407e-14
3.97207921e-07	9.918728e-14
3.97604547e-07	1.008456e-13
3.98001570e-07	1.025290e-13
3.98398990e-07	1.042367e-13
3.98796806e-07	1.059746e-13
3.99195019e-07	1.077347e-13
3.99593630e-07	1.095274e-13
3.99992639e-07	1.113428e-13
4.00392047e-07	1.131868e-13
4.00791853e-07	1.150612e-13
4.01192059e-07	1.169618e-13
4.01592664e-07	1.188926e-13
4.01993669e-07	1.208513e-13
4.02395074e-07	1.228390e-13
4.02796881e-07	1.248595e-13
4.03199088e-07	1.269094e-13
4.03601698e-07	1.289880e-13
4.04004709e-07	1.311019e-13
4.04408123e-07	1.332451e-13
4.04811939e-07	1.354170e-13
4.05216159e-07	1.376289e-13
4.05620782e-07	1.398725e-13
4.06025810e-07	1.421468e-13
4.06431241e-07	1.444484e-13
4.06837078e-07	1.467987e-13
4.07243320e-07	1.491760e-13
4.07649967e-07	1.515947e-13
4.08057021e-07	1.540445e-13
4.08464481e-07	1.565318e-13
4.08872348e-07	1.590515e-13
4.09280622e-07	1.616165e-13
4.09689304e-07	1.642145e-13
4.10098394e-07	1.668516e-13
4.10507892e-07	1.695180e-13
4.10917800e-07	1.722425e-13
4.11328116e-07	1.749055e-13
4.11738843e-07	1.777906e-13
4.12149979e-07	1.805938e-13
4.12561526e-07	1.835029e-13
4.12973484e-07	1.864309e-13
4.13385854e-07	1.893970e-13
4.13798635e-07	1.924003e-13
4.14211828e-07	1.954454e-13
4.14625434e-07	1.985286e-13
4.15039453e-07	2.016875e-13
4.15453885e-07	2.048671e-13
4.15868731e-07	2.080976e-13
4.16283991e-07	2.113901e-13
4.16699666e-07	2.147108e-13
4.17115756e-07	2.180901e-13
4.17532262e-07	2.215083e-13
4.17949183e-07	2.249849e-13
4.18366521e-07	2.285075e-13
4.18784276e-07	2.320677e-13
4.19202447e-07	2.356999e-13
4.19621036e-07	2.393533e-13
4.20040044e-07	2.431151e-13
4.20459469e-07	2.468953e-13
4.20879314e-07	2.507139e-13
4.21299577e-07	2.546267e-13
4.21720260e-07	2.585046e-13
4.22141364e-07	2.625253e-13
4.22562887e-07	2.666328e-13
4.22984832e-07	2.706191e-13
4.23407198e-07	2.748977e-13
4.23829986e-07	2.791181e-13
4.24253196e-07	2.834332e-13
4.24676828e-07	2.878241e-13
4.25100884e-07	2.922384e-13
4.25525363e-07	2.967053e-13
4.25950266e-07	3.012699e-13
4.26375593e-07	3.058702e-13
4.26801345e-07	3.105595e-13
4.27227522e-07	3.152788e-13
4.27654124e-07	3.200946e-13
4.28081153e-07	3.249583e-13
4.28508608e-07	3.299117e-13
4.28936489e-07	3.348761e-13
4.29364798e-07	3.399355e-13
4.29793535e-07	3.451485e-13
4.30222700e-07	3.503744e-13
4.30652293e-07	3.556555e-13
4.31082315e-07	3.610234e-13
4.31512767e-07	3.664917e-13
4.31943648e-07	3.720045e-13
4.32374960e-07	3.775979e-13
4.32806703e-07	3.832555e-13
4.33238876e-07	3.889634e-13
4.33671481e-07	3.948368e-13
4.34104518e-07	4.007550e-13
4.34537988e-07	4.067037e-13
4.34971890e-07	4.127859e-13
4.35406226e-07	4.189712e-13
4.35840995e-07	4.251450e-13
4.36276198e-07	4.315274e-13
4.36711836e-07	4.378912e-13
4.37147909e-07	4.444059e-13
4.37584417e-07	4.510590e-13
4.38021362e-07	4.577310e-13
4.38458742e-07	4.644694e-13
4.38896560e-07	4.713631e-13
4.39334814e-07	4.782591e-13
4.39773506e-07	4.853206e-13
4.40212636e-07	4.925209e-13
4.40652205e-07	4.997625e-13
4.41092212e-07	5.070762e-13
4.41532659e-07	5.145059e-13
4.41973546e-07	5.220230e-13
4.42414873e-07	5.296884e-13
4.42856641e-07	5.373154e-13
4.43298849e-07	5.451308e-13
4.43741500e-07	5.532140e-13
4.44184592e-07	5.612665e-13
4.44628127e-07	5.694498e-13
4.45072105e-07	5.777173e-13
4.45516526e-07	5.860768e-13
4.45961390e-07	5.928902e-13
4.46406699e-07	6.032287e-13
4.46852453e-07	6.119585e-13
4.47298652e-07	6.207654e-13
4.47745296e-07	6.297908e-13
4.48192386e-07	6.388688e-13
4.48639923e-07	6.475986e-13
4.49087906e-07	6.573092e-13
4.49536337e-07	6.668594e-13
4.49985216e-07	6.763902e-13
4.50434543e-07	6.860842e-13
4.50884319e-07	6.958709e-13
4.51334543e-07	7.058342e-13
4.51785218e-07	7.158673e-13
4.52236342e-07	7.260493e-13
4.52687917e-07	7.364846e-13
4.53139942e-07	7.469570e-13
4.53592419e-07	7.576270e-13
4.54045348e-07	7.683268e-13
4.54498729e-07	7.788976e-13
4.54952563e-07	7.903564e-13
4.55406850e-07	8.015766e-13
4.55861591e-07	8.128453e-13
4.56316785e-07	8.244043e-13
4.56772435e-07	8.360872e-13
4.57228539e-07	8.478162e-13
4.57685098e-07	8.597091e-13
4.58142114e-07	8.717794e-13
4.58599586e-07	8.840348e-13
4.59057514e-07	8.963711e-13
4.59515900e-07	9.090660e-13
4.59974744e-07	9.218103e-13
4.60434046e-07	9.345989e-13
4.60893806e-07	9.476113e-13
4.61354026e-07	9.610328e-13
4.61814705e-07	9.744042e-13
4.62275844e-07	9.879587e-13
4.62737444e-07	1.001642e-12
4.63199504e-07	1.015605e-12
4.63662026e-07	1.029692e-12
4.64125010e-07	1.043902e-12
4.64588456e-07	1.058182e-12
4.65052364e-07	1.072874e-12
4.65516737e-07	1.087391e-12
4.65981572e-07	1.102977e-12
4.66446872e-07	1.117915e-12
4.66912637e-07	1.132811e-12
4.67378866e-07	1.149031e-12
4.67845561e-07	1.164304e-12
4.68312722e-07	1.180888e-12
4.68780350e-07	1.195429e-12
4.69248445e-07	1.213493e-12
4.69717007e-07	1.229541e-12
4.70186036e-07	1.246990e-12
4.70655535e-07	1.263664e-12
4.71125502e-07	1.278477e-12
4.71595938e-07	1.298657e-12
4.72066844e-07	1.316327e-12
4.72538220e-07	1.334027e-12
4.73010067e-07	1.352268e-12
4.73482385e-07	1.370717e-12
4.73955175e-07	1.387706e-12
4.74428437e-07	1.407984e-12
4.74902171e-07	1.426568e-12
4.75376378e-07	1.445607e-12
4.75851059e-07	1.464885e-12
4.76326214e-07	1.485624e-12
4.76801844e-07	1.506008e-12
4.77277948e-07	1.525255e-12
4.77754528e-07	1.545506e-12
4.78231583e-07	1.566951e-12
4.78709115e-07	1.588160e-12
4.79187124e-07	1.609236e-12
4.79665610e-07	1.630442e-12
4.80144574e-07	1.650331e-12
4.80624016e-07	1.674821e-12
4.81103937e-07	1.696765e-12
4.81584337e-07	1.719594e-12
4.82065217e-07	1.741949e-12
4.82546577e-07	1.766413e-12
4.83028417e-07	1.787928e-12
4.83510739e-07	1.806968e-12
4.83993543e-07	1.833836e-12
4.84476828e-07	1.856774e-12
4.84960596e-07	1.883850e-12
4.85444847e-07	1.909225e-12
4.85929582e-07	1.936028e-12
4.86414801e-07	1.961111e-12
4.86900504e-07	1.987091e-12
4.87386692e-07	2.013051e-12
4.87873366e-07	2.029153e-12
4.88360525e-07	2.067261e-12
4.88848171e-07	2.093188e-12
4.89336304e-07	2.120196e-12
4.89824925e-07	2.135826e-12
4.90314033e-07	2.177000e-12
4.90803630e-07	2.203823e-12
4.91293716e-07	2.234567e-12
4.91784291e-07	2.264037e-12
4.92275355e-07	2.293091e-12
4.92766911e-07	2.322224e-12
4.93258957e-07	2.354517e-12
4.93751494e-07	2.384476e-12
4.94244523e-07	2.411387e-12
4.94738045e-07	2.445697e-12
4.95232059e-07	2.477762e-12
4.95726566e-07	2.510391e-12
4.96221568e-07	2.542023e-12
4.96717063e-07	2.574563e-12
4.97213054e-07	2.605941e-12
4.97709539e-07	2.641149e-12
4.98206521e-07	2.676449e-12
4.98703999e-07	2.709860e-12
4.99201973e-07	2.742858e-12
4.99700445e-07	2.779501e-12
5.00199414e-07	2.817344e-12
5.00698882e-07	2.854638e-12
5.01198848e-07	2.888368e-12
5.01699314e-07	2.925712e-12
5.02200279e-07	2.960918e-12
5.02701745e-07	3.002325e-12
5.03203711e-07	3.035612e-12
5.03706178e-07	3.076113e-12
5.04209148e-07	3.119012e-12
5.04712619e-07	3.155549e-12
5.05216594e-07	3.198785e-12
5.05721071e-07	3.234555e-12
5.06226052e-07	3.280164e-12
5.06731538e-07	3.316392e-12
5.07237528e-07	3.359793e-12
5.07744023e-07	3.406064e-12
5.08251025e-07	3.443615e-12
5.08758532e-07	3.483292e-12
5.09266546e-07	3.535959e-12
5.09775068e-07	3.581291e-12
5.10284097e-07	3.622929e-12
5.10793635e-07	3.647511e-12
5.11303681e-07	3.712166e-12
5.11814237e-07	3.756636e-12
5.12325302e-07	3.790033e-12
5.12836878e-07	3.849051e-12
5.13348965e-07	3.894144e-12
5.13861563e-07	3.950607e-12
5.14374672e-07	3.994988e-12
5.14888295e-07	4.057492e-12
5.15402430e-07	4.105908e-12
5.15917078e-07	4.158559e-12
5.16432240e-07	4.207362e-12
5.16947917e-07	4.257418e-12
5.17464109e-07	4.311881e-12
5.17980816e-07	4.366769e-12
5.18498039e-07	4.426493e-12
5.19015778e-07	4.478558e-12
5.19534035e-07	4.538196e-12
5.20052809e-07	4.594154e-12
5.20572101e-07	4.644439e-12
5.21091911e-07	4.706957e-12
5.21612241e-07	4.762290e-12
5.22133090e-07	4.827591e-12
5.22654459e-07	4.882762e-12
5.23176349e-07	4.939590e-12
5.23698760e-07	5.004557e-12
5.24221693e-07	5.039955e-12
5.24745148e-07	5.122992e-12
5.25269125e-07	5.191145e-12
5.25793626e-07	5.256454e-12
5.26318650e-07	5.322160e-12
5.26844199e-07	5.377371e-12
5.27370272e-07	5.447400e-12
5.27896871e-07	5.487480e-12
5.28423996e-07	5.587898e-12
5.28951647e-07	5.652867e-12
5.29479824e-07	5.714073e-12
5.30008530e-07	5.793262e-12
5.30537763e-07	5.862455e-12
5.31067524e-07	5.928910e-12
5.31597815e-07	6.005485e-12
5.32128635e-07	6.080174e-12
5.32659985e-07	6.143846e-12
5.33191866e-07	6.220330e-12
5.33724278e-07	6.299444e-12
5.34257221e-07	6.371197e-12
5.34790697e-07	6.451289e-12
5.35324705e-07	6.531850e-12
5.35859247e-07	6.603348e-12
5.36394322e-07	6.665255e-12
5.36929932e-07	6.772869e-12
5.37466076e-07	6.849379e-12
5.38002756e-07	6.938545e-12
5.38539972e-07	7.011356e-12
5.39077724e-07	7.073149e-12
5.39616013e-07	7.115463e-12
5.40154839e-07	7.233591e-12
5.40694204e-07	7.334729e-12
5.41234107e-07	7.436520e-12
5.41774550e-07	7.500275e-12
5.42315532e-07	7.558482e-12
5.42857054e-07	7.666912e-12
5.43399117e-07	7.709215e-12
5.43941721e-07	7.781947e-12
5.44484867e-07	7.969483e-12
5.45028555e-07	8.062806e-12
5.45572786e-07	8.177851e-12
5.46117561e-07	8.241044e-12
5.46662879e-07	8.301114e-12
5.47208743e-07	8.446880e-12
5.47755151e-07	8.559567e-12
5.48302105e-07	8.632870e-12
5.48849605e-07	8.766292e-12
5.49397651e-07	8.869142e-12
5.49946245e-07	8.985898e-12
5.50495387e-07	9.056679e-12
5.51045077e-07	9.203026e-12
5.51595316e-07	9.245086e-12
5.52146104e-07	9.424523e-12
5.52697443e-07	9.459863e-12
5.53249331e-07	9.619218e-12
5.53801771e-07	9.625463e-12
5.54354763e-07	9.830923e-12
5.54908307e-07	9.984365e-12
5.55462403e-07	1.007510e-11
5.56017053e-07	1.019323e-11
5.56572257e-07	1.023820e-11
5.57128015e-07	1.039769e-11
5.57684328e-07	1.051608e-11
5.58241196e-07	1.069734e-11
5.58798621e-07	1.083093e-11
5.59356602e-07	1.094331e-11
5.59915140e-07	1.106828e-11
5.60474236e-07	1.116960e-11
5.61033890e-07	1.131818e-11
5.61594104e-07	1.142494e-11
5.62154876e-07	1.160749e-11
5.62716209e-07	1.170920e-11
5.63278102e-07	1.186040e-11
5.63840556e-07	1.196325e-11
5.64403571e-07	1.212107e-11
5.64967149e-07	1.228490e-11
5.65531290e-07	1.239149e-11
5.66095994e-07	1.248564e-11
5.66661262e-07	1.268446e-11
5.67227094e-07	1.279258e-11
5.67793491e-07	1.285427e-11
5.68360454e-07	1.261615e-11
5.68927983e-07	1.313372e-11
5.69496079e-07	1.333007e-11
5.70064741e-07	1.347510e-11
5.70633972e-07	1.359171e-11
5.71203771e-07	1.370893e-11
5.71774140e-07	1.377716e-11
5.72345077e-07	1.400487e-11
5.72916585e-07	1.433140e-11
5.73488663e-07	1.449972e-11
5.74061313e-07	1.460901e-11
5.74634535e-07	1.468939e-11
5.75208328e-07	1.484928e-11
5.75782695e-07	1.512311e-11
5.76357636e-07	1.522678e-11
5.76933150e-07	1.547797e-11
5.77509239e-07	1.561136e-11
5.78085904e-07	1.556034e-11
5.78663144e-07	1.589204e-11
5.79240960e-07	1.592541e-11
5.79819354e-07	1.631108e-11
5.80398325e-07	1.622699e-11
5.80977874e-07	1.662717e-11
5.81558002e-07	1.650081e-11
5.82138709e-07	1.712663e-11
5.82719997e-07	1.718434e-11
5.83301864e-07	1.743751e-11
5.83884313e-07	1.737760e-11
5.84467343e-07	1.760692e-11
5.85050955e-07	1.785918e-11
5.85635150e-07	1.817555e-11
5.86219928e-07	1.810182e-11
5.86805291e-07	1.785894e-11
5.87391238e-07	1.867097e-11
5.87977770e-07	1.878011e-11
5.88564887e-07	1.894816e-11
5.89152591e-07	1.770886e-11
5.89740882e-07	1.893976e-11
5.90329760e-07	1.871295e-11
5.90919226e-07	1.966332e-11
5.91509281e-07	2.002106e-11
5.92099925e-07	1.966338e-11
5.92691158e-07	2.029920e-11
5.93282982e-07	2.050268e-11
5.93875397e-07	2.066607e-11
5.94468404e-07	2.085286e-11
5.95062003e-07	2.098868e-11
5.95656194e-07	2.154692e-11
5.96250979e-07	2.164603e-11
5.96846358e-07	2.098599e-11
5.97442331e-07	2.203713e-11
5.98038899e-07	2.220342e-11
5.98636063e-07	2.275908e-11
5.99233823e-07	2.246674e-11
5.99832181e-07	2.314174e-11
6.00431135e-07	2.155777e-11
6.01030688e-07	2.352344e-11
6.01630839e-07	2.361992e-11
6.02231590e-07	2.370765e-11
6.02832941e-07	2.444777e-11
6.03434892e-07	2.481043e-11
6.04037444e-07	2.438228e-11
6.04640598e-07	2.438471e-11
6.05244354e-07	2.508913e-11
6.05848713e-07	2.532624e-11
6.06453675e-07	2.564259e-11
6.07059241e-07	2.629696e-11
6.07665413e-07	2.643501e-11
6.08272189e-07	2.704729e-11
6.08879571e-07	2.755237e-11
6.09487560e-07	2.770496e-11
6.10096156e-07	2.813287e-11
6.10705360e-07	2.779646e-11
6.11315172e-07	2.871150e-11
6.11925592e-07	2.898676e-11
6.12536623e-07	2.894259e-11
6.13148263e-07	2.975723e-11
6.13760515e-07	2.976976e-11
6.14373377e-07	2.942891e-11
6.14986852e-07	3.046649e-11
6.15600939e-07	3.093374e-11
6.16215639e-07	3.101519e-11
6.16830953e-07	3.065699e-11
6.17446882e-07	3.173770e-11
6.18063426e-07	3.207708e-11
6.18680585e-07	3.260978e-11
6.19298360e-07	3.251394e-11
6.19916753e-07	3.264109e-11
6.20535763e-07	3.343597e-11
6.21155390e-07	3.340770e-11
6.21775637e-07	3.454332e-11
6.22396503e-07	3.459787e-11
6.23017989e-07	3.518328e-11
6.23640096e-07	3.493131e-11
6.24262823e-07	3.555459e-11
6.24886173e-07	3.592755e-11
6.25510145e-07	3.649795e-11
6.26134740e-07	3.591163e-11
6.26759959e-07	3.628799e-11
6.27385802e-07	3.701355e-11
6.28012270e-07	3.691374e-11
6.28639363e-07	3.748164e-11
6.29267083e-07	3.903447e-11
6.29895429e-07	3.880278e-11
6.30524403e-07	3.870771e-11
6.31154005e-07	3.925860e-11
6.31784236e-07	3.955893e-11
6.32415096e-07	3.924727e-11
6.33046586e-07	3.890325e-11
6.33678706e-07	4.163969e-11
6.34311458e-07	4.195611e-11
6.34944842e-07	4.205407e-11
6.35578858e-07	4.283083e-11
6.36213507e-07	4.345498e-11
6.36848789e-07	4.365127e-11
6.37484706e-07	4.283164e-11
6.38121259e-07	4.370859e-11
6.38758446e-07	4.383847e-11
6.39396270e-07	4.527537e-11
6.40034731e-07	4.560296e-11
6.40673830e-07	4.569037e-11
6.41313566e-07	4.578340e-11
6.41953941e-07	4.654245e-11
6.42594956e-07	4.731289e-11
6.43236611e-07	4.638272e-11
6.43878907e-07	4.705841e-11
6.44521844e-07	4.552178e-11
6.45165423e-07	4.798557e-11
6.45809644e-07	4.864109e-11
6.46454509e-07	4.836948e-11
6.47100018e-07	4.689064e-11
6.47746171e-07	4.695557e-11
6.48392970e-07	4.906955e-11
6.49040414e-07	5.136388e-11
6.49688505e-07	5.071506e-11
6.50337243e-07	5.234973e-11
6.50986629e-07	5.226293e-11
6.51636663e-07	4.906291e-11
6.52287347e-07	5.092745e-11
6.52938680e-07	5.126418e-11
6.53590663e-07	5.318294e-11
6.54243298e-07	5.379896e-11
6.54896584e-07	5.518392e-11
6.55550522e-07	5.481738e-11
6.56205114e-07	5.305677e-11
6.56860359e-07	5.423411e-11
6.57516258e-07	5.264719e-11
6.58172813e-07	5.695845e-11
6.58830023e-07	4.198118e-11
6.59487889e-07	5.324656e-11
6.60146412e-07	5.759490e-11
6.60805592e-07	6.074477e-11
6.61465431e-07	5.916252e-11
6.62125929e-07	6.109836e-11
6.62787086e-07	4.262594e-11
6.63448904e-07	5.277478e-11
6.64111382e-07	6.247910e-11
6.64774522e-07	5.830872e-11
6.65438324e-07	6.262189e-11
6.66102789e-07	6.380794e-11
6.66767917e-07	6.190899e-11
6.67433710e-07	6.176068e-11
6.68100167e-07	6.459514e-11
6.68767290e-07	6.611574e-11
6.69435079e-07	6.709586e-11
6.70103534e-07	6.806060e-11
6.70772657e-07	6.586750e-11
6.71442449e-07	6.995916e-11
6.72112909e-07	6.812224e-11
6.72784039e-07	7.111960e-11
6.73455838e-07	7.172504e-11
6.74128309e-07	6.694284e-11
6.74801451e-07	6.693534e-11
6.75475265e-07	7.130213e-11
6.76149752e-07	7.460207e-11
6.76824913e-07	7.005329e-11
6.77500748e-07	7.420120e-11
6.78177257e-07	7.532415e-11
6.78854443e-07	7.514210e-11
6.79532304e-07	7.549317e-11
6.80210842e-07	7.731119e-11
6.80890058e-07	7.816955e-11
6.81569952e-07	7.640343e-11
6.82250525e-07	7.740199e-11
6.82931777e-07	8.144366e-11
6.83613710e-07	8.075020e-11
6.84296323e-07	8.168556e-11
6.84979619e-07	8.317423e-11
6.85663596e-07	8.184772e-11
6.86348257e-07	8.398414e-11
6.87033601e-07	8.472036e-11
6.87719629e-07	6.384195e-11
6.88406343e-07	8.059990e-11
6.89093742e-07	8.464109e-11
6.89781828e-07	8.414529e-11
6.90470600e-07	8.235088e-11
6.91160061e-07	7.854834e-11
6.91850210e-07	7.624925e-11
6.92541048e-07	6.435740e-11
6.93232576e-07	7.676755e-11
6.93924794e-07	8.154522e-11
6.94617704e-07	8.009261e-11
6.95311305e-07	8.253685e-11
6.96005599e-07	8.392224e-11
6.96700587e-07	8.378880e-11
6.97396268e-07	8.580209e-11
6.98092644e-07	8.779820e-11
6.98789716e-07	9.045498e-11
6.99487483e-07	9.198921e-11
7.00185947e-07	8.682095e-11
7.00885109e-07	8.809294e-11
7.01584968e-07	9.330960e-11
7.02285527e-07	9.095995e-11
7.02986785e-07	8.482124e-11
7.03688744e-07	9.157564e-11
7.04391403e-07	8.936676e-11
7.05094764e-07	8.796269e-11
7.05798827e-07	9.844934e-11
7.06503593e-07	9.702969e-11
7.07209063e-07	8.525052e-11
7.07915238e-07	9.665954e-11
7.08622117e-07	9.568220e-11
7.09329703e-07	8.492349e-11
7.10037995e-07	9.563150e-11
7.10746994e-07	8.999676e-11
7.11456701e-07	9.981406e-11
7.12167117e-07	8.623899e-11
7.12878242e-07	9.561231e-11
7.13590078e-07	9.539815e-11
7.14302624e-07	8.701686e-11
7.15015881e-07	9.465217e-11
7.15729851e-07	8.836858e-11
7.16444534e-07	8.574807e-11
7.17159931e-07	9.122137e-11
7.17876041e-07	8.860711e-11
7.18592867e-07	9.070885e-11
7.19310409e-07	8.993633e-11
7.20028667e-07	9.149453e-11
7.20747642e-07	8.803242e-11
7.21467335e-07	8.252038e-11
7.22187747e-07	9.361250e-11
7.22908878e-07	9.475899e-11
7.23630730e-07	7.999505e-11
7.24353302e-07	8.943576e-11
7.25076595e-07	9.488793e-11
7.25800611e-07	9.109047e-11
7.26525350e-07	9.283811e-11
7.27250813e-07	9.595665e-11
7.27976999e-07	1.012428e-10
7.28703911e-07	9.988762e-11
7.29431549e-07	9.437892e-11
7.30159914e-07	9.024713e-11
7.30889005e-07	9.134881e-11
7.31618825e-07	1.050908e-10
7.32349374e-07	9.336684e-11
7.33080652e-07	1.036708e-10
7.33812660e-07	1.051069e-10
7.34545399e-07	1.061564e-10
7.35278870e-07	1.054648e-10
7.36013073e-07	1.040884e-10
7.36748009e-07	8.730787e-11
7.37483680e-07	1.061535e-10
7.38220084e-07	1.040472e-10
7.38957224e-07	1.097875e-10
7.39695101e-07	1.189018e-10
7.40433714e-07	1.045205e-10
7.41173064e-07	1.082165e-10
7.41913153e-07	9.286780e-11
7.42653981e-07	1.130098e-10
7.43395548e-07	1.184065e-10
7.44137856e-07	5.718266e-11
7.44880905e-07	1.180645e-10
7.45624697e-07	8.524823e-11
7.46369230e-07	1.120512e-10
7.47114508e-07	1.072788e-10
7.47860529e-07	1.219968e-10
7.48607296e-07	1.154564e-10
7.49354808e-07	1.250351e-10
7.50103066e-07	1.239420e-10
7.50852072e-07	1.091899e-10
7.51601826e-07	1.158339e-10
7.52352328e-07	1.194542e-10
7.53103580e-07	1.165668e-10
7.53855582e-07	1.237714e-10
7.54608334e-07	1.284901e-10
7.55361839e-07	1.280831e-10
7.56116095e-07	1.278069e-10
7.56871105e-07	1.255761e-10
7.57626869e-07	1.305062e-10
7.58383388e-07	1.331808e-10
7.59140662e-07	1.249353e-10
7.59898692e-07	1.333473e-10
7.60657479e-07	1.307146e-10
7.61417023e-07	1.388877e-10
7.62177326e-07	1.432081e-10
7.62938389e-07	1.472198e-10
7.63700211e-07	1.487488e-10
7.64462794e-07	1.474401e-10
7.65226138e-07	1.376393e-10
7.65990245e-07	1.486618e-10
7.66755115e-07	1.499057e-10
7.67520748e-07	1.469190e-10
7.68287146e-07	1.547759e-10
7.69054309e-07	1.488462e-10
7.69822238e-07	1.443108e-10
7.70590934e-07	1.402518e-10
7.71360398e-07	1.515678e-10
7.72130630e-07	1.445423e-10
7.72901631e-07	1.632872e-10
7.73673402e-07	1.555580e-10
7.74445944e-07	1.615415e-10
7.75219257e-07	1.606313e-10
7.75993342e-07	1.646508e-10
7.76768200e-07	1.631946e-10
7.77543832e-07	1.585785e-10
7.78320238e-07	1.659464e-10
7.79097420e-07	1.534808e-10
7.79875377e-07	1.671302e-10
7.80654112e-07	1.726955e-10
7.81433624e-07	1.709210e-10
7.82213914e-07	1.735368e-10
7.82994984e-07	1.750358e-10
7.83776833e-07	1.629252e-10
7.84559463e-07	1.700798e-10
7.85342875e-07	1.747953e-10
7.86127069e-07	1.782464e-10
7.86912046e-07	1.648640e-10
7.87697807e-07	1.802221e-10
7.88484352e-07	1.761071e-10
7.89271683e-07	1.763889e-10
7.90059800e-07	1.780391e-10
7.90848704e-07	1.857932e-10
7.91638396e-07	1.870350e-10
7.92428876e-07	1.895125e-10
7.93220146e-07	1.899893e-10
7.94012205e-07	1.918492e-10
7.94805056e-07	1.905948e-10
7.95598698e-07	1.930123e-10
7.96393133e-07	1.879155e-10
7.97188361e-07	1.997747e-10
7.97984383e-07	1.935902e-10
7.98781200e-07	1.961539e-10
7.99578813e-07	1.977059e-10
8.00377222e-07	1.917955e-10
8.01176428e-07	2.005427e-10
8.01976433e-07	2.008316e-10
8.02777236e-07	2.024475e-10
8.03578839e-07	1.790392e-10
8.04381242e-07	1.920389e-10
8.05184446e-07	2.017611e-10
8.05988453e-07	1.898767e-10
8.06793262e-07	1.613869e-10
8.07598875e-07	1.500290e-10
8.08405293e-07	1.855658e-10
8.09212515e-07	1.722410e-10
8.10020544e-07	1.770374e-10
8.10829379e-07	1.703221e-10
8.11639023e-07	1.654753e-10
8.12449474e-07	1.540156e-10
8.13260735e-07	1.597948e-10
8.14072806e-07	1.897903e-10
8.14885688e-07	1.474595e-10
8.15699382e-07	1.542782e-10
8.16513888e-07	1.961074e-10
8.17329207e-07	1.978712e-10
8.18145341e-07	1.968366e-10
8.18962289e-07	1.924934e-10
8.19780053e-07	1.887704e-10
8.20598634e-07	1.887852e-10
8.21418032e-07	2.053529e-10
8.22238248e-07	2.109851e-10
8.23059284e-07	6.105228e-11
8.23881139e-07	1.969341e-10
8.24703815e-07	1.803512e-10
8.25527312e-07	2.079869e-10
8.26351632e-07	1.976657e-10
8.27176774e-07	2.114377e-10
8.28002741e-07	2.331954e-10
8.28829533e-07	1.850434e-10
8.29657150e-07	1.709009e-10
8.30485593e-07	2.248831e-10
8.31314864e-07	2.033958e-10
8.32144962e-07	2.382441e-10
8.32975890e-07	2.405701e-10
8.33807647e-07	2.230821e-10
8.34640235e-07	1.766908e-10
8.35473654e-07	1.424321e-10
8.36307906e-07	2.049782e-10
8.37142990e-07	2.141670e-10
8.37978908e-07	2.232630e-10
8.38815661e-07	1.901023e-10
8.39653250e-07	2.263734e-10
8.40491675e-07	2.029875e-10
8.41330937e-07	2.187134e-10
8.42171037e-07	2.230830e-10
8.43011976e-07	2.209074e-10
8.43853755e-07	2.286973e-10
8.44696374e-07	2.452492e-10
8.45539834e-07	2.312488e-10
8.46384137e-07	1.689840e-10
8.47229283e-07	2.356377e-10
8.48075273e-07	2.368408e-10
8.48922108e-07	2.496214e-10
8.49769788e-07	2.528861e-10
8.50618314e-07	2.439692e-10
8.51467688e-07	2.509125e-10
8.52317910e-07	2.502569e-10
8.53168981e-07	2.609234e-10
8.54020902e-07	2.636621e-10
8.54873674e-07	2.451601e-10
8.55727297e-07	2.186399e-10
8.56581772e-07	2.335787e-10
8.57437101e-07	2.525906e-10
8.58293284e-07	2.532744e-10
8.59150321e-07	2.723409e-10
8.60008215e-07	2.436699e-10
8.60866965e-07	2.765949e-10
8.61726572e-07	2.762505e-10
8.62587038e-07	2.743895e-10
8.63448363e-07	2.782828e-10
8.64310548e-07	2.844930e-10
8.65173595e-07	2.822624e-10
8.66037502e-07	2.800500e-10
8.66902273e-07	3.029066e-10
8.67767907e-07	2.799314e-10
8.68634405e-07	3.165619e-10
8.69501769e-07	2.843866e-10
8.70369999e-07	2.840926e-10
8.71239096e-07	2.411894e-10
8.72109060e-07	3.173742e-10
8.72979893e-07	3.147753e-10
8.73851596e-07	3.270700e-10
8.74724169e-07	3.198115e-10
8.75597614e-07	3.069022e-10
8.76471930e-07	3.230837e-10
8.77347120e-07	3.450996e-10
8.78223184e-07	3.069023e-10
8.79100122e-07	3.358143e-10
8.79977936e-07	3.402437e-10
8.80856627e-07	3.222230e-10
8.81736195e-07	3.244523e-10
8.82616641e-07	3.273158e-10
8.83497966e-07	3.095145e-10
8.84380172e-07	3.236837e-10
8.85263258e-07	3.431554e-10
8.86147226e-07	3.181144e-10
8.87032077e-07	3.067714e-10
8.87917812e-07	3.265552e-10
8.88804430e-07	3.179129e-10
8.89691935e-07	3.251316e-10
8.90580325e-07	3.363187e-10
8.91469602e-07	2.919071e-10
8.92359768e-07	2.969904e-10
8.93250822e-07	2.998855e-10
8.94142766e-07	3.308378e-10
8.95035601e-07	3.144398e-10
8.95929327e-07	3.086747e-10
8.96823946e-07	3.027935e-10
8.97719458e-07	1.928437e-10
8.98615864e-07	3.301216e-10
8.99513165e-07	3.382556e-10
9.00411362e-07	3.519837e-10
9.01310456e-07	3.454607e-10
9.02210448e-07	3.574436e-10
9.03111339e-07	3.238926e-10
9.04013129e-07	3.248423e-10
9.04915820e-07	3.458909e-10
9.05819412e-07	3.330315e-10
9.06723906e-07	3.725017e-10
9.07629303e-07	3.112562e-10
9.08535605e-07	3.866848e-10
9.09442811e-07	3.248655e-10
9.10350924e-07	3.677070e-10
9.11259943e-07	3.819855e-10
9.12169869e-07	3.570840e-10
9.13080705e-07	2.691210e-10
9.13992450e-07	3.766976e-10
9.14905105e-07	3.859663e-10
9.15818672e-07	1.179150e-10
9.16733151e-07	2.927270e-10
9.17648543e-07	2.331586e-10
9.18564849e-07	3.521947e-10
9.19482070e-07	3.036855e-10
9.20400207e-07	3.046228e-10
9.21319260e-07	3.095044e-10
9.22239232e-07	3.160491e-10
9.23160122e-07	2.182642e-10
9.24081931e-07	2.610494e-10
9.25004661e-07	3.835856e-10
9.25928313e-07	1.113117e-10
9.26852887e-07	3.286224e-10
9.27778384e-07	2.514840e-10
9.28704805e-07	1.014755e-10
9.29632151e-07	2.354192e-10
9.30560423e-07	3.459405e-10
9.31489622e-07	3.600400e-10
9.32419749e-07	1.222326e-10
9.33350805e-07	1.368797e-10
9.34282790e-07	2.405099e-10
9.35215706e-07	3.028543e-10
9.36149554e-07	3.004165e-10
9.37084334e-07	3.478719e-10
9.38020047e-07	7.182417e-11
9.38956695e-07	1.642776e-10
9.39894278e-07	2.757005e-10
9.40832797e-07	3.686472e-10
9.41772253e-07	1.083163e-10
9.42712648e-07	2.330543e-10
9.43653981e-07	1.606243e-10
9.44596255e-07	1.924868e-10
9.45539469e-07	3.180939e-10
9.46483625e-07	3.448325e-10
9.47428724e-07	2.124964e-10
9.48374767e-07	2.965779e-10
9.49321755e-07	2.885156e-10
9.50269687e-07	2.979415e-10
9.51218567e-07	3.533158e-10
9.52168394e-07	2.747808e-10
9.53119169e-07	2.602855e-10
9.54070894e-07	3.804679e-10
9.55023569e-07	3.603665e-10
9.55977196e-07	2.504453e-10
9.56931774e-07	1.492032e-10
9.57887306e-07	3.552763e-10
9.58843792e-07	3.514834e-10
9.59801233e-07	2.555648e-10
9.60759630e-07	1.836615e-10
9.61718984e-07	3.347111e-10
9.62679296e-07	1.747544e-10
9.63640567e-07	1.434625e-10
9.64602798e-07	3.630562e-10
9.65565990e-07	3.104262e-10
9.66530143e-07	3.785051e-10
9.67495259e-07	3.228156e-10
9.68461339e-07	2.136998e-10
9.69428384e-07	2.508920e-10
9.70396394e-07	4.173479e-10
9.71365371e-07	3.928281e-10
9.72335315e-07	3.635325e-10
9.73306228e-07	3.092162e-10
9.74278110e-07	1.628474e-10
9.75250963e-07	2.246509e-10
9.76224787e-07	3.936027e-10
9.77199584e-07	3.454363e-10
9.78175354e-07	3.338109e-10
9.79152098e-07	3.192539e-10
9.80129818e-07	4.171027e-10
9.81108514e-07	3.723086e-10
9.82088187e-07	3.651073e-10
9.83068838e-07	3.722996e-10
9.84050469e-07	3.463047e-10
9.85033080e-07	3.011395e-10
9.86016672e-07	3.272134e-10
9.87001246e-07	3.999277e-10
9.87986804e-07	3.224450e-10
9.88973345e-07	3.828039e-10
9.89960871e-07	3.669573e-10
9.90949384e-07	3.906796e-10
9.91938884e-07	3.755300e-10
9.92929371e-07	3.994813e-10
9.93920848e-07	4.542982e-10
9.94913315e-07	4.123573e-10
9.95906773e-07	3.855517e-10
9.96901223e-07	3.826856e-10
9.97896665e-07	4.547756e-10
9.98893102e-07	4.647866e-10
9.99890534e-07	4.576211e-10
1.00088896e-06	3.426341e-10
1.00188839e-06	3.499119e-10
1.00288881e-06	4.317450e-10
1.00389023e-06	4.776323e-10
1.00489265e-06	4.332149e-10
1.00589607e-06	4.238812e-10
1.00690050e-06	4.851432e-10
1.00790593e-06	4.620585e-10
1.00891236e-06	4.963847e-10
1.00991979e-06	4.976393e-10
1.01092824e-06	4.027980e-10
1.01193769e-06	4.924867e-10
1.01294814e-06	4.589817e-10
1.01395961e-06	4.902843e-10
1.01497209e-06	5.074162e-10
1.01598557e-06	5.087375e-10
1.01700007e-06	4.947396e-10
1.01801558e-06	4.962931e-10
1.01903211e-06	5.343759e-10
1.02004965e-06	4.216281e-10
1.02106821e-06	5.347439e-10
1.02208778e-06	5.377456e-10
1.02310838e-06	4.884950e-10
1.02412999e-06	5.158548e-10
1.02515262e-06	5.361706e-10
1.02617627e-06	5.021751e-10
1.02720095e-06	5.465748e-10
1.02822665e-06	5.278889e-10
1.02925337e-06	5.317984e-10
1.03028112e-06	5.317990e-10
1.03130989e-06	5.595287e-10
1.03233969e-06	5.452647e-10
1.03337052e-06	5.632174e-10
1.03440238e-06	5.881814e-10
1.03543527e-06	5.776795e-10
1.03646919e-06	5.915350e-10
1.03750414e-06	5.522455e-10
1.03854013e-06	5.756243e-10
1.03957715e-06	5.909860e-10
1.04061521e-06	5.980374e-10
1.04165430e-06	5.700015e-10
1.04269443e-06	5.699257e-10
1.04373560e-06	5.873660e-10
1.04477781e-06	5.836388e-10
1.04582106e-06	6.065970e-10
1.04686535e-06	5.446868e-10
1.04791068e-06	5.707033e-10
1.04895706e-06	5.988314e-10
1.05000448e-06	5.877661e-10
1.05105295e-06	5.829895e-10
1.05210246e-06	5.911075e-10
1.05315303e-06	6.404196e-10
1.05420464e-06	6.413107e-10
1.05525730e-06	6.536627e-10
1.05631102e-06	6.355514e-10
1.05736578e-06	6.515961e-10
1.05842160e-06	6.592028e-10
1.05947847e-06	6.203410e-10
1.06053640e-06	6.190463e-10
1.06159539e-06	6.537929e-10
1.06265543e-06	6.579719e-10
1.06371653e-06	6.513962e-10
1.06477869e-06	6.755334e-10
1.06584191e-06	6.534278e-10
1.06690619e-06	6.467521e-10
1.06797154e-06	6.678364e-10
1.06903795e-06	6.217544e-10
1.07010542e-06	6.808585e-10
1.07117396e-06	6.376736e-10
1.07224357e-06	6.958584e-10
1.07331424e-06	6.917460e-10
1.07438599e-06	7.154356e-10
1.07545880e-06	7.035387e-10
1.07653269e-06	6.579459e-10
1.07760765e-06	6.703254e-10
1.07868368e-06	5.249245e-10
1.07976078e-06	6.750152e-10
1.08083896e-06	7.043708e-10
1.08191822e-06	6.982183e-10
1.08299856e-06	7.188511e-10
1.08407997e-06	7.147103e-10
1.08516247e-06	6.936287e-10
1.08624604e-06	6.536008e-10
1.08733070e-06	6.547366e-10
1.08841644e-06	6.870675e-10
1.08950326e-06	6.286111e-10
1.09059117e-06	6.821559e-10
1.09168017e-06	4.079884e-10
1.09277025e-06	4.146688e-10
1.09386142e-06	4.411202e-10
1.09495368e-06	4.359035e-10
1.09604703e-06	2.973010e-10
1.09714148e-06	4.760137e-10
1.09823701e-06	6.227226e-10
1.09933364e-06	6.202885e-10
1.10043137e-06	4.367689e-10
1.10153019e-06	4.844164e-10
1.10263011e-06	5.086620e-10
1.10373113e-06	6.981400e-10
1.10483324e-06	5.559529e-10
1.10593646e-06	4.342572e-10
1.10704078e-06	5.972998e-10
1.10814620e-06	5.379259e-10
1.10925273e-06	5.091665e-10
1.11036036e-06	2.190413e-10
1.11146909e-06	5.477646e-10
1.11257893e-06	5.749754e-10
1.11368989e-06	5.586321e-10
1.11480195e-06	2.499077e-10
1.11591512e-06	6.158703e-10
1.11702940e-06	3.640367e-10
1.11814480e-06	6.076484e-10
1.11926130e-06	2.924868e-10
1.12037893e-06	1.678271e-10
1.12149767e-06	6.307953e-10
1.12261752e-06	6.339030e-10
1.12373850e-06	5.918644e-10
1.12486059e-06	5.866182e-10
1.12598381e-06	6.011323e-10
1.12710815e-06	6.293290e-10
1.12823361e-06	2.917739e-10
1.12936019e-06	2.333386e-10
1.13048790e-06	5.933269e-10
1.13161673e-06	4.536224e-10
1.13274669e-06	6.938446e-10
1.13387778e-06	6.576182e-10
1.13501000e-06	4.976360e-10
1.13614335e-06	5.327970e-10
1.13727783e-06	5.802637e-10
1.13841345e-06	7.056738e-10
1.13955019e-06	6.951880e-10
1.14068808e-06	6.494385e-10
1.14182710e-06	4.968998e-10
1.14296725e-06	5.425996e-10
1.14410855e-06	2.798792e-10
1.14525098e-06	6.039934e-10
1.14639456e-06	3.907160e-10
1.14753928e-06	5.426655e-10
1.14868514e-06	4.201756e-10
1.14983214e-06	2.943402e-10
1.15098029e-06	4.715890e-10
1.15212959e-06	7.058018e-10
1.15328003e-06	3.346900e-10
1.15443162e-06	4.127453e-10
1.15558437e-06	4.832660e-10
1.15673826e-06	6.635221e-10
1.15789331e-06	4.923609e-10
1.15904951e-06	6.401194e-10
1.16020686e-06	5.842343e-10
1.16136537e-06	5.860051e-10
1.16252504e-06	1.996985e-10
1.16368586e-06	2.067508e-10
1.16484784e-06	4.724339e-10
1.16601099e-06	6.366543e-10
1.16717529e-06	5.003970e-10
1.16834076e-06	2.248615e-10
1.16950739e-06	2.491039e-10
1.17067519e-06	4.444394e-10
1.17184415e-06	6.997068e-10
1.17301428e-06	5.926495e-10
1.17418558e-06	5.737415e-10
1.17535805e-06	6.604568e-10
1.17653168e-06	5.266558e-10
1.17770650e-06	5.073431e-10
1.17888248e-06	4.357815e-10
1.18005964e-06	4.095168e-10
1.18123797e-06	5.985946e-10
1.18241748e-06	2.257754e-10
1.18359817e-06	4.715644e-10
1.18478003e-06	5.635051e-10
1.18596308e-06	3.108780e-10
1.18714731e-06	8.034655e-10
1.18833272e-06	7.027983e-10
1.18951931e-06	4.557489e-10
1.19070709e-06	5.100036e-10
1.19189606e-06	6.459924e-10
1.19308621e-06	7.949305e-10
1.19427755e-06	7.018163e-10
1.19547008e-06	8.146427e-10
1.19666380e-06	7.641276e-10
1.19785872e-06	7.539736e-10
1.19905482e-06	5.398693e-10
1.20025212e-06	8.417586e-10
1.20145062e-06	7.859645e-10
1.20265031e-06	7.507835e-10
1.20385120e-06	9.085420e-10
1.20505329e-06	7.104665e-10
1.20625658e-06	6.987073e-10
1.20746108e-06	8.305137e-10
1.20866677e-06	8.459451e-10
1.20987367e-06	5.021064e-10
1.21108177e-06	8.126118e-10
1.21229108e-06	6.956240e-10
1.21350160e-06	8.177825e-10
1.21471333e-06	8.741493e-10
1.21592626e-06	6.805597e-10
1.21714041e-06	8.366905e-10
1.21835577e-06	8.950990e-10
1.21957234e-06	9.768455e-10
1.22079013e-06	7.348359e-10
1.22200914e-06	9.048045e-10
1.22322936e-06	8.125485e-10
1.22445080e-06	9.281636e-10
1.22567346e-06	8.436160e-10
1.22689734e-06	8.494526e-10
1.22812244e-06	9.106261e-10
1.22934876e-06	8.205159e-10
1.23057631e-06	7.937844e-10
1.23180509e-06	7.232245e-10
1.23303509e-06	9.266997e-10
1.23426633e-06	8.497581e-10
1.23549879e-06	8.587891e-10
1.23673248e-06	7.776911e-10
1.23796740e-06	9.185598e-10
1.23920356e-06	9.720581e-10
1.24044095e-06	8.978814e-10
1.24167957e-06	1.007707e-09
1.24291944e-06	8.760068e-10
1.24416054e-06	9.220580e-10
1.24540288e-06	1.054772e-09
1.24664646e-06	1.049167e-09
1.24789128e-06	1.041478e-09
1.24913735e-06	1.057628e-09
1.25038466e-06	1.081889e-09
1.25163321e-06	1.043598e-09
1.25288301e-06	1.088737e-09
1.25413407e-06	1.081529e-09
1.25538636e-06	8.627328e-10
1.25663991e-06	1.056060e-09
1.25789472e-06	9.879997e-10
1.25915077e-06	1.122059e-09
1.26040808e-06	9.158743e-10
1.26166664e-06	1.072905e-09
1.26292646e-06	1.136956e-09
1.26418754e-06	1.106692e-09
1.26544988e-06	1.105013e-09
1.26671348e-06	1.152665e-09
1.26797834e-06	1.178768e-09
1.26924446e-06	1.099541e-09
1.27051185e-06	6.698546e-10
1.27178050e-06	1.172570e-09
1.27305042e-06	1.052081e-09
1.27432161e-06	1.230443e-09
1.27559407e-06	1.144864e-09
1.27686780e-06	1.081157e-09
1.27814280e-06	1.184464e-09
1.27941907e-06	1.056413e-09
1.28069662e-06	1.082296e-09
1.28197544e-06	1.053885e-09
1.28325554e-06	7.090114e-10
1.28453692e-06	1.078118e-09
1.28581958e-06	1.165505e-09
1.28710351e-06	1.218957e-09
1.28838874e-06	1.163693e-09
1.28967524e-06	9.048744e-10
1.29096303e-06	1.166249e-09
1.29225210e-06	1.149983e-09
1.29354246e-06	1.268567e-09
1.29483411e-06	9.795024e-10
1.29612705e-06	1.159126e-09
1.29742128e-06	1.107014e-09
1.29871681e-06	1.232436e-09
1.30001362e-06	1.303685e-09
1.30131174e-06	1.121053e-09
1.30261114e-06	1.116279e-09
1.30391185e-06	1.131903e-09
1.30521385e-06	1.190858e-09
1.30651716e-06	1.111458e-09
1.30782176e-06	1.110334e-09
1.30912767e-06	5.102833e-10
1.31043489e-06	8.795805e-10
1.31174340e-06	7.232138e-10
1.31305323e-06	1.189866e-09
1.31436436e-06	1.076671e-09
1.31567680e-06	1.184172e-09
1.31699055e-06	8.334692e-10
1.31830562e-06	1.074010e-09
1.31962199e-06	9.995134e-10
1.32093969e-06	9.812296e-10
1.32225869e-06	1.114508e-09
1.32357902e-06	1.081999e-09
1.32490066e-06	1.051073e-09
1.32622362e-06	7.424374e-10
1.32754791e-06	1.302041e-09
1.32887351e-06	7.470823e-10
1.33020044e-06	6.255194e-10
1.33152870e-06	1.088616e-09
1.33285828e-06	5.357351e-10
1.33418918e-06	7.956924e-10
1.33552142e-06	8.032769e-10
1.33685499e-06	5.972621e-10
1.33818989e-06	5.374874e-10
1.33952612e-06	7.481640e-10
1.34086369e-06	7.920082e-10
1.34220259e-06	1.000323e-09
1.34354283e-06	3.916890e-10
1.34488441e-06	3.156307e-10
1.34622732e-06	8.183311e-10
1.34757158e-06	5.009432e-10
1.34891718e-06	6.225308e-10
1.35026412e-06	3.944621e-10
1.35161241e-06	3.556032e-10
1.35296205e-06	5.060747e-10
1.35431303e-06	4.219966e-10
1.35566536e-06	3.629048e-10
1.35701905e-06	5.213043e-10
1.35837408e-06	3.387975e-10
1.35973047e-06	5.182503e-10
1.36108821e-06	3.304480e-10
1.36244730e-06	4.129782e-10
1.36380776e-06	6.798111e-10
1.36516957e-06	6.331111e-10
1.36653274e-06	4.885841e-10
1.36789728e-06	4.621431e-10
1.36926317e-06	4.133943e-10
1.37063043e-06	4.280687e-10
1.37199906e-06	6.185837e-10
1.37336905e-06	7.025277e-10
1.37474041e-06	5.916661e-10
1.37611314e-06	4.547343e-10
1.37748724e-06	8.463736e-10
1.37886271e-06	5.147924e-10
1.38023956e-06	4.529982e-10
1.38161778e-06	7.715473e-10
1.38299737e-06	5.233431e-10
1.38437835e-06	4.315669e-10
1.38576070e-06	4.106540e-10
1.38714443e-06	5.795784e-10
1.38852955e-06	7.210485e-10
1.38991605e-06	3.619319e-10
1.39130393e-06	6.901366e-10
1.39269320e-06	3.797520e-10
1.39408385e-06	7.859357e-10
1.39547590e-06	5.318535e-10
1.39686933e-06	5.180542e-10
1.39826416e-06	6.559726e-10
1.39966038e-06	3.760175e-10
1.40105799e-06	3.839090e-10
1.40245700e-06	7.128099e-10
1.40385740e-06	6.902088e-10
1.40525921e-06	4.093448e-10
1.40666241e-06	3.873703e-10
1.40806702e-06	6.675269e-10
1.40947302e-06	5.552435e-10
1.41088043e-06	4.408078e-10
1.41228925e-06	5.795013e-10
1.41369947e-06	4.958199e-10
1.41511110e-06	6.617501e-10
1.41652415e-06	8.566218e-10
1.41793860e-06	5.435226e-10
1.41935446e-06	4.664450e-10
1.42077174e-06	3.875371e-10
1.42219043e-06	4.455422e-10
1.42361054e-06	4.083651e-10
1.42503207e-06	5.078088e-10
1.42645502e-06	6.657676e-10
1.42787939e-06	5.290782e-10
1.42930518e-06	4.364461e-10
1.43073239e-06	6.745029e-10
1.43216103e-06	4.500110e-10
1.43359110e-06	6.383593e-10
1.43502259e-06	6.447516e-10
1.43645551e-06	5.445403e-10
1.43788987e-06	5.736601e-10
1.43932565e-06	6.615176e-10
1.44076287e-06	5.775677e-10
1.44220153e-06	6.327679e-10
1.44364162e-06	8.058135e-10
1.44508315e-06	5.160231e-10
1.44652612e-06	6.793924e-10
1.44797053e-06	5.467699e-10
1.44941638e-06	7.409834e-10
1.45086368e-06	4.719589e-10
1.45231242e-06	6.983172e-10
1.45376261e-06	5.067814e-10
1.45521424e-06	7.241414e-10
1.45666733e-06	4.223248e-10
1.45812186e-06	4.507479e-10
1.45957785e-06	4.697097e-10
1.46103529e-06	7.565664e-10
1.46249419e-06	5.180453e-10
1.46395455e-06	5.022672e-10
1.46541636e-06	8.377588e-10
1.46687963e-06	5.341865e-10
1.46834437e-06	6.346641e-10
1.46981056e-06	7.052766e-10
1.47127822e-06	7.590454e-10
1.47274735e-06	9.159168e-10
1.47421794e-06	5.063325e-10
1.47569000e-06	4.945266e-10
1.47716353e-06	6.422735e-10
1.47863854e-06	4.836487e-10
1.48011501e-06	5.934293e-10
1.48159296e-06	7.233995e-10
1.48307239e-06	9.929341e-10
1.48455329e-06	5.358906e-10
1.48603567e-06	6.284135e-10
1.48751953e-06	8.283627e-10
1.48900488e-06	8.866983e-10
1.49049170e-06	6.182108e-10
1.49198001e-06	8.119124e-10
1.49346981e-06	5.136927e-10
1.49496110e-06	1.068771e-09
1.49645387e-06	5.340478e-10
1.49794813e-06	9.778275e-10
1.49944389e-06	9.235683e-10
1.50094114e-06	7.375107e-10
1.50243989e-06	7.335289e-10
1.50394013e-06	7.146856e-10
1.50544187e-06	7.844517e-10
1.50694511e-06	7.006441e-10
1.50844985e-06	8.612845e-10
1.50995609e-06	7.763978e-10
1.51146384e-06	7.544515e-10
1.51297309e-06	1.047138e-09
1.51448385e-06	7.874447e-10
1.51599612e-06	1.040724e-09
1.51750990e-06	6.603657e-10
1.51902519e-06	5.674951e-10
1.52054199e-06	8.751584e-10
1.52206031e-06	6.558128e-10
1.52358014e-06	8.027766e-10
1.52510149e-06	7.956465e-10
1.52662436e-06	1.163315e-09
1.52814875e-06	7.592897e-10
1.52967467e-06	1.338512e-09
1.53120210e-06	5.585402e-10
1.53273107e-06	9.747287e-10
1.53426156e-06	6.976108e-10
1.53579357e-06	8.619939e-10
1.53732712e-06	5.691718e-10
1.53886220e-06	9.175160e-10
1.54039881e-06	1.080447e-09
1.54193695e-06	9.852387e-10
1.54347663e-06	1.059150e-09
1.54501785e-06	1.327079e-09
1.54656061e-06	7.263649e-10
1.54810491e-06	1.143531e-09
1.54965075e-06	9.095488e-10
1.55119813e-06	1.103356e-09
1.55274706e-06	1.116265e-09
1.55429754e-06	1.238153e-09
1.55584956e-06	1.165197e-09
1.55740313e-06	9.270385e-10
1.55895826e-06	1.166252e-09
1.56051494e-06	1.255243e-09
1.56207317e-06	1.241056e-09
1.56363296e-06	1.277239e-09
1.56519430e-06	9.008645e-10
1.56675721e-06	1.244290e-09
1.56832167e-06	1.224380e-09
1.56988770e-06	1.277806e-09
1.57145529e-06	1.137509e-09
1.57302445e-06	8.227143e-10
1.57459517e-06	1.284025e-09
1.57616746e-06	1.186796e-09
1.57774132e-06	1.401651e-09
1.57931676e-06	1.377267e-09
1.58089376e-06	1.436754e-09
1.58247234e-06	8.435762e-10
1.58405250e-06	1.220370e-09
1.58563424e-06	1.346746e-09
1.58721755e-06	1.185738e-09
1.58880245e-06	1.533333e-09
1.59038892e-06	9.083943e-10
1.59197699e-06	1.225767e-09
1.59356663e-06	1.513697e-09
1.59515787e-06	1.617217e-09
1.59675069e-06	1.433992e-09
1.59834511e-06	1.192243e-09
1.59994111e-06	1.400592e-09
1.60153872e-06	1.391470e-09
1.60313791e-06	1.272466e-09
1.60473870e-06	1.651391e-09
1.60634109e-06	1.469883e-09
1.60794509e-06	1.561183e-09
1.60955068e-06	1.534840e-09
1.61115787e-06	1.524030e-09
1.61276668e-06	1.494050e-09
1.61437708e-06	1.611901e-09
1.61598910e-06	1.494704e-09
1.61760272e-06	1.600334e-09
1.61921796e-06	1.436897e-09
1.62083481e-06	1.610128e-09
1.62245327e-06	1.530777e-09
1.62407335e-06	1.448966e-09
1.62569505e-06	1.568401e-09
1.62731837e-06	1.544208e-09
1.62894330e-06	1.699049e-09
1.63056986e-06	1.638617e-09
1.63219805e-06	7.828897e-10
1.63382786e-06	1.683265e-09
1.63545930e-06	1.538969e-09
1.63709236e-06	1.563159e-09
1.63872706e-06	1.595271e-09
1.64036339e-06	1.507200e-09
1.64200135e-06	1.868278e-09
1.64364095e-06	1.710905e-09
1.64528219e-06	1.634041e-09
1.64692506e-06	1.685420e-09
1.64856958e-06	1.685161e-09
1.65021574e-06	1.743843e-09
1.65186354e-06	1.613619e-09
1.65351299e-06	1.787319e-09
1.65516408e-06	1.768659e-09
1.65681682e-06	1.802091e-09
1.65847122e-06	1.737455e-09
1.66012726e-06	1.700413e-09
1.66178496e-06	1.696800e-09
1.66344431e-06	1.771388e-09
1.66510532e-06	1.807843e-09
1.66676799e-06	1.673047e-09
1.66843232e-06	1.775979e-09
1.67009831e-06	1.403387e-09
1.67176597e-06	1.357280e-09
1.67343529e-06	1.756922e-09
1.67510628e-06	1.717200e-09
1.67677893e-06	1.785757e-09
1.67845326e-06	1.398379e-09
1.68012926e-06	1.795150e-09
1.68180693e-06	1.974844e-09
1.68348627e-06	1.578983e-09
1.68516730e-06	1.653608e-09
1.68685000e-06	1.196164e-09
1.68853438e-06	1.771666e-09
1.69022045e-06	1.851861e-09
1.69190819e-06	1.436814e-09
1.69359763e-06	1.902548e-09
1.69528875e-06	1.384112e-09
1.69698156e-06	1.687635e-09
1.69867605e-06	1.868697e-09
1.70037225e-06	1.626989e-09
1.70207013e-06	1.782053e-09
1.70376971e-06	1.369495e-09
1.70547099e-06	1.638278e-09
1.70717396e-06	1.742393e-09
1.70887864e-06	1.703220e-09
1.71058502e-06	1.915079e-09
1.71229310e-06	1.725313e-09
1.71400289e-06	1.502343e-09
1.71571438e-06	1.321444e-09
1.71742759e-06	1.291538e-09
1.71914250e-06	1.330617e-09
1.72085913e-06	1.192775e-09
1.72257747e-06	1.324133e-09
1.72429753e-06	1.774221e-09
1.72601931e-06	1.669327e-09
1.72774280e-06	1.333885e-09
1.72946801e-06	1.212450e-09
1.73119495e-06	1.492629e-09
1.73292362e-06	1.445336e-09
1.73465400e-06	1.345668e-09
1.73638612e-06	1.605476e-09
1.73811997e-06	1.466188e-09
1.73985554e-06	1.009185e-09
1.74159285e-06	1.552286e-09
1.74333190e-06	1.559240e-09
1.74507268e-06	1.125943e-09
1.74681520e-06	7.249172e-10
1.74855946e-06	1.758771e-09
1.75030546e-06	8.128497e-10
1.75205321e-06	8.543452e-10
1.75380270e-06	1.289395e-09
1.75555393e-06	7.666338e-10
1.75730692e-06	8.956001e-10
1.75906165e-06	1.652727e-09
1.76081814e-06	1.492531e-09
1.76257638e-06	1.500237e-09
1.76433638e-06	1.431476e-09
1.76609814e-06	1.493345e-09
1.76786165e-06	7.399989e-10
1.76962693e-06	1.692584e-09
1.77139397e-06	1.312216e-09
1.77316277e-06	1.087549e-09
1.77493334e-06	1.098027e-09
1.77670567e-06	1.222133e-09
1.77847978e-06	9.131058e-10
1.78025566e-06	1.184084e-09
1.78203331e-06	9.467869e-10
1.78381274e-06	1.129328e-09
1.78559394e-06	1.420429e-09
1.78737692e-06	1.379961e-09
1.78916168e-06	1.239629e-09
1.79094823e-06	1.056242e-09
1.79273655e-06	9.408991e-10
1.79452667e-06	1.582663e-09
1.79631857e-06	7.699602e-10
1.79811226e-06	1.121817e-09
1.79990774e-06	1.363341e-09
1.80170502e-06	9.494517e-10
1.80350409e-06	9.170486e-10
1.80530495e-06	1.289027e-09
1.80710762e-06	8.906136e-10
1.80891208e-06	8.899561e-10
1.81071835e-06	8.071881e-10
1.81252641e-06	8.063246e-10
1.81433629e-06	1.088230e-09
1.81614797e-06	1.528745e-09
1.81796146e-06	1.033019e-09
1.81977676e-06	1.071404e-09
1.82159388e-06	9.513991e-10
1.82341281e-06	8.476945e-10
1.82523355e-06	1.113165e-09
1.82705612e-06	1.092666e-09
1.82888050e-06	8.058561e-10
1.83070670e-06	1.144843e-09
1.83253473e-06	8.283025e-10
1.83436459e-06	1.528957e-09
1.83619627e-06	8.328622e-10
1.83802978e-06	1.243214e-09
1.83986512e-06	8.154029e-10
1.84170229e-06	1.450708e-09
1.84354130e-06	8.695181e-10
1.84538214e-06	1.371495e-09
1.84722483e-06	8.395865e-10
1.84906935e-06	1.569951e-09
1.85091571e-06	1.335365e-09
1.85276392e-06	1.602307e-09
1.85461397e-06	1.202805e-09
1.85646588e-06	1.107868e-09
1.85831963e-06	1.174096e-09
1.86017523e-06	1.105079e-09
1.86203268e-06	1.084942e-09
1.86389199e-06	1.276738e-09
1.86575315e-06	1.278382e-09
1.86761618e-06	1.058379e-09
1.86948106e-06	1.446651e-09
1.87134781e-06	1.155924e-09
1.87321642e-06	1.133512e-09
1.87508689e-06	1.368560e-09
1.87695924e-06	1.322518e-09
1.87883345e-06	1.250664e-09
1.88070954e-06	1.555110e-09
1.88258749e-06	1.455727e-09
1.88446733e-06	1.391595e-09
1.88634904e-06	1.740874e-09
1.88823263e-06	1.337640e-09
1.89011810e-06	1.018915e-09
1.89200545e-06	1.376343e-09
1.89389469e-06	8.678519e-10
1.89578581e-06	1.622811e-09
1.89767882e-06	1.302718e-09
1.89957373e-06	1.384380e-09
1.90147052e-06	8.902686e-10
1.90336921e-06	1.021520e-09
1.90526980e-06	1.270748e-09
1.90717228e-06	9.801235e-10
1.90907666e-06	1.533260e-09
1.91098294e-06	1.318430e-09
1.91289113e-06	1.105044e-09
1.91480122e-06	1.550869e-09
1.91671322e-06	1.222454e-09
1.91862713e-06	1.483139e-09
1.92054295e-06	1.463294e-09
1.92246069e-06	1.190275e-09
1.92438033e-06	1.495770e-09
1.92630190e-06	1.206985e-09
1.92822538e-06	1.353879e-09
1.93015079e-06	1.530067e-09
1.93207812e-06	1.583548e-09
1.93400737e-06	1.160063e-09
1.93593855e-06	1.361099e-09
1.93787165e-06	1.262761e-09
1.93980669e-06	9.389360e-10
1.94174366e-06	1.629341e-09
1.94368256e-06	1.329837e-09
1.94562340e-06	1.413596e-09
1.94756618e-06	1.161463e-09
1.94951089e-06	1.360714e-09
1.95145755e-06	1.493500e-09
1.95340615e-06	9.262001e-10
1.95535670e-06	1.249857e-09
1.95730920e-06	1.197391e-09
1.95926364e-06	1.640637e-09
1.96122004e-06	1.380314e-09
1.96317839e-06	1.467517e-09
1.96513870e-06	1.093926e-09
1.96710096e-06	1.456089e-09
1.96906519e-06	1.449222e-09
1.97103137e-06	1.257298e-09
1.97299952e-06	1.158218e-09
1.97496963e-06	1.512779e-09
1.97694171e-06	1.333025e-09
1.97891576e-06	1.795278e-09
1.98089178e-06	1.438699e-09
1.98286978e-06	1.129303e-09
1.98484975e-06	1.132027e-09
1.98683169e-06	1.158486e-09
1.98881562e-06	1.712452e-09
1.99080152e-06	9.795247e-10
1.99278941e-06	1.154929e-09
1.99477929e-06	1.529508e-09
1.99677115e-06	1.175963e-09
1.99876500e-06	1.593208e-09
2.00076084e-06	1.641190e-09
2.00275867e-06	1.535708e-09
2.00475850e-06	1.465340e-09
2.00676033e-06	1.694126e-09
2.00876415e-06	9.678981e-10
2.01076998e-06	1.176938e-09
2.01277780e-06	1.572143e-09
2.01478764e-06	1.406413e-09
2.01679948e-06	1.092403e-09
2.01881333e-06	9.870563e-10
2.02082919e-06	1.479563e-09
2.02284706e-06	1.406549e-09
2.02486695e-06	1.200245e-09
2.02688885e-06	1.450549e-09
2.02891278e-06	1.261271e-09
2.03093872e-06	1.215452e-09
2.03296669e-06	1.324751e-09
2.03499668e-06	1.354955e-09
2.03702870e-06	1.535749e-09
2.03906275e-06	1.363897e-09
2.04109883e-06	1.500207e-09
2.04313694e-06	1.483982e-09
2.04517709e-06	1.749001e-09
2.04721927e-06	1.466973e-09
2.04926350e-06	1.717562e-09
2.05130976e-06	1.707522e-09
2.05335807e-06	1.159990e-09
2.05540843e-06	1.827940e-09
2.05746083e-06	1.610552e-09
2.05951528e-06	1.728087e-09
2.06157178e-06	1.225215e-09
2.06363034e-06	1.611440e-09
2.06569095e-06	1.724195e-09
2.06775362e-06	1.202597e-09
2.06981835e-06	1.899308e-09
2.07188514e-06	1.665710e-09
2.07395399e-06	1.644716e-09
2.07602491e-06	1.570530e-09
2.07809790e-06	1.730141e-09
2.08017296e-06	1.736980e-09
2.08225009e-06	1.892336e-09
2.08432929e-06	1.456199e-09
2.08641057e-06	1.307512e-09
2.08849393e-06	1.444732e-09
2.09057937e-06	1.541369e-09
2.09266689e-06	1.892849e-09
2.09475649e-06	1.505927e-09
2.09684818e-06	1.540376e-09
2.09894197e-06	1.727848e-09
2.10103784e-06	1.625608e-09
2.10313580e-06	1.782067e-09
2.10523586e-06	1.764906e-09
2.10733802e-06	1.526562e-09
2.10944227e-06	1.904019e-09
2.11154863e-06	1.469100e-09
2.11365709e-06	1.701056e-09
2.11576765e-06	1.867466e-09
2.11788032e-06	1.824029e-09
2.11999511e-06	1.569726e-09
2.12211200e-06	1.894138e-09
2.12423101e-06	1.953642e-09
2.12635213e-06	1.817449e-09
2.12847537e-06	1.413274e-09
2.13060073e-06	1.700943e-09
2.13272822e-06	1.829773e-09
2.13485783e-06	1.791181e-09
2.13698956e-06	1.580193e-09
2.13912342e-06	1.936585e-09
2.14125942e-06	1.667739e-09
2.14339754e-06	1.399622e-09
2.14553781e-06	1.965325e-09
2.14768021e-06	2.017057e-09
2.14982474e-06	1.588306e-09
2.15197142e-06	1.895390e-09
2.15412025e-06	1.841294e-09
2.15627122e-06	1.997048e-09
2.15842433e-06	2.061413e-09
2.16057960e-06	1.663681e-09
2.16273702e-06	2.007515e-09
2.16489659e-06	1.888836e-09
2.16705832e-06	1.981670e-09
2.16922221e-06	1.935638e-09
2.17138826e-06	1.601955e-09
2.17355647e-06	1.996581e-09
2.17572684e-06	1.634085e-09
2.17789939e-06	1.994338e-09
2.18007410e-06	1.888513e-09
2.18225099e-06	1.863402e-09
2.18443005e-06	1.657081e-09
2.18661128e-06	1.621200e-09
2.18879469e-06	1.961174e-09
2.19098028e-06	1.811625e-09
2.19316806e-06	1.996190e-09
2.19535802e-06	1.903380e-09
2.19755017e-06	1.907935e-09
2.19974450e-06	1.962553e-09
2.20194103e-06	1.880578e-09
2.20413975e-06	1.867603e-09
2.20634066e-06	1.900208e-09
2.20854377e-06	1.502499e-09
2.21074909e-06	1.606966e-09
2.21295660e-06	1.932196e-09
2.21516632e-06	1.935974e-09
2.21737825e-06	1.905322e-09
2.21959238e-06	1.247570e-09
2.22180873e-06	1.772191e-09
2.22402729e-06	1.987650e-09
2.22624806e-06	1.951328e-09
2.22847105e-06	1.942846e-09
2.23069626e-06	2.035008e-09
2.23292369e-06	1.296349e-09
2.23515335e-06	1.947593e-09
2.23738523e-06	1.971340e-09
2.23961935e-06	2.063681e-09
2.24185569e-06	1.381786e-09
2.24409427e-06	2.033397e-09
2.24633508e-06	1.893731e-09
2.24857813e-06	2.011866e-09
2.25082341e-06	1.890402e-09
2.25307094e-06	1.988965e-09
2.25532072e-06	1.921616e-09
2.25757274e-06	2.006189e-09
2.25982701e-06	1.977657e-09
2.26208353e-06	2.048254e-09
2.26434231e-06	1.766268e-09
2.26660334e-06	1.915868e-09
2.26886662e-06	1.922074e-09
2.27113217e-06	1.987170e-09
2.27339998e-06	1.887094e-09
2.27567005e-06	1.965148e-09
2.27794240e-06	1.944627e-09
2.28021700e-06	1.728470e-09
2.28249389e-06	1.694448e-09
2.28477304e-06	2.016011e-09
2.28705447e-06	1.895608e-09
2.28933818e-06	2.011996e-09
2.29162417e-06	1.764208e-09
2.29391244e-06	1.250608e-09
2.29620300e-06	1.841957e-09
2.29849584e-06	1.568060e-09
2.30079097e-06	1.868104e-09
2.30308840e-06	1.573044e-09
2.30538812e-06	1.891321e-09
2.30769013e-06	1.750557e-09
2.30999445e-06	1.617604e-09
2.31230106e-06	1.864947e-09
2.31460998e-06	1.928308e-09
2.31692121e-06	1.936414e-09
2.31923474e-06	1.966769e-09
2.32155058e-06	1.964259e-09
2.32386873e-06	1.915083e-09
2.32618920e-06	1.875606e-09
2.32851199e-06	1.464638e-09
2.33083709e-06	1.905486e-09
2.33316452e-06	1.732160e-09
2.33549427e-06	1.809645e-09
2.33782635e-06	1.853961e-09
2.34016076e-06	1.878287e-09
2.34249749e-06	1.807289e-09
2.34483656e-06	1.331701e-09
2.34717797e-06	1.966866e-09
2.34952171e-06	1.616714e-09
2.35186780e-06	1.989833e-09
2.35421623e-06	1.926280e-09
2.35656700e-06	1.937511e-09
2.35892012e-06	1.752705e-09
2.36127559e-06	1.880603e-09
2.36363341e-06	1.947111e-09
2.36599358e-06	1.942350e-09
2.36835612e-06	1.982783e-09
2.37072101e-06	1.789749e-09
2.37308826e-06	1.351393e-09
2.37545788e-06	1.774408e-09
2.37782986e-06	2.029183e-09
2.38020421e-06	1.874352e-09
2.38258093e-06	1.652234e-09
2.38496003e-06	1.740799e-09
2.38734150e-06	1.706600e-09
2.38972535e-06	1.931221e-09
2.39211158e-06	1.606451e-09
2.39450019e-06	1.852015e-09
2.39689119e-06	1.830166e-09
2.39928457e-06	1.971033e-09
2.40168035e-06	1.528782e-09
2.40407851e-06	1.500045e-09
2.40647907e-06	2.025922e-09
2.40888203e-06	1.658980e-09
2.41128739e-06	1.879287e-09
2.41369515e-06	1.543309e-09
2.41610531e-06	1.289130e-09
2.41851788e-06	1.661353e-09
2.42093286e-06	1.905544e-09
2.42335026e-06	1.285392e-09
2.42577006e-06	1.449364e-09
2.42819228e-06	1.635029e-09
2.43061692e-06	1.613881e-09
2.43304398e-06	1.911532e-09
2.43547347e-06	1.725501e-09
2.43790538e-06	1.385302e-09
2.44033972e-06	1.832929e-09
2.44277649e-06	1.914998e-09
2.44521569e-06	1.772235e-09
2.44765733e-06	1.638703e-09
2.45010140e-06	1.519068e-09
2.45254792e-06	1.579064e-09
2.45499688e-06	1.663706e-09
2.45744829e-06	1.999248e-09
2.45990214e-06	1.450359e-09
2.46235844e-06	1.955673e-09
2.46481720e-06	1.906819e-09
2.46727841e-06	1.935801e-09
2.46974208e-06	1.491841e-09
2.47220821e-06	1.620381e-09
2.47467680e-06	1.651551e-09
2.47714786e-06	1.662921e-09
2.47962138e-06	1.520107e-09
2.48209737e-06	1.635725e-09
2.48457584e-06	1.431106e-09
2.48705678e-06	1.319343e-09
2.48954020e-06	1.318286e-09
2.49202610e-06	1.534103e-09
2.49451448e-06	1.609244e-09
2.49700534e-06	1.418152e-09
2.49949870e-06	1.569567e-09
2.50199454e-06	1.922858e-09
2.50449287e-06	1.473108e-09
2.50699370e-06	1.620134e-09
2.50949703e-06	1.720860e-09
2.51200285e-06	1.328531e-09
2.51451118e-06	1.519994e-09
2.51702201e-06	1.758898e-09
2.51953535e-06	1.347963e-09
2.52205120e-06	1.588257e-09
2.52456956e-06	1.414974e-09
2.52709044e-06	1.616938e-09
2.52961383e-06	1.556238e-09
2.53213975e-06	1.737953e-09
2.53466818e-06	1.334619e-09
2.53719914e-06	1.693501e-09
2.53973263e-06	1.342947e-09
2.54226865e-06	1.633815e-09
2.54480720e-06	1.762178e-09
2.54734828e-06	1.713940e-09
2.54989190e-06	1.603325e-09
2.55243806e-06	1.560333e-09
2.55498677e-06	1.556969e-09
2.55753802e-06	1.690921e-09
2.56009181e-06	1.353934e-09
2.56264816e-06	1.355889e-09
2.56520706e-06	1.599206e-09
2.56776851e-06	1.346608e-09
2.57033253e-06	1.903679e-09
2.57289910e-06	1.736438e-09
2.57546823e-06	1.564924e-09
2.57803993e-06	1.360912e-09
2.58061420e-06	1.729501e-09
2.58319104e-06	1.434536e-09
2.58577045e-06	1.616667e-09
2.58835244e-06	1.474622e-09
2.59093701e-06	1.831581e-09
2.59352415e-06	1.563326e-09
2.59611388e-06	1.394089e-09
2.59870620e-06	1.775342e-09
2.60130110e-06	1.436008e-09
2.60389860e-06	1.586294e-09
2.60649869e-06	1.388432e-09
2.60910137e-06	1.409195e-09
2.61170666e-06	1.823110e-09
2.61431454e-06	1.874076e-09
2.61692503e-06	1.512221e-09
2.61953813e-06	1.864740e-09
2.62215384e-06	1.613926e-09
2.62477215e-06	1.795832e-09
2.62739309e-06	1.497770e-09
2.63001663e-06	1.910477e-09
2.63264280e-06	1.417360e-09
2.63527160e-06	1.830579e-09
2.63790301e-06	1.907072e-09
2.64053706e-06	1.380507e-09
2.64317373e-06	1.382694e-09
2.64581304e-06	1.388068e-09
2.64845498e-06	1.444792e-09
2.65109956e-06	1.454778e-09
2.65374678e-06	1.909983e-09
2.65639665e-06	1.691919e-09
2.65904916e-06	1.785599e-09
2.66170431e-06	1.853179e-09
2.66436213e-06	1.766066e-09
2.66702259e-06	1.505444e-09
2.66968571e-06	1.410983e-09
2.67235149e-06	1.868269e-09
2.67501993e-06	1.673807e-09
2.67769104e-06	1.507082e-09
2.68036481e-06	1.559315e-09
2.68304126e-06	1.414939e-09
2.68572037e-06	1.402111e-09
2.68840216e-06	1.717769e-09
2.69108663e-06	1.402496e-09
2.69377378e-06	1.400235e-09
2.69646362e-06	1.450235e-09
2.69915613e-06	1.911071e-09
2.70185134e-06	1.423586e-09
2.70454924e-06	1.410647e-09
2.70724983e-06	1.470327e-09
2.70995312e-06	1.483488e-09
2.71265911e-06	1.776456e-09
2.71536780e-06	1.412936e-09
2.71807920e-06	1.660191e-09
2.72079330e-06	1.536682e-09
2.72351011e-06	1.591854e-09
2.72622964e-06	1.524568e-09
2.72895188e-06	1.414529e-09
2.73167684e-06	1.425742e-09
2.73440452e-06	1.630766e-09
2.73713492e-06	1.765628e-09
2.73986805e-06	1.506382e-09
2.74260391e-06	1.906186e-09
2.74534251e-06	1.478763e-09
2.74808383e-06	1.433565e-09
2.75082790e-06	1.649663e-09
2.75357470e-06	1.907081e-09
2.75632425e-06	1.833513e-09
2.75907654e-06	2.052776e-09
2.76183158e-06	1.923300e-09
2.76458937e-06	1.490245e-09
2.76734991e-06	1.618325e-09
2.77011322e-06	1.434467e-09
2.77287928e-06	1.572913e-09
2.77564810e-06	1.822234e-09
2.77841969e-06	1.497622e-09
2.78119404e-06	1.469350e-09
2.78397117e-06	1.696625e-09
2.78675106e-06	1.507897e-09
2.78953374e-06	1.435995e-09
2.79231919e-06	1.449664e-09
2.79510743e-06	1.573416e-09
2.79789844e-06	1.450735e-09
2.80069225e-06	1.440468e-09
2.80348884e-06	1.464404e-09
2.80628823e-06	1.751738e-09
2.80909041e-06	1.461153e-09
2.81189540e-06	1.750563e-09
2.81470318e-06	1.450084e-09
2.81751376e-06	1.458132e-09
2.82032715e-06	1.544655e-09
2.82314336e-06	1.446462e-09
2.82596237e-06	1.487947e-09
2.82878420e-06	1.526059e-09
2.83160884e-06	1.540342e-09
2.83443631e-06	1.577307e-09
2.83726660e-06	1.454284e-09
2.84009972e-06	1.512121e-09
2.84293566e-06	1.518433e-09
2.84577444e-06	1.622072e-09
2.84861605e-06	1.455715e-09
2.85146050e-06	1.468841e-09
2.85430779e-06	1.670703e-09
2.85715792e-06	1.536906e-09
2.86001090e-06	1.750052e-09
2.86286672e-06	1.841384e-09
2.86572540e-06	1.464478e-09
2.86858693e-06	1.481733e-09
2.87145132e-06	1.493428e-09
2.87431857e-06	1.962111e-09
2.87718869e-06	1.482951e-09
2.88006167e-06	1.811776e-09
2.88293752e-06	1.486666e-09
2.88581624e-06	1.610628e-09
2.88869783e-06	1.480892e-09
2.89158230e-06	1.568214e-09
2.89446965e-06	1.612845e-09
2.89735989e-06	1.742469e-09
2.90025301e-06	1.520721e-09
2.90314902e-06	2.001556e-09
2.90604792e-06	1.711076e-09
2.90894972e-06	1.475205e-09
2.91185441e-06	1.506298e-09
2.91476201e-06	1.626245e-09
2.91767251e-06	1.705940e-09
2.92058591e-06	1.474816e-09
2.92350222e-06	1.587745e-09
2.92642145e-06	1.507729e-09
2.92934359e-06	1.746380e-09
2.93226865e-06	1.702964e-09
2.93519663e-06	1.711109e-09
2.93812753e-06	1.506611e-09
2.94106136e-06	1.844857e-09
2.94399812e-06	1.726244e-09
2.94693781e-06	1.652733e-09
2.94988043e-06	1.921765e-09
2.95282600e-06	2.096602e-09
2.95577451e-06	1.584706e-09
2.95872596e-06	1.688974e-09
2.96168035e-06	1.775018e-09
2.96463770e-06	1.859455e-09
2.96759800e-06	1.842801e-09
2.97056126e-06	1.527081e-09
2.97352747e-06	1.589246e-09
2.97649665e-06	1.774132e-09
2.97946879e-06	1.566214e-09
2.98244390e-06	1.502485e-09
2.98542198e-06	1.579758e-09
2.98840304e-06	1.806846e-09
2.99138707e-06	1.540343e-09
2.99437408e-06	1.612215e-09
2.99736407e-06	1.982744e-09
3.00035705e-06	1.728825e-09
3.00335302e-06	1.525195e-09
3.00635198e-06	1.702690e-09
3.00935393e-06	1.796451e-09
3.01235888e-06	1.795037e-09
3.01536684e-06	1.971915e-09
3.01837779e-06	1.611820e-09
3.02139175e-06	1.759857e-09
3.02440873e-06	1.638422e-09
3.02742871e-06	1.889524e-09
3.03045171e-06	1.671065e-09
3.03347773e-06	1.575473e-09
3.03650677e-06	1.722011e-09
3.03953883e-06	1.688087e-09
3.04257392e-06	1.542830e-09
3.04561205e-06	2.004794e-09
3.04865320e-06	1.706771e-09
3.05169740e-06	1.735520e-09
3.05474463e-06	1.753625e-09
3.05779491e-06	1.851459e-09
3.06084823e-06	1.677675e-09
3.06390460e-06	1.521932e-09
3.06696402e-06	1.671466e-09
3.07002650e-06	1.701660e-09
3.07309203e-06	1.529834e-09
3.07616063e-06	1.909853e-09
3.07923229e-06	1.761814e-09
3.08230702e-06	1.750625e-09
3.08538481e-06	1.635997e-09
3.08846569e-06	1.687025e-09
3.09154963e-06	1.619234e-09
3.09463666e-06	1.597310e-09
3.09772677e-06	1.635125e-09
3.10081996e-06	1.626037e-09
3.10391625e-06	1.813799e-09
3.10701562e-06	1.537913e-09
3.11011809e-06	1.597741e-09
3.11322366e-06	1.737592e-09
3.11633233e-06	1.663782e-09
3.11944410e-06	1.804285e-09
3.12255898e-06	1.569795e-09
3.12567698e-06	1.757330e-09
3.12879808e-06	1.734446e-09
3.13192230e-06	1.736305e-09
3.13504964e-06	1.615300e-09
3.13818010e-06	1.584887e-09
3.14131369e-06	1.598759e-09
3.14445041e-06	1.815709e-09
3.14759026e-06	1.746429e-09
3.15073325e-06	1.572264e-09
3.15387937e-06	1.694558e-09
3.15702864e-06	1.705468e-09
3.16018105e-06	1.616291e-09
3.16333660e-06	1.535588e-09
3.16649531e-06	1.764482e-09
3.16965718e-06	1.896490e-09
3.17282220e-06	1.689677e-09
3.17599038e-06	1.639283e-09
3.17916172e-06	1.586837e-09
3.18233623e-06	1.981220e-09
3.18551391e-06	1.704861e-09
3.18869477e-06	1.601071e-09
3.19187880e-06	1.778141e-09
3.19506601e-06	1.707111e-09
3.19825640e-06	1.684771e-09
3.20144997e-06	1.555704e-09
3.20464674e-06	1.561067e-09
3.20784670e-06	1.828443e-09
3.21104985e-06	1.592651e-09
3.21425621e-06	1.742198e-09
3.21746576e-06	1.713561e-09
3.22067852e-06	1.660017e-09
3.22389449e-06	1.549609e-09
3.22711366e-06	1.757752e-09
3.23033606e-06	1.878127e-09
3.23356167e-06	1.677947e-09
3.23679050e-06	1.632242e-09
3.24002255e-06	1.988756e-09
3.24325783e-06	1.556050e-09
3.24649635e-06	1.819873e-09
3.24973809e-06	1.828648e-09
3.25298308e-06	1.731371e-09
3.25623130e-06	1.945566e-09
3.25948277e-06	1.567285e-09
3.26273748e-06	1.992668e-09
3.26599545e-06	1.940269e-09
3.26925667e-06	1.630795e-09
3.27252114e-06	2.110680e-09
3.27578887e-06	1.633352e-09
3.27905987e-06	1.949876e-09
3.28233413e-06	1.684872e-09
3.28561167e-06	1.679343e-09
3.28889247e-06	2.030993e-09
3.29217655e-06	1.719841e-09
3.29546391e-06	1.940013e-09
3.29875455e-06	1.722645e-09
3.30204848e-06	2.116553e-09
3.30534570e-06	1.661354e-09
3.30864621e-06	1.676041e-09
3.31195002e-06	1.538917e-09
3.31525712e-06	1.749058e-09
3.31856753e-06	1.796660e-09
3.32188124e-06	1.802744e-09
3.32519826e-06	1.880861e-09
3.32851860e-06	1.628878e-09
3.33184225e-06	1.622549e-09
3.33516921e-06	1.930190e-09
3.33849950e-06	1.698160e-09
3.34183312e-06	1.693420e-09
3.34517006e-06	1.696245e-09
3.34851034e-06	1.773299e-09
3.35185395e-06	1.971204e-09
3.35520090e-06	1.811905e-09
3.35855119e-06	1.729036e-09
3.36190483e-06	1.772377e-09
3.36526182e-06	1.774185e-09
3.36862216e-06	1.900149e-09
3.37198585e-06	1.990361e-09
3.37535290e-06	2.096750e-09
3.37872332e-06	1.886034e-09
3.38209710e-06	1.855385e-09
3.38547425e-06	1.754175e-09
3.38885477e-06	2.001774e-09
3.39223867e-06	1.667004e-09
3.39562594e-06	1.881237e-09
3.39901660e-06	1.906374e-09
3.40241065e-06	1.932758e-09
3.40580808e-06	1.967334e-09
3.40920890e-06	1.711591e-09
3.41261313e-06	1.652589e-09
3.41602075e-06	1.840735e-09
3.41943177e-06	1.924602e-09
3.42284620e-06	1.892209e-09
3.42626404e-06	1.695356e-09
3.42968529e-06	1.708044e-09
3.43310996e-06	1.809894e-09
3.43653804e-06	1.597147e-09
3.43996956e-06	1.903910e-09
3.44340449e-06	1.885130e-09
3.44684286e-06	1.681346e-09
3.45028466e-06	1.951712e-09
3.45372990e-06	1.863965e-09
3.45717857e-06	1.815112e-09
3.46063070e-06	2.064210e-09
3.46408626e-06	1.853382e-09
3.46754528e-06	1.656275e-09
3.47100775e-06	1.564466e-09
3.47447368e-06	1.878848e-09
3.47794307e-06	1.642285e-09
3.48141593e-06	1.683441e-09
3.48489225e-06	1.608622e-09
3.48837205e-06	1.904080e-09
3.49185532e-06	1.845248e-09
3.49534206e-06	1.883899e-09
3.49883229e-06	2.014892e-09
3.50232600e-06	2.051399e-09
3.50582321e-06	2.068390e-09
3.50932390e-06	1.995802e-09
3.51282809e-06	1.967518e-09
3.51633578e-06	1.650718e-09
3.51984697e-06	1.953532e-09
3.52336167e-06	2.096344e-09
3.52687988e-06	1.561450e-09
3.53040160e-06	2.116220e-09
3.53392683e-06	2.003583e-09
3.53745559e-06	1.983999e-09
3.54098787e-06	1.867014e-09
3.54452368e-06	1.838544e-09
3.54806302e-06	2.167434e-09
3.55160589e-06	1.952870e-09
3.55515230e-06	1.949120e-09
3.55870225e-06	1.959564e-09
3.56225575e-06	2.044655e-09
3.56581279e-06	1.944202e-09
3.56937339e-06	1.970544e-09
3.57293754e-06	1.977869e-09
3.57650525e-06	1.949267e-09
3.58007652e-06	2.081739e-09
3.58365136e-06	2.096840e-09
3.58722977e-06	2.061201e-09
3.59081175e-06	2.078809e-09
3.59439731e-06	2.171246e-09
3.59798645e-06	1.630094e-09
3.60157917e-06	1.634544e-09
3.60517548e-06	2.046329e-09
3.60877538e-06	1.845744e-09
3.61237888e-06	1.746099e-09
3.61598597e-06	1.855968e-09
3.61959667e-06	2.123440e-09
3.62321097e-06	2.033390e-09
3.62682888e-06	1.802889e-09
3.63045040e-06	1.910501e-09
3.63407554e-06	1.851387e-09
3.63770430e-06	1.697786e-09
3.64133669e-06	2.165652e-09
3.64497270e-06	2.225046e-09
3.64861234e-06	1.960077e-09
3.65225561e-06	1.725267e-09
3.65590252e-06	2.309600e-09
3.65955308e-06	2.137543e-09
3.66320728e-06	2.041289e-09
3.66686512e-06	2.177337e-09
3.67052662e-06	2.154800e-09
3.67419178e-06	1.748424e-09
3.67786060e-06	2.035648e-09
3.68153308e-06	2.065810e-09
3.68520923e-06	2.352545e-09
3.68888904e-06	1.893675e-09
3.69257254e-06	2.225318e-09
3.69625971e-06	1.686913e-09
3.69995056e-06	1.932679e-09
3.70364510e-06	2.169974e-09
3.70734332e-06	1.928128e-09
3.71104524e-06	1.912004e-09
3.71475086e-06	2.164311e-09
3.71846018e-06	2.115251e-09
3.72217320e-06	1.969238e-09
3.72588992e-06	2.151223e-09
3.72961036e-06	2.200514e-09
3.73333452e-06	2.167499e-09
3.73706239e-06	2.143485e-09
3.74079399e-06	2.296565e-09
3.74452931e-06	2.124593e-09
3.74826836e-06	1.708095e-09
3.75201114e-06	2.222535e-09
3.75575766e-06	2.163031e-09
3.75950793e-06	2.283737e-09
3.76326194e-06	2.337801e-09
3.76701969e-06	2.319007e-09
3.77078120e-06	2.034020e-09
3.77454647e-06	2.107266e-09
3.77831549e-06	2.024739e-09
3.78208828e-06	1.913927e-09
3.78586483e-06	2.033011e-09
3.78964516e-06	2.423326e-09
3.79342926e-06	1.713520e-09
3.79721714e-06	2.431540e-09
3.80100880e-06	2.353904e-09
3.80480425e-06	2.286076e-09
3.80860349e-06	2.331455e-09
3.81240652e-06	2.401735e-09
3.81621335e-06	2.175472e-09
3.82002398e-06	2.428067e-09
3.82383842e-06	2.316240e-09
3.82765666e-06	2.384783e-09
3.83147872e-06	2.071675e-09
3.83530459e-06	2.419393e-09
3.83913428e-06	2.294980e-09
3.84296780e-06	2.406459e-09
3.84680515e-06	1.893551e-09
3.85064633e-06	2.135184e-09
3.85449134e-06	2.411724e-09
3.85834019e-06	2.291890e-09
3.86219289e-06	2.123841e-09
3.86604943e-06	2.022940e-09
3.86990982e-06	2.388449e-09
3.87377407e-06	2.225626e-09
3.87764218e-06	2.319843e-09
3.88151415e-06	2.421349e-09
3.88538998e-06	2.246965e-09
3.88926969e-06	2.312830e-09
3.89315327e-06	2.415303e-09
3.89704073e-06	2.096888e-09
3.90093207e-06	2.404422e-09
3.90482729e-06	2.407513e-09
3.90872641e-06	2.380224e-09
3.91262941e-06	2.346183e-09
3.91653632e-06	2.272041e-09
3.92044713e-06	2.031190e-09
3.92436184e-06	2.027352e-09
3.92828046e-06	2.411586e-09
3.93220299e-06	1.797518e-09
3.93612944e-06	2.263375e-09
3.94005981e-06	2.108563e-09
3.94399411e-06	2.409693e-09
3.94793233e-06	2.126522e-09
3.95187449e-06	2.078510e-09
3.95582058e-06	2.486519e-09
3.95977062e-06	2.266001e-09
3.96372460e-06	1.855816e-09
3.96768252e-06	2.211533e-09
3.97164440e-06	2.207090e-09
3.97561023e-06	1.928895e-09
3.97958003e-06	2.298693e-09
3.98355379e-06	2.227258e-09
3.98753151e-06	2.269740e-09
3.99151321e-06	1.913504e-09
3.99549888e-06	2.347187e-09
3.99948854e-06	1.767069e-09
4.00348217e-06	2.436696e-09
