2.99769222e-07	9.712381e-16
3.00068553e-07	1.260542e-15
3.00368182e-07	1.291420e-15
3.00668111e-07	1.323005e-15
3.00968339e-07	1.355313e-15
3.01268867e-07	1.388360e-15
3.01569695e-07	1.422160e-15
3.01870824e-07	1.456730e-15
3.02172253e-07	1.492085e-15
3.02473983e-07	1.528243e-15
3.02776015e-07	1.565221e-15
3.03078348e-07	1.603035e-15
3.03380983e-07	1.641704e-15
3.03683920e-07	1.681244e-15
3.03987160e-07	1.721675e-15
3.04290702e-07	1.763014e-15
3.04594547e-07	1.805281e-15
3.04898696e-07	1.848496e-15
3.05203149e-07	1.892677e-15
3.05507906e-07	1.937844e-15
3.05812967e-07	1.984019e-15
3.06118332e-07	2.031221e-15
3.06424003e-07	2.079473e-15
3.06729978e-07	2.128795e-15
3.07036260e-07	2.179211e-15
3.07342847e-07	2.230741e-15
3.07649740e-07	2.283408e-15
3.07956940e-07	2.337238e-15
3.08264446e-07	2.392251e-15
3.08572260e-07	2.448474e-15
3.08880380e-07	2.505930e-15
3.09188809e-07	2.564645e-15
3.09497545e-07	2.624644e-15
3.09806590e-07	2.685953e-15
3.10115944e-07	2.748598e-15
3.10425606e-07	2.812607e-15
3.10735577e-07	2.878007e-15
3.11045858e-07	2.944825e-15
3.11356449e-07	3.013090e-15
3.11667350e-07	3.082832e-15
3.11978561e-07	3.154079e-15
3.12290084e-07	3.226863e-15
3.12601917e-07	3.301212e-15
3.12914061e-07	3.377159e-15
3.13226518e-07	3.454735e-15
3.13539286e-07	3.533972e-15
3.13852367e-07	3.614904e-15
3.14165760e-07	3.697563e-15
3.14479466e-07	3.781984e-15
3.14793485e-07	3.868202e-15
3.15107818e-07	3.956251e-15
3.15422465e-07	4.046168e-15
3.15737426e-07	4.137990e-15
3.16052702e-07	4.231753e-15
3.16368292e-07	4.327495e-15
3.16684197e-07	4.425254e-15
3.17000418e-07	4.525072e-15
3.17316955e-07	4.626986e-15
3.17633808e-07	4.731038e-15
3.17950977e-07	4.837269e-15
3.18268463e-07	4.945722e-15
3.18586266e-07	5.056438e-15
3.18904386e-07	5.169462e-15
3.19222824e-07	5.284838e-15
3.19541579e-07	5.402611e-15
3.19860654e-07	5.522827e-15
3.20180046e-07	5.645533e-15
3.20499758e-07	5.770776e-15
3.20819789e-07	5.898604e-15
3.21140139e-07	6.029067e-15
3.21460810e-07	6.162216e-15
3.21781800e-07	6.298099e-15
3.22103111e-07	6.436770e-15
3.22424743e-07	6.578282e-15
3.22746696e-07	6.722687e-15
3.23068971e-07	6.870041e-15
3.23391567e-07	7.020398e-15
3.23714485e-07	7.173815e-15
3.24037726e-07	7.330349e-15
3.24361290e-07	7.490060e-15
3.24685177e-07	7.653006e-15
3.25009387e-07	7.819246e-15
3.25333921e-07	7.988844e-15
3.25658779e-07	8.161861e-15
3.25983961e-07	8.338360e-15
3.26309468e-07	8.518406e-15
3.26635300e-07	8.702065e-15
3.26961458e-07	8.889403e-15
3.27287941e-07	9.080488e-15
3.27614750e-07	9.275389e-15
3.27941886e-07	9.474177e-15
3.28269348e-07	9.676922e-15
3.28597137e-07	9.883697e-15
3.28925253e-07	1.009457e-14
3.29253697e-07	1.030963e-14
3.29582469e-07	1.052894e-14
3.29911570e-07	1.075259e-14
3.30240998e-07	1.098064e-14
3.30570756e-07	1.121318e-14
3.30900844e-07	1.145030e-14
3.31231260e-07	1.169207e-14
3.31562007e-07	1.193858e-14
3.31893084e-07	1.218991e-14
3.32224491e-07	1.244615e-14
3.32556230e-07	1.270739e-14
3.32888300e-07	1.297372e-14
3.33220701e-07	1.324523e-14
3.33553434e-07	1.352201e-14
3.33886500e-07	1.380416e-14
3.34219898e-07	1.409176e-14
3.34553629e-07	1.438493e-14
3.34887693e-07	1.468375e-14
3.35222091e-07	1.498833e-14
3.35556822e-07	1.529876e-14
3.35891888e-07	1.561516e-14
3.36227289e-07	1.593763e-14
3.36563024e-07	1.626627e-14
3.36899095e-07	1.660119e-14
3.37235501e-07	1.694251e-14
3.37572243e-07	1.729033e-14
3.37909321e-07	1.764477e-14
3.38246736e-07	1.800594e-14
3.38584488e-07	1.837396e-14
3.38922578e-07	1.874896e-14
3.39261004e-07	1.913104e-14
3.39599769e-07	1.952034e-14
3.39938872e-07	1.991698e-14
3.40278313e-07	2.032109e-14
3.40618094e-07	2.073279e-14
3.40958214e-07	2.115222e-14
3.41298673e-07	2.157950e-14
3.41639473e-07	2.201479e-14
3.41980612e-07	2.245820e-14
3.42322093e-07	2.290988e-14
3.42663914e-07	2.336997e-14
3.43006076e-07	2.383862e-14
3.43348581e-07	2.431597e-14
3.43691427e-07	2.480217e-14
3.44034616e-07	2.529737e-14
3.44378147e-07	2.580171e-14
3.44722021e-07	2.631537e-14
3.45066239e-07	2.683849e-14
3.45410800e-07	2.737123e-14
3.45755706e-07	2.791376e-14
3.46100956e-07	2.846624e-14
3.46446550e-07	2.902884e-14
3.46792490e-07	2.960172e-14
3.47138775e-07	3.018506e-14
3.47485406e-07	3.077904e-14
3.47832383e-07	3.138383e-14
3.48179707e-07	3.199961e-14
3.48527377e-07	3.262656e-14
3.48875395e-07	3.326488e-14
3.49223760e-07	3.391474e-14
3.49572472e-07	3.457634e-14
3.49921534e-07	3.524988e-14
3.50270943e-07	3.593555e-14
3.50620702e-07	3.663354e-14
3.50970809e-07	3.734407e-14
3.51321267e-07	3.806734e-14
3.51672074e-07	3.880356e-14
3.52023232e-07	3.955294e-14
3.52374740e-07	4.031569e-14
3.52726599e-07	4.109203e-14
3.53078810e-07	4.188219e-14
3.53431372e-07	4.268639e-14
3.53784286e-07	4.350486e-14
3.54137553e-07	4.433782e-14
3.54491173e-07	4.518552e-14
3.54845145e-07	4.604820e-14
3.55199471e-07	4.692607e-14
3.55554151e-07	4.781938e-14
3.55909185e-07	4.872841e-14
3.56264573e-07	4.965349e-14
3.56620317e-07	5.059472e-14
3.56976415e-07	5.155242e-14
3.57332870e-07	5.252686e-14
3.57689680e-07	5.351830e-14
3.58046846e-07	5.452703e-14
3.58404369e-07	5.555331e-14
3.58762249e-07	5.659742e-14
3.59120487e-07	5.765964e-14
3.59479082e-07	5.874027e-14
3.59838035e-07	5.983957e-14
3.60197347e-07	6.095782e-14
3.60557017e-07	6.209496e-14
3.60917046e-07	6.325255e-14
3.61277436e-07	6.442975e-14
3.61638184e-07	6.562705e-14
3.61999294e-07	6.684487e-14
3.62360763e-07	6.808338e-14
3.62722594e-07	6.934334e-14
3.63084786e-07	7.062475e-14
3.63447339e-07	7.192788e-14
3.63810255e-07	7.325331e-14
3.64173533e-07	7.460116e-14
3.64537174e-07	7.597198e-14
3.64901178e-07	7.736598e-14
3.65265545e-07	7.878356e-14
3.65630276e-07	8.022508e-14
3.65995372e-07	8.169096e-14
3.66360832e-07	8.318151e-14
3.66726656e-07	8.469713e-14
3.67092847e-07	8.623817e-14
3.67459402e-07	8.780514e-14
3.67826324e-07	8.939814e-14
3.68193613e-07	9.101806e-14
3.68561267e-07	9.266495e-14
3.68929290e-07	9.433931e-14
3.69297679e-07	9.604128e-14
3.69666437e-07	9.777200e-14
3.70035562e-07	9.953101e-14
3.70405056e-07	1.013197e-13
3.70774920e-07	1.031376e-13
3.71145152e-07	1.049855e-13
3.71515754e-07	1.068641e-13
3.71886726e-07	1.087733e-13
3.72258069e-07	1.107144e-13
3.72629783e-07	1.126878e-13
3.73001867e-07	1.146928e-13
3.73374323e-07	1.167311e-13
3.73747152e-07	1.188026e-13
3.74120352e-07	1.209076e-13
3.74493925e-07	1.230471e-13
3.74867871e-07	1.252215e-13
3.75242191e-07	1.274321e-13
3.75616884e-07	1.296771e-13
3.75991951e-07	1.319602e-13
3.76367393e-07	1.342794e-13
3.76743210e-07	1.366354e-13
3.77119402e-07	1.390277e-13
3.77495970e-07	1.414644e-13
3.77872913e-07	1.439373e-13
3.78250233e-07	1.464493e-13
3.78627930e-07	1.490025e-13
3.79006004e-07	1.515963e-13
3.79384456e-07	1.542316e-13
3.79763285e-07	1.569081e-13
3.80142493e-07	1.596294e-13
3.80522079e-07	1.623925e-13
3.80902045e-07	1.652000e-13
3.81282390e-07	1.680528e-13
3.81663114e-07	1.709478e-13
3.82044219e-07	1.738908e-13
3.82425704e-07	1.768842e-13
3.82807570e-07	1.799217e-13
3.83189818e-07	1.830077e-13
3.83572447e-07	1.861397e-13
3.83955458e-07	1.893253e-13
3.84338852e-07	1.925575e-13
3.84722629e-07	1.958408e-13
3.85106789e-07	1.991792e-13
3.85491332e-07	2.025675e-13
3.85876259e-07	2.060088e-13
3.86261571e-07	2.095038e-13
3.86647268e-07	2.130514e-13
3.87033349e-07	2.166577e-13
3.87419816e-07	2.203182e-13
3.87806669e-07	2.240345e-13
3.88193909e-07	2.278115e-13
3.88581535e-07	2.316407e-13
3.88969548e-07	2.355360e-13
3.89357948e-07	2.394908e-13
3.89746737e-07	2.435014e-13
3.90135913e-07	2.475808e-13
3.90525478e-07	2.517161e-13
3.90915433e-07	2.559168e-13
3.91305776e-07	2.601842e-13
3.91696509e-07	2.645202e-13
3.92087633e-07	2.689170e-13
3.92479147e-07	2.733821e-13
3.92871052e-07	2.779147e-13
3.93263348e-07	2.825185e-13
3.93656036e-07	2.871905e-13
3.94049116e-07	2.919315e-13
3.94442589e-07	2.967421e-13
3.94836455e-07	3.016379e-13
3.95230713e-07	3.065871e-13
3.95625366e-07	3.116244e-13
3.96020412e-07	3.167401e-13
3.96415854e-07	3.219437e-13
3.96811689e-07	3.272095e-13
3.97207921e-07	3.325583e-13
3.97604547e-07	3.379860e-13
3.98001570e-07	3.434939e-13
3.98398990e-07	3.490768e-13
3.98796806e-07	3.547613e-13
3.99195019e-07	3.605103e-13
3.99593630e-07	3.663717e-13
3.99992639e-07	3.722982e-13
4.00392047e-07	3.783175e-13
4.00791853e-07	3.844362e-13
4.01192059e-07	3.906349e-13
4.01592664e-07	3.969316e-13
4.01993669e-07	4.033153e-13
4.02395074e-07	4.097901e-13
4.02796881e-07	4.163714e-13
4.03199088e-07	4.230454e-13
4.03601698e-07	4.298068e-13
4.04004709e-07	4.366862e-13
4.04408123e-07	4.436542e-13
4.04811939e-07	4.507104e-13
4.05216159e-07	4.579003e-13
4.05620782e-07	4.651901e-13
4.06025810e-07	4.725725e-13
4.06431241e-07	4.800341e-13
4.06837078e-07	4.876652e-13
4.07243320e-07	4.953725e-13
4.07649967e-07	5.032192e-13
4.08057021e-07	5.111570e-13
4.08464481e-07	5.192151e-13
4.08872348e-07	5.273684e-13
4.09280622e-07	5.356762e-13
4.09689304e-07	5.440805e-13
4.10098394e-07	5.526083e-13
4.10507892e-07	5.612099e-13
4.10917800e-07	5.700334e-13
4.11328116e-07	5.784887e-13
4.11738843e-07	5.879465e-13
4.12149979e-07	5.969599e-13
4.12561526e-07	6.063788e-13
4.12973484e-07	6.158309e-13
4.13385854e-07	6.253982e-13
4.13798635e-07	6.350744e-13
4.14211828e-07	6.448751e-13
4.14625434e-07	6.547968e-13
4.15039453e-07	6.649817e-13
4.15453885e-07	6.752113e-13
4.15868731e-07	6.855989e-13
4.16283991e-07	6.962016e-13
4.16699666e-07	7.068675e-13
4.17115756e-07	7.177307e-13
4.17532262e-07	7.286959e-13
4.17949183e-07	7.398663e-13
4.18366521e-07	7.511710e-13
4.18784276e-07	7.625669e-13
4.19202447e-07	7.742350e-13
4.19621036e-07	7.858923e-13
4.20040044e-07	7.980098e-13
4.20459469e-07	8.101164e-13
4.20879314e-07	8.223216e-13
4.21299577e-07	8.348706e-13
4.21720260e-07	8.471795e-13
4.22141364e-07	8.600674e-13
4.22562887e-07	8.732507e-13
4.22984832e-07	8.858601e-13
4.23407198e-07	8.996250e-13
4.23829986e-07	9.130775e-13
4.24253196e-07	9.268849e-13
4.24676828e-07	9.409351e-13
4.25100884e-07	9.550054e-13
4.25525363e-07	9.692347e-13
4.25950266e-07	9.838101e-13
4.26375593e-07	9.984593e-13
4.26801345e-07	1.013413e-12
4.27227522e-07	1.028385e-12
4.27654124e-07	1.043749e-12
4.28081153e-07	1.059206e-12
4.28508608e-07	1.074976e-12
4.28936489e-07	1.090703e-12
4.29364798e-07	1.106701e-12
4.29793535e-07	1.123388e-12
4.30222700e-07	1.139984e-12
4.30652293e-07	1.156721e-12
4.31082315e-07	1.173746e-12
4.31512767e-07	1.191137e-12
4.31943648e-07	1.208599e-12
4.32374960e-07	1.226326e-12
4.32806703e-07	1.244212e-12
4.33238876e-07	1.262224e-12
4.33671481e-07	1.280872e-12
4.34104518e-07	1.299617e-12
4.34537988e-07	1.318360e-12
4.34971890e-07	1.337622e-12
4.35406226e-07	1.357191e-12
4.35840995e-07	1.376573e-12
4.36276198e-07	1.396814e-12
4.36711836e-07	1.416802e-12
4.37147909e-07	1.437438e-12
4.37584417e-07	1.458505e-12
4.38021362e-07	1.479525e-12
4.38458742e-07	1.500711e-12
4.38896560e-07	1.522469e-12
4.39334814e-07	1.544052e-12
4.39773506e-07	1.566338e-12
4.40212636e-07	1.589077e-12
4.40652205e-07	1.611866e-12
4.41092212e-07	1.634797e-12
4.41532659e-07	1.658129e-12
4.41973546e-07	1.681710e-12
4.42414873e-07	1.705821e-12
4.42856641e-07	1.729586e-12
4.43298849e-07	1.753980e-12
4.43741500e-07	1.779590e-12
4.44184592e-07	1.804809e-12
4.44628127e-07	1.830504e-12
4.45072105e-07	1.856385e-12
4.45516526e-07	1.882504e-12
4.45961390e-07	1.900320e-12
4.46406699e-07	1.936213e-12
4.46852453e-07	1.963520e-12
4.47298652e-07	1.990973e-12
4.47745296e-07	2.019309e-12
4.48192386e-07	2.047646e-12
4.48639923e-07	2.073783e-12
4.49087906e-07	2.105034e-12
4.49536337e-07	2.135058e-12
4.49985216e-07	2.164715e-12
4.50434543e-07	2.194913e-12
4.50884319e-07	2.225317e-12
4.51334543e-07	2.256341e-12
4.51785218e-07	2.287534e-12
4.52236342e-07	2.319028e-12
4.52687917e-07	2.351735e-12
4.53139942e-07	2.384216e-12
4.53592419e-07	2.417442e-12
4.54045348e-07	2.450611e-12
4.54498729e-07	2.482537e-12
4.54952563e-07	2.519168e-12
4.55406850e-07	2.554014e-12
4.55861591e-07	2.588872e-12
4.56316785e-07	2.624789e-12
4.56772435e-07	2.661088e-12
4.57228539e-07	2.697322e-12
4.57685098e-07	2.734024e-12
4.58142114e-07	2.771328e-12
4.58599586e-07	2.809231e-12
4.59057514e-07	2.847163e-12
4.59515900e-07	2.886796e-12
4.59974744e-07	2.926135e-12
4.60434046e-07	2.965430e-12
4.60893806e-07	3.005404e-12
4.61354026e-07	3.047240e-12
4.61814705e-07	3.088449e-12
4.62275844e-07	3.130198e-12
4.62737444e-07	3.172193e-12
4.63199504e-07	3.215373e-12
4.63662026e-07	3.258601e-12
4.64125010e-07	3.302211e-12
4.64588456e-07	3.345844e-12
4.65052364e-07	3.390918e-12
4.65516737e-07	3.435282e-12
4.65981572e-07	3.484004e-12
4.66446872e-07	3.529226e-12
4.66912637e-07	3.574206e-12
4.67378866e-07	3.625077e-12
4.67845561e-07	3.671276e-12
4.68312722e-07	3.722855e-12
4.68780350e-07	3.765266e-12
4.69248445e-07	3.822667e-12
4.69717007e-07	3.870844e-12
4.70186036e-07	3.925295e-12
4.70655535e-07	3.975487e-12
4.71125502e-07	4.019000e-12
4.71595938e-07	4.082958e-12
4.72066844e-07	4.136896e-12
4.72538220e-07	4.190719e-12
4.73010067e-07	4.246312e-12
4.73482385e-07	4.302774e-12
4.73955175e-07	4.352166e-12
4.74428437e-07	4.415927e-12
4.74902171e-07	4.471538e-12
4.75376378e-07	4.529239e-12
4.75851059e-07	4.587282e-12
4.76326214e-07	4.652104e-12
4.76801844e-07	4.714840e-12
4.77277948e-07	4.771443e-12
4.77754528e-07	4.831313e-12
4.78231583e-07	4.898164e-12
4.78709115e-07	4.963139e-12
4.79187124e-07	5.026958e-12
4.79665610e-07	5.090523e-12
4.80144574e-07	5.144769e-12
4.80624016e-07	5.225683e-12
4.81103937e-07	5.289850e-12
4.81584337e-07	5.359825e-12
4.82065217e-07	5.426850e-12
4.82546577e-07	5.503285e-12
4.83028417e-07	5.565036e-12
4.83510739e-07	5.611634e-12
4.83993543e-07	5.701016e-12
4.84476828e-07	5.769061e-12
4.84960596e-07	5.853167e-12
4.85444847e-07	5.930205e-12
4.85929582e-07	6.013786e-12
4.86414801e-07	6.087350e-12
4.86900504e-07	6.165696e-12
4.87386692e-07	6.243295e-12
4.87873366e-07	6.282836e-12
4.88360525e-07	6.407004e-12
4.88848171e-07	6.483500e-12
4.89336304e-07	6.563325e-12
4.89824925e-07	6.600415e-12
4.90314033e-07	6.734568e-12
4.90803630e-07	6.812561e-12
4.91293716e-07	6.907571e-12
4.91784291e-07	6.995815e-12
4.92275355e-07	7.081975e-12
4.92766911e-07	7.166313e-12
4.93258957e-07	7.267619e-12
4.93751494e-07	7.356226e-12
4.94244523e-07	7.430712e-12
4.94738045e-07	7.535061e-12
4.95232059e-07	7.631666e-12
4.95726566e-07	7.729852e-12
4.96221568e-07	7.822488e-12
4.96717063e-07	7.917391e-12
4.97213054e-07	8.007700e-12
4.97709539e-07	8.113146e-12
4.98206521e-07	8.222414e-12
4.98703999e-07	8.319414e-12
4.99201973e-07	8.417002e-12
4.99700445e-07	8.524292e-12
5.00199414e-07	8.641590e-12
5.00698882e-07	8.754291e-12
5.01198848e-07	8.848119e-12
5.01699314e-07	8.958910e-12
5.02200279e-07	9.061188e-12
5.02701745e-07	9.189901e-12
5.03203711e-07	9.280869e-12
5.03706178e-07	9.402504e-12
5.04209148e-07	9.534346e-12
5.04712619e-07	9.637902e-12
5.05216594e-07	9.766911e-12
5.05721071e-07	9.867045e-12
5.06226052e-07	1.000809e-11
5.06731538e-07	1.010478e-11
5.07237528e-07	1.023751e-11
5.07744023e-07	1.037651e-11
5.08251025e-07	1.048268e-11
5.08758532e-07	1.059606e-11
5.09266546e-07	1.075858e-11
5.09775068e-07	1.089081e-11
5.10284097e-07	1.100667e-11
5.10793635e-07	1.105663e-11
5.11303681e-07	1.125914e-11
5.11814237e-07	1.139243e-11
5.12325302e-07	1.144753e-11
5.12836878e-07	1.166122e-11
5.13348965e-07	1.178643e-11
5.13861563e-07	1.196145e-11
5.14374672e-07	1.207447e-11
5.14888295e-07	1.227890e-11
5.15402430e-07	1.241936e-11
5.15917078e-07	1.257017e-11
5.16432240e-07	1.270540e-11
5.16947917e-07	1.285077e-11
5.17464109e-07	1.300913e-11
5.17980816e-07	1.316979e-11
5.18498039e-07	1.335155e-11
5.19015778e-07	1.349837e-11
5.19534035e-07	1.367840e-11
5.20052809e-07	1.383977e-11
5.20572101e-07	1.397369e-11
5.21091911e-07	1.415888e-11
5.21612241e-07	1.432057e-11
5.22133090e-07	1.451761e-11
5.22654459e-07	1.466627e-11
5.23176349e-07	1.483065e-11
5.23698760e-07	1.502155e-11
5.24221693e-07	1.510385e-11
5.24745148e-07	1.535225e-11
5.25269125e-07	1.555740e-11
5.25793626e-07	1.575052e-11
5.26318650e-07	1.593928e-11
5.26844199e-07	1.607320e-11
5.27370272e-07	1.629143e-11
5.27896871e-07	1.634727e-11
5.28423996e-07	1.670076e-11
5.28951647e-07	1.688144e-11
5.29479824e-07	1.705020e-11
5.30008530e-07	1.728980e-11
5.30537763e-07	1.748523e-11
5.31067524e-07	1.766174e-11
5.31597815e-07	1.788740e-11
5.32128635e-07	1.810424e-11
5.32659985e-07	1.826578e-11
5.33191866e-07	1.849220e-11
5.33724278e-07	1.872185e-11
5.34257221e-07	1.892062e-11
5.34790697e-07	1.914970e-11
5.35324705e-07	1.938394e-11
5.35859247e-07	1.957397e-11
5.36394322e-07	1.971345e-11
5.36929932e-07	2.007136e-11
5.37466076e-07	2.028143e-11
5.38002756e-07	2.054394e-11
5.38539972e-07	2.073606e-11
5.39077724e-07	2.087017e-11
5.39616013e-07	2.098637e-11
5.40154839e-07	2.131030e-11
5.40694204e-07	2.162986e-11
5.41234107e-07	2.193840e-11
5.41774550e-07	2.208720e-11
5.42315532e-07	2.220383e-11
5.42857054e-07	2.254278e-11
5.43399117e-07	2.260181e-11
5.43941721e-07	2.276148e-11
5.44484867e-07	2.342936e-11
5.45028555e-07	2.365638e-11
5.45572786e-07	2.400151e-11
5.46117561e-07	2.414253e-11
5.46662879e-07	2.426627e-11
5.47208743e-07	2.470371e-11
5.47755151e-07	2.505253e-11
5.48302105e-07	2.524050e-11
5.48849605e-07	2.563411e-11
5.49397651e-07	2.590576e-11
5.49946245e-07	2.626600e-11
5.50495387e-07	2.640444e-11
5.51045077e-07	2.686378e-11
5.51595316e-07	2.686819e-11
5.52146104e-07	2.747840e-11
5.52697443e-07	2.746281e-11
5.53249331e-07	2.799952e-11
5.53801771e-07	2.790975e-11
5.54354763e-07	2.855512e-11
5.54908307e-07	2.903492e-11
5.55462403e-07	2.923295e-11
5.56017053e-07	2.957394e-11
5.56572257e-07	2.961834e-11
5.57128015e-07	3.008876e-11
5.57684328e-07	3.037669e-11
5.58241196e-07	3.097537e-11
5.58798621e-07	3.135525e-11
5.59356602e-07	3.163807e-11
5.59915140e-07	3.198978e-11
5.60474236e-07	3.222978e-11
5.61033890e-07	3.265418e-11
5.61594104e-07	3.290463e-11
5.62154876e-07	3.347981e-11
5.62716209e-07	3.371102e-11
5.63278102e-07	3.414982e-11
5.63840556e-07	3.431667e-11
5.64403571e-07	3.484412e-11
5.64967149e-07	3.530152e-11
5.65531290e-07	3.554282e-11
5.66095994e-07	3.575943e-11
5.66661262e-07	3.636198e-11
5.67227094e-07	3.667972e-11
5.67793491e-07	3.680908e-11
5.68360454e-07	3.592256e-11
5.68927983e-07	3.756397e-11
5.69496079e-07	3.807001e-11
5.70064741e-07	3.845475e-11
5.70633972e-07	3.863494e-11
5.71203771e-07	3.892276e-11
5.71774140e-07	3.905782e-11
5.72345077e-07	3.975462e-11
5.72916585e-07	4.077243e-11
5.73488663e-07	4.129654e-11
5.74061313e-07	4.147289e-11
5.74634535e-07	4.169846e-11
5.75208328e-07	4.209542e-11
5.75782695e-07	4.289497e-11
5.76357636e-07	4.312865e-11
5.76933150e-07	4.383474e-11
5.77509239e-07	4.419243e-11
5.78085904e-07	4.390560e-11
5.78663144e-07	4.477622e-11
5.79240960e-07	4.476184e-11
5.79819354e-07	4.596749e-11
5.80398325e-07	4.565346e-11
5.80977874e-07	4.667933e-11
5.81558002e-07	4.614909e-11
5.82138709e-07	4.817728e-11
5.82719997e-07	4.822848e-11
5.83301864e-07	4.883959e-11
5.83884313e-07	4.823834e-11
5.84467343e-07	4.913859e-11
5.85050955e-07	4.991804e-11
5.85635150e-07	5.082140e-11
5.86219928e-07	5.039170e-11
5.86805291e-07	4.932267e-11
5.87391238e-07	5.210585e-11
5.87977770e-07	5.225889e-11
5.88564887e-07	5.280362e-11
5.89152591e-07	4.881547e-11
5.89740882e-07	5.259943e-11
5.90329760e-07	5.181254e-11
5.90919226e-07	5.466753e-11
5.91509281e-07	5.549778e-11
5.92099925e-07	5.357224e-11
5.92691158e-07	5.611266e-11
5.93282982e-07	5.639550e-11
5.93875397e-07	5.690774e-11
5.94468404e-07	5.739390e-11
5.95062003e-07	5.770949e-11
5.95656194e-07	5.943768e-11
5.96250979e-07	5.959699e-11
5.96846358e-07	5.739403e-11
5.97442331e-07	6.045017e-11
5.98038899e-07	6.053282e-11
5.98636063e-07	6.255685e-11
5.99233823e-07	6.164215e-11
5.99832181e-07	6.357688e-11
6.00431135e-07	5.852329e-11
6.01030688e-07	6.430269e-11
6.01630839e-07	6.434521e-11
6.02231590e-07	6.442761e-11
6.02832941e-07	6.670865e-11
6.03434892e-07	6.764515e-11
6.04037444e-07	6.627351e-11
6.04640598e-07	6.515400e-11
6.05244354e-07	6.813112e-11
6.05848713e-07	6.865134e-11
6.06453675e-07	6.935631e-11
6.07059241e-07	7.140133e-11
6.07665413e-07	7.181812e-11
6.08272189e-07	7.343630e-11
6.08879571e-07	7.470804e-11
6.09487560e-07	7.520370e-11
6.10096156e-07	7.620611e-11
6.10705360e-07	7.519862e-11
6.11315172e-07	7.771950e-11
6.11925592e-07	7.812117e-11
6.12536623e-07	7.776612e-11
6.13148263e-07	8.045645e-11
6.13760515e-07	8.019116e-11
6.14373377e-07	7.883285e-11
6.14986852e-07	8.199882e-11
6.15600939e-07	8.342716e-11
6.16215639e-07	8.311015e-11
6.16830953e-07	8.177160e-11
6.17446882e-07	8.534235e-11
6.18063426e-07	8.615181e-11
6.18680585e-07	8.784923e-11
6.19298360e-07	8.716094e-11
6.19916753e-07	8.724623e-11
6.20535763e-07	8.973510e-11
6.21155390e-07	8.897270e-11
6.21775637e-07	9.265088e-11
6.22396503e-07	9.229857e-11
6.23017989e-07	9.394539e-11
6.23640096e-07	9.259187e-11
6.24262823e-07	9.435881e-11
6.24886173e-07	9.554657e-11
6.25510145e-07	9.704994e-11
6.26134740e-07	9.474440e-11
6.26759959e-07	9.572692e-11
6.27385802e-07	9.774681e-11
6.28012270e-07	9.678983e-11
6.28639363e-07	9.831295e-11
6.29267083e-07	1.031565e-10
6.29895429e-07	1.021788e-10
6.30524403e-07	1.012185e-10
6.31154005e-07	1.022202e-10
6.31784236e-07	1.038838e-10
6.32415096e-07	1.022625e-10
6.33046586e-07	1.014240e-10
6.33678706e-07	1.092210e-10
6.34311458e-07	1.097960e-10
6.34944842e-07	1.095459e-10
6.35578858e-07	1.117258e-10
6.36213507e-07	1.134839e-10
6.36848789e-07	1.139004e-10
6.37484706e-07	1.109313e-10
6.38121259e-07	1.134484e-10
6.38758446e-07	1.133675e-10
6.39396270e-07	1.175406e-10
6.40034731e-07	1.183047e-10
6.40673830e-07	1.180557e-10
6.41313566e-07	1.186794e-10
6.41953941e-07	1.203624e-10
6.42594956e-07	1.224803e-10
6.43236611e-07	1.196989e-10
6.43878907e-07	1.212345e-10
6.44521844e-07	1.171614e-10
6.45165423e-07	1.242699e-10
6.45809644e-07	1.254007e-10
6.46454509e-07	1.246026e-10
6.47100018e-07	1.210267e-10
6.47746171e-07	1.214865e-10
6.48392970e-07	1.259324e-10
6.49040414e-07	1.324659e-10
6.49688505e-07	1.294657e-10
6.50337243e-07	1.344815e-10
6.50986629e-07	1.338266e-10
6.51636663e-07	1.248743e-10
6.52287347e-07	1.299380e-10
6.52938680e-07	1.298639e-10
6.53590663e-07	1.350946e-10
6.54243298e-07	1.363287e-10
6.54896584e-07	1.408258e-10
6.55550522e-07	1.394635e-10
6.56205114e-07	1.335901e-10
6.56860359e-07	1.370866e-10
6.57516258e-07	1.317295e-10
6.58172813e-07	1.432786e-10
6.58830023e-07	1.026868e-10
6.59487889e-07	1.333349e-10
6.60146412e-07	1.460749e-10
6.60805592e-07	1.534822e-10
6.61465431e-07	1.496649e-10
6.62125929e-07	1.538396e-10
6.62787086e-07	1.016964e-10
6.63448904e-07	1.300350e-10
6.64111382e-07	1.570943e-10
6.64774522e-07	1.443710e-10
6.65438324e-07	1.557055e-10
6.66102789e-07	1.587397e-10
6.66767917e-07	1.536007e-10
6.67433710e-07	1.521594e-10
6.68100167e-07	1.610503e-10
6.68767290e-07	1.642153e-10
6.69435079e-07	1.657491e-10
6.70103534e-07	1.689336e-10
6.70772657e-07	1.582598e-10
6.71442449e-07	1.728865e-10
6.72112909e-07	1.675275e-10
6.72784039e-07	1.760118e-10
6.73455838e-07	1.768746e-10
6.74128309e-07	1.627189e-10
6.74801451e-07	1.613161e-10
6.75475265e-07	1.741913e-10
6.76149752e-07	1.836734e-10
6.76824913e-07	1.661425e-10
6.77500748e-07	1.814480e-10
6.78177257e-07	1.842582e-10
6.78854443e-07	1.829581e-10
6.79532304e-07	1.818858e-10
6.80210842e-07	1.881789e-10
6.80890058e-07	1.898203e-10
6.81569952e-07	1.828461e-10
6.82250525e-07	1.868515e-10
6.82931777e-07	1.979223e-10
6.83613710e-07	1.956645e-10
6.84296323e-07	1.981654e-10
6.84979619e-07	2.022822e-10
6.85663596e-07	1.943987e-10
6.86348257e-07	2.035641e-10
6.87033601e-07	2.037408e-10
6.87719629e-07	1.490392e-10
6.88406343e-07	1.920457e-10
6.89093742e-07	2.034745e-10
6.89781828e-07	2.020706e-10
6.90470600e-07	1.995811e-10
6.91160061e-07	1.890970e-10
6.91850210e-07	1.853692e-10
6.92541048e-07	1.499576e-10
6.93232576e-07	1.852649e-10
6.93924794e-07	1.974846e-10
6.94617704e-07	1.932273e-10
6.95311305e-07	1.983565e-10
6.96005599e-07	2.022392e-10
6.96700587e-07	2.006554e-10
6.97396268e-07	2.029476e-10
6.98092644e-07	2.086200e-10
6.98789716e-07	2.154745e-10
6.99487483e-07	2.194170e-10
7.00185947e-07	2.027656e-10
7.00885109e-07	2.030424e-10
7.01584968e-07	2.215078e-10
7.02285527e-07	2.158478e-10
7.02986785e-07	2.031160e-10
7.03688744e-07	2.160456e-10
7.04391403e-07	2.129783e-10
7.05094764e-07	2.099693e-10
7.05798827e-07	2.354965e-10
7.06503593e-07	2.321121e-10
7.07209063e-07	1.988892e-10
7.07915238e-07	2.287186e-10
7.08622117e-07	2.242168e-10
7.09329703e-07	1.910208e-10
7.10037995e-07	2.258110e-10
7.10746994e-07	2.085145e-10
7.11456701e-07	2.351442e-10
7.12167117e-07	2.006319e-10
7.12878242e-07	2.235797e-10
7.13590078e-07	2.247751e-10
7.14302624e-07	2.034007e-10
7.15015881e-07	2.228047e-10
7.15729851e-07	2.023413e-10
7.16444534e-07	1.999101e-10
7.17159931e-07	2.166345e-10
7.17876041e-07	2.065676e-10
7.18592867e-07	2.105614e-10
7.19310409e-07	2.072666e-10
7.20028667e-07	2.120596e-10
7.20747642e-07	2.016171e-10
7.21467335e-07	1.798792e-10
7.22187747e-07	2.156603e-10
7.22908878e-07	2.176095e-10
7.23630730e-07	1.705483e-10
7.24353302e-07	1.977264e-10
7.25076595e-07	2.177135e-10
7.25800611e-07	2.066698e-10
7.26525350e-07	2.039394e-10
7.27250813e-07	2.198581e-10
7.27976999e-07	2.351720e-10
7.28703911e-07	2.225018e-10
7.29431549e-07	2.141801e-10
7.30159914e-07	2.020148e-10
7.30889005e-07	1.991912e-10
7.31618825e-07	2.404298e-10
7.32349374e-07	2.033552e-10
7.33080652e-07	2.322266e-10
7.33812660e-07	2.345898e-10
7.34545399e-07	2.409100e-10
7.35278870e-07	2.383772e-10
7.36013073e-07	2.320186e-10
7.36748009e-07	1.852114e-10
7.37483680e-07	2.383320e-10
7.38220084e-07	2.278445e-10
7.38957224e-07	2.468528e-10
7.39695101e-07	2.698369e-10
7.40433714e-07	2.289457e-10
7.41173064e-07	2.356837e-10
7.41913153e-07	1.919813e-10
7.42653981e-07	2.514405e-10
7.43395548e-07	2.643670e-10
7.44137856e-07	9.915158e-11
7.44880905e-07	2.604452e-10
7.45624697e-07	1.697441e-10
7.46369230e-07	2.435981e-10
7.47114508e-07	2.261421e-10
7.47860529e-07	2.725316e-10
7.48607296e-07	2.510882e-10
7.49354808e-07	2.770442e-10
7.50103066e-07	2.735577e-10
7.50852072e-07	2.276392e-10
7.51601826e-07	2.440544e-10
7.52352328e-07	2.576480e-10
7.53103580e-07	2.430468e-10
7.53855582e-07	2.650910e-10
7.54608334e-07	2.772317e-10
7.55361839e-07	2.783278e-10
7.56116095e-07	2.717631e-10
7.56871105e-07	2.633773e-10
7.57626869e-07	2.791063e-10
7.58383388e-07	2.873927e-10
7.59140662e-07	2.619916e-10
7.59898692e-07	2.838506e-10
7.60657479e-07	2.752396e-10
7.61417023e-07	3.023350e-10
7.62177326e-07	3.112649e-10
7.62938389e-07	3.203514e-10
7.63700211e-07	3.255805e-10
7.64462794e-07	3.208766e-10
7.65226138e-07	2.890978e-10
7.65990245e-07	3.219673e-10
7.66755115e-07	3.261369e-10
7.67520748e-07	3.101631e-10
7.68287146e-07	3.369164e-10
7.69054309e-07	3.207748e-10
7.69822238e-07	3.027905e-10
7.70590934e-07	2.928873e-10
7.71360398e-07	3.224068e-10
7.72130630e-07	3.042157e-10
7.72901631e-07	3.563029e-10
7.73673402e-07	3.317754e-10
7.74445944e-07	3.428698e-10
7.75219257e-07	3.460700e-10
7.75993342e-07	3.560999e-10
7.76768200e-07	3.499427e-10
7.77543832e-07	3.304681e-10
7.78320238e-07	3.553161e-10
7.79097420e-07	3.197185e-10
7.79875377e-07	3.610645e-10
7.80654112e-07	3.746251e-10
7.81433624e-07	3.667805e-10
7.82213914e-07	3.748725e-10
7.82994984e-07	3.804766e-10
7.83776833e-07	3.425538e-10
7.84559463e-07	3.591692e-10
7.85342875e-07	3.713855e-10
7.86127069e-07	3.821001e-10
7.86912046e-07	3.388870e-10
7.87697807e-07	3.859688e-10
7.88484352e-07	3.724667e-10
7.89271683e-07	3.717547e-10
7.90059800e-07	3.730222e-10
7.90848704e-07	3.981889e-10
7.91638396e-07	4.007463e-10
7.92428876e-07	4.061149e-10
7.93220146e-07	4.062298e-10
7.94012205e-07	4.068088e-10
7.94805056e-07	4.072911e-10
7.95598698e-07	4.149144e-10
7.96393133e-07	3.961492e-10
7.97188361e-07	4.316469e-10
7.97984383e-07	4.055781e-10
7.98781200e-07	4.167132e-10
7.99578813e-07	4.256806e-10
8.00377222e-07	4.043737e-10
8.01176428e-07	4.235185e-10
8.01976433e-07	4.279345e-10
8.02777236e-07	4.305603e-10
8.03578839e-07	3.650194e-10
8.04381242e-07	4.009411e-10
8.05184446e-07	4.260539e-10
8.05988453e-07	3.949353e-10
8.06793262e-07	3.092977e-10
8.07598875e-07	2.827965e-10
8.08405293e-07	3.849941e-10
8.09212515e-07	3.465334e-10
8.10020544e-07	3.592843e-10
8.10829379e-07	3.309377e-10
8.11639023e-07	3.281643e-10
8.12449474e-07	2.831639e-10
8.13260735e-07	3.086430e-10
8.14072806e-07	3.812845e-10
8.14885688e-07	2.668229e-10
8.15699382e-07	2.884738e-10
8.16513888e-07	3.990232e-10
8.17329207e-07	4.003928e-10
8.18145341e-07	4.056865e-10
8.18962289e-07	3.857825e-10
8.19780053e-07	3.721978e-10
8.20598634e-07	3.712011e-10
8.21418032e-07	4.125064e-10
8.22238248e-07	4.274009e-10
8.23059284e-07	8.455361e-11
8.23881139e-07	3.933216e-10
8.24703815e-07	3.419063e-10
8.25527312e-07	4.182306e-10
8.26351632e-07	3.838136e-10
8.27176774e-07	4.250662e-10
8.28002741e-07	4.812394e-10
8.28829533e-07	3.471570e-10
8.29657150e-07	3.163524e-10
8.30485593e-07	4.522269e-10
8.31314864e-07	3.967715e-10
8.32144962e-07	4.927243e-10
8.32975890e-07	4.866900e-10
8.33807647e-07	4.524656e-10
8.34640235e-07	3.239640e-10
8.35473654e-07	2.418062e-10
8.36307906e-07	3.865688e-10
8.37142990e-07	4.112069e-10
8.37978908e-07	4.398780e-10
8.38815661e-07	3.556716e-10
8.39653250e-07	4.556550e-10
8.40491675e-07	3.828006e-10
8.41330937e-07	4.133386e-10
8.42171037e-07	4.331929e-10
8.43011976e-07	4.246157e-10
8.43853755e-07	4.387189e-10
8.44696374e-07	4.877725e-10
8.45539834e-07	4.509754e-10
8.46384137e-07	2.881279e-10
8.47229283e-07	4.523239e-10
8.48075273e-07	4.468196e-10
8.48922108e-07	4.918221e-10
8.49769788e-07	4.919681e-10
8.50618314e-07	4.622406e-10
8.51467688e-07	4.794635e-10
8.52317910e-07	4.727065e-10
8.53168981e-07	5.063651e-10
8.54020902e-07	5.174801e-10
8.54873674e-07	4.605793e-10
8.55727297e-07	3.853929e-10
8.56581772e-07	4.311218e-10
8.57437101e-07	4.772302e-10
8.58293284e-07	4.764212e-10
8.59150321e-07	5.319685e-10
8.60008215e-07	4.505239e-10
8.60866965e-07	5.400431e-10
8.61726572e-07	5.321718e-10
8.62587038e-07	5.380590e-10
8.63448363e-07	5.359023e-10
8.64310548e-07	5.433503e-10
8.65173595e-07	5.438476e-10
8.66037502e-07	5.313469e-10
8.66902273e-07	5.943907e-10
8.67767907e-07	5.265307e-10
8.68634405e-07	6.270137e-10
8.69501769e-07	5.245875e-10
8.70369999e-07	5.340909e-10
8.71239096e-07	4.152013e-10
8.72109060e-07	6.138341e-10
8.72979893e-07	6.033804e-10
8.73851596e-07	6.419018e-10
8.74724169e-07	6.189795e-10
8.75597614e-07	5.699188e-10
8.76471930e-07	6.175385e-10
8.77347120e-07	6.765765e-10
8.78223184e-07	5.685839e-10
8.79100122e-07	6.524147e-10
8.79977936e-07	6.648567e-10
8.80856627e-07	6.132496e-10
8.81736195e-07	6.299883e-10
8.82616641e-07	6.591628e-10
8.83497966e-07	6.078581e-10
8.84380172e-07	6.382612e-10
8.85263258e-07	6.876791e-10
8.86147226e-07	6.203766e-10
8.87032077e-07	6.016538e-10
8.87917812e-07	6.584040e-10
8.88804430e-07	6.291560e-10
8.89691935e-07	6.501779e-10
8.90580325e-07	6.821050e-10
8.91469602e-07	5.443138e-10
8.92359768e-07	5.602368e-10
8.93250822e-07	5.718016e-10
8.94142766e-07	6.632559e-10
8.95035601e-07	6.011056e-10
8.95929327e-07	5.970406e-10
8.96823946e-07	5.611707e-10
8.97719458e-07	3.212806e-10
8.98615864e-07	6.410807e-10
8.99513165e-07	6.595447e-10
9.00411362e-07	6.890111e-10
9.01310456e-07	6.569077e-10
9.02210448e-07	6.677608e-10
9.03111339e-07	5.942589e-10
9.04013129e-07	5.846602e-10
9.04915820e-07	6.413403e-10
9.05819412e-07	5.994759e-10
9.06723906e-07	6.998827e-10
9.07629303e-07	5.703410e-10
9.08535605e-07	7.361244e-10
9.09442811e-07	5.670323e-10
9.10350924e-07	6.743166e-10
9.11259943e-07	7.315496e-10
9.12169869e-07	6.789576e-10
9.13080705e-07	4.489255e-10
9.13992450e-07	7.201838e-10
9.14905105e-07	7.404070e-10
9.15818672e-07	1.585938e-10
9.16733151e-07	5.083536e-10
9.17648543e-07	3.675815e-10
9.18564849e-07	6.512901e-10
9.19482070e-07	5.274432e-10
9.20400207e-07	5.167590e-10
9.21319260e-07	5.305609e-10
9.22239232e-07	5.307956e-10
9.23160122e-07	3.286811e-10
9.24081931e-07	4.090865e-10
9.25004661e-07	7.188802e-10
9.25928313e-07	1.348185e-10
9.26852887e-07	5.781566e-10
9.27778384e-07	3.952952e-10
9.28704805e-07	1.159540e-10
9.29632151e-07	3.584381e-10
9.30560423e-07	6.109964e-10
9.31489622e-07	6.434435e-10
9.32419749e-07	1.530642e-10
9.33350805e-07	1.706387e-10
9.34282790e-07	3.563643e-10
9.35215706e-07	4.848054e-10
9.36149554e-07	4.864005e-10
9.37084334e-07	5.922342e-10
9.38020047e-07	6.288250e-11
9.38956695e-07	2.302253e-10
9.39894278e-07	4.244104e-10
9.40832797e-07	6.498785e-10
9.41772253e-07	1.234464e-10
9.42712648e-07	3.413081e-10
9.43653981e-07	2.159163e-10
9.44596255e-07	2.740884e-10
9.45539469e-07	5.035942e-10
9.46483625e-07	5.606308e-10
9.47428724e-07	3.055196e-10
9.48374767e-07	4.646853e-10
9.49321755e-07	4.265453e-10
9.50269687e-07	4.638869e-10
9.51218567e-07	5.700981e-10
9.52168394e-07	4.116338e-10
9.53119169e-07	3.759174e-10
9.54070894e-07	6.476975e-10
9.55023569e-07	5.918809e-10
9.55977196e-07	3.716579e-10
9.56931774e-07	1.907587e-10
9.57887306e-07	5.840280e-10
9.58843792e-07	5.664237e-10
9.59801233e-07	3.789330e-10
9.60759630e-07	2.413957e-10
9.61718984e-07	5.186006e-10
9.62679296e-07	2.205192e-10
9.63640567e-07	1.652813e-10
9.64602798e-07	5.735090e-10
9.65565990e-07	4.745328e-10
9.66530143e-07	6.058775e-10
9.67495259e-07	4.806035e-10
9.68461339e-07	2.821499e-10
9.69428384e-07	3.600500e-10
9.70396394e-07	6.902253e-10
9.71365371e-07	6.347503e-10
9.72335315e-07	5.626608e-10
9.73306228e-07	4.457189e-10
9.74278110e-07	1.907692e-10
9.75250963e-07	2.890040e-10
9.76224787e-07	6.167403e-10
9.77199584e-07	5.125004e-10
9.78175354e-07	4.891909e-10
9.79152098e-07	4.620706e-10
9.80129818e-07	6.659943e-10
9.81108514e-07	5.585715e-10
9.82088187e-07	5.575568e-10
9.83068838e-07	5.601527e-10
9.84050469e-07	4.972109e-10
9.85033080e-07	4.247243e-10
9.86016672e-07	4.849577e-10
9.87001246e-07	6.043969e-10
9.87986804e-07	4.616651e-10
9.88973345e-07	5.776675e-10
9.89960871e-07	5.540934e-10
9.90949384e-07	5.897004e-10
9.91938884e-07	5.632326e-10
9.92929371e-07	5.968235e-10
9.93920848e-07	7.328224e-10
9.94913315e-07	6.201363e-10
9.95906773e-07	5.739405e-10
9.96901223e-07	5.623824e-10
9.97896665e-07	7.218352e-10
9.98893102e-07	7.394707e-10
9.99890534e-07	7.175690e-10
1.00088896e-06	4.744923e-10
1.00188839e-06	4.890841e-10
1.00288881e-06	6.571349e-10
1.00389023e-06	7.605797e-10
1.00489265e-06	6.543534e-10
1.00589607e-06	6.321458e-10
1.00690050e-06	7.782992e-10
1.00790593e-06	7.179209e-10
1.00891236e-06	7.951842e-10
1.00991979e-06	7.872647e-10
1.01092824e-06	5.749292e-10
1.01193769e-06	7.809950e-10
1.01294814e-06	6.920113e-10
1.01395961e-06	7.620211e-10
1.01497209e-06	8.009345e-10
1.01598557e-06	8.225212e-10
1.01700007e-06	7.665043e-10
1.01801558e-06	7.595459e-10
1.01903211e-06	8.646097e-10
1.02004965e-06	5.974821e-10
1.02106821e-06	8.481754e-10
1.02208778e-06	8.538649e-10
1.02310838e-06	7.350066e-10
1.02412999e-06	7.947382e-10
1.02515262e-06	8.439846e-10
1.02617627e-06	7.583603e-10
1.02720095e-06	8.606096e-10
1.02822665e-06	8.141998e-10
1.02925337e-06	8.135929e-10
1.03028112e-06	8.213727e-10
1.03130989e-06	8.938005e-10
1.03233969e-06	8.485594e-10
1.03337052e-06	8.928359e-10
1.03440238e-06	9.555141e-10
1.03543527e-06	9.192964e-10
1.03646919e-06	9.629609e-10
1.03750414e-06	8.477503e-10
1.03854013e-06	9.045621e-10
1.03957715e-06	9.503618e-10
1.04061521e-06	9.638759e-10
1.04165430e-06	8.880087e-10
1.04269443e-06	8.863533e-10
1.04373560e-06	9.317609e-10
1.04477781e-06	9.116504e-10
1.04582106e-06	9.767591e-10
1.04686535e-06	8.189717e-10
1.04791068e-06	8.713192e-10
1.04895706e-06	9.500370e-10
1.05000448e-06	9.228726e-10
1.05105295e-06	8.881349e-10
1.05210246e-06	8.821657e-10
1.05315303e-06	1.041813e-09
1.05420464e-06	1.038561e-09
1.05525730e-06	1.085799e-09
1.05631102e-06	1.025592e-09
1.05736578e-06	1.066321e-09
1.05842160e-06	1.084952e-09
1.05947847e-06	9.909460e-10
1.06053640e-06	9.531171e-10
1.06159539e-06	1.049113e-09
1.06265543e-06	1.070461e-09
1.06371653e-06	1.034639e-09
1.06477869e-06	1.120545e-09
1.06584191e-06	1.049171e-09
1.06690619e-06	1.038556e-09
1.06797154e-06	1.069629e-09
1.06903795e-06	9.631023e-10
1.07010542e-06	1.115105e-09
1.07117396e-06	1.007591e-09
1.07224357e-06	1.155910e-09
1.07331424e-06	1.124755e-09
1.07438599e-06	1.201083e-09
1.07545880e-06	1.159968e-09
1.07653269e-06	1.043427e-09
1.07760765e-06	1.078352e-09
1.07868368e-06	7.407733e-10
1.07976078e-06	1.071563e-09
1.08083896e-06	1.148266e-09
1.08191822e-06	1.135379e-09
1.08299856e-06	1.170351e-09
1.08407997e-06	1.170788e-09
1.08516247e-06	1.105460e-09
1.08624604e-06	9.956109e-10
1.08733070e-06	1.018228e-09
1.08841644e-06	1.077515e-09
1.08950326e-06	9.323634e-10
1.09059117e-06	1.050529e-09
1.09168017e-06	5.230949e-10
1.09277025e-06	5.374758e-10
1.09386142e-06	5.564815e-10
1.09495368e-06	5.687915e-10
1.09604703e-06	3.485988e-10
1.09714148e-06	6.283101e-10
1.09823701e-06	9.007259e-10
1.09933364e-06	8.980472e-10
1.10043137e-06	5.565402e-10
1.10153019e-06	6.313533e-10
1.10263011e-06	6.787489e-10
1.10373113e-06	1.060895e-09
1.10483324e-06	7.915395e-10
1.10593646e-06	5.450706e-10
1.10704078e-06	8.363160e-10
1.10814620e-06	7.725131e-10
1.10925273e-06	7.207182e-10
1.11036036e-06	2.200227e-10
1.11146909e-06	7.746640e-10
1.11257893e-06	8.222829e-10
1.11368989e-06	8.040584e-10
1.11480195e-06	2.753444e-10
1.11591512e-06	8.689241e-10
1.11702940e-06	4.474408e-10
1.11814480e-06	8.583651e-10
1.11926130e-06	3.226739e-10
1.12037893e-06	1.399309e-10
1.12149767e-06	8.958608e-10
1.12261752e-06	9.241557e-10
1.12373850e-06	8.406801e-10
1.12486059e-06	8.220345e-10
1.12598381e-06	8.200644e-10
1.12710815e-06	9.023582e-10
1.12823361e-06	3.153418e-10
1.12936019e-06	2.374060e-10
1.13048790e-06	7.962584e-10
1.13161673e-06	5.637305e-10
1.13274669e-06	9.887459e-10
1.13387778e-06	9.399962e-10
1.13501000e-06	6.590700e-10
1.13614335e-06	7.327537e-10
1.13727783e-06	7.734985e-10
1.13841345e-06	1.011775e-09
1.13955019e-06	9.974455e-10
1.14068808e-06	8.871841e-10
1.14182710e-06	6.128862e-10
1.14296725e-06	7.230321e-10
1.14410855e-06	3.017014e-10
1.14525098e-06	7.827767e-10
1.14639456e-06	4.667172e-10
1.14753928e-06	6.991892e-10
1.14868514e-06	4.994851e-10
1.14983214e-06	3.309294e-10
1.15098029e-06	5.767147e-10
1.15212959e-06	9.814546e-10
1.15328003e-06	3.670586e-10
1.15443162e-06	4.988664e-10
1.15558437e-06	6.024014e-10
1.15673826e-06	9.263748e-10
1.15789331e-06	6.355345e-10
1.15904951e-06	8.468108e-10
1.16020686e-06	7.480850e-10
1.16136537e-06	7.701173e-10
1.16252504e-06	1.673460e-10
1.16368586e-06	1.791093e-10
1.16484784e-06	6.028871e-10
1.16601099e-06	8.360133e-10
1.16717529e-06	6.397694e-10
1.16834076e-06	2.054165e-10
1.16950739e-06	2.442959e-10
1.17067519e-06	5.484330e-10
1.17184415e-06	9.519257e-10
1.17301428e-06	8.023107e-10
1.17418558e-06	7.360965e-10
1.17535805e-06	8.904062e-10
1.17653168e-06	6.363449e-10
1.17770650e-06	6.234378e-10
1.17888248e-06	5.092963e-10
1.18005964e-06	4.739431e-10
1.18123797e-06	7.486497e-10
1.18241748e-06	1.976814e-10
1.18359817e-06	5.824151e-10
1.18478003e-06	6.869247e-10
1.18596308e-06	3.177676e-10
1.18714731e-06	1.122142e-09
1.18833272e-06	9.186479e-10
1.18951931e-06	5.274087e-10
1.19070709e-06	6.000068e-10
1.19189606e-06	8.195103e-10
1.19308621e-06	1.074657e-09
1.19427755e-06	8.925395e-10
1.19547008e-06	1.098003e-09
1.19666380e-06	1.012377e-09
1.19785872e-06	9.984633e-10
1.19905482e-06	6.398672e-10
1.20025212e-06	1.136048e-09
1.20145062e-06	1.037191e-09
1.20265031e-06	9.829210e-10
1.20385120e-06	1.264661e-09
1.20505329e-06	9.096121e-10
1.20625658e-06	8.791164e-10
1.20746108e-06	1.106772e-09
1.20866677e-06	1.138474e-09
1.20987367e-06	5.700895e-10
1.21108177e-06	1.061825e-09
1.21229108e-06	8.713317e-10
1.21350160e-06	1.077778e-09
1.21471333e-06	1.177520e-09
1.21592626e-06	8.375627e-10
1.21714041e-06	1.097537e-09
1.21835577e-06	1.237315e-09
1.21957234e-06	1.381139e-09
1.22079013e-06	9.136449e-10
1.22200914e-06	1.228359e-09
1.22322936e-06	1.039171e-09
1.22445080e-06	1.274358e-09
1.22567346e-06	1.138630e-09
1.22689734e-06	1.099597e-09
1.22812244e-06	1.203658e-09
1.22934876e-06	1.059998e-09
1.23057631e-06	1.005871e-09
1.23180509e-06	9.267767e-10
1.23303509e-06	1.254643e-09
1.23426633e-06	1.100889e-09
1.23549879e-06	1.108256e-09
1.23673248e-06	1.012096e-09
1.23796740e-06	1.200959e-09
1.23920356e-06	1.309392e-09
1.24044095e-06	1.167243e-09
1.24167957e-06	1.365983e-09
1.24291944e-06	1.123727e-09
1.24416054e-06	1.215903e-09
1.24540288e-06	1.460398e-09
1.24664646e-06	1.461547e-09
1.24789128e-06	1.437314e-09
1.24913735e-06	1.475786e-09
1.25038466e-06	1.502208e-09
1.25163321e-06	1.412163e-09
1.25288301e-06	1.507653e-09
1.25413407e-06	1.521928e-09
1.25538636e-06	1.111240e-09
1.25663991e-06	1.446645e-09
1.25789472e-06	1.306837e-09
1.25915077e-06	1.585555e-09
1.26040808e-06	1.171120e-09
1.26166664e-06	1.459057e-09
1.26292646e-06	1.601490e-09
1.26418754e-06	1.529131e-09
1.26544988e-06	1.533212e-09
1.26671348e-06	1.626941e-09
1.26797834e-06	1.685559e-09
1.26924446e-06	1.531816e-09
1.27051185e-06	7.971999e-10
1.27178050e-06	1.663609e-09
1.27305042e-06	1.410464e-09
1.27432161e-06	1.812513e-09
1.27559407e-06	1.608631e-09
1.27686780e-06	1.482223e-09
1.27814280e-06	1.665547e-09
1.27941907e-06	1.421955e-09
1.28069662e-06	1.442557e-09
1.28197544e-06	1.386937e-09
1.28325554e-06	8.675455e-10
1.28453692e-06	1.460184e-09
1.28581958e-06	1.585500e-09
1.28710351e-06	1.731352e-09
1.28838874e-06	1.638071e-09
1.28967524e-06	1.188031e-09
1.29096303e-06	1.608313e-09
1.29225210e-06	1.604725e-09
1.29354246e-06	1.837567e-09
1.29483411e-06	1.266631e-09
1.29612705e-06	1.617738e-09
1.29742128e-06	1.550772e-09
1.29871681e-06	1.734043e-09
1.30001362e-06	1.906191e-09
1.30131174e-06	1.518708e-09
1.30261114e-06	1.509031e-09
1.30391185e-06	1.543882e-09
1.30521385e-06	1.637376e-09
1.30651716e-06	1.464064e-09
1.30782176e-06	1.468572e-09
1.30912767e-06	5.668199e-10
1.31043489e-06	1.094042e-09
1.31174340e-06	8.304492e-10
1.31305323e-06	1.629527e-09
1.31436436e-06	1.413167e-09
1.31567680e-06	1.591340e-09
1.31699055e-06	9.899065e-10
1.31830562e-06	1.469748e-09
1.31962199e-06	1.255508e-09
1.32093969e-06	1.293021e-09
1.32225869e-06	1.463591e-09
1.32357902e-06	1.411399e-09
1.32490066e-06	1.360120e-09
1.32622362e-06	9.080204e-10
1.32754791e-06	1.811947e-09
1.32887351e-06	9.096002e-10
1.33020044e-06	7.285357e-10
1.33152870e-06	1.479771e-09
1.33285828e-06	5.933804e-10
1.33418918e-06	9.656134e-10
1.33552142e-06	9.696874e-10
1.33685499e-06	6.473019e-10
1.33818989e-06	5.708225e-10
1.33952612e-06	9.255211e-10
1.34086369e-06	9.646454e-10
1.34220259e-06	1.287882e-09
1.34354283e-06	3.591679e-10
1.34488441e-06	2.321768e-10
1.34622732e-06	1.046473e-09
1.34757158e-06	5.257212e-10
1.34891718e-06	7.293268e-10
1.35026412e-06	3.712224e-10
1.35161241e-06	3.011398e-10
1.35296205e-06	5.375127e-10
1.35431303e-06	4.083606e-10
1.35566536e-06	3.086741e-10
1.35701905e-06	5.681547e-10
1.35837408e-06	2.653824e-10
1.35973047e-06	5.536642e-10
1.36108821e-06	2.414515e-10
1.36244730e-06	3.896156e-10
1.36380776e-06	7.571920e-10
1.36516957e-06	7.163188e-10
1.36653274e-06	4.987301e-10
1.36789728e-06	4.597952e-10
1.36926317e-06	3.829475e-10
1.37063043e-06	4.012677e-10
1.37199906e-06	6.833267e-10
1.37336905e-06	7.933667e-10
1.37474041e-06	6.363937e-10
1.37611314e-06	4.304442e-10
1.37748724e-06	1.033943e-09
1.37886271e-06	5.246376e-10
1.38023956e-06	4.403309e-10
1.38161778e-06	8.755221e-10
1.38299737e-06	5.475218e-10
1.38437835e-06	3.997953e-10
1.38576070e-06	3.719754e-10
1.38714443e-06	6.225507e-10
1.38852955e-06	8.241730e-10
1.38991605e-06	2.764087e-10
1.39130393e-06	7.641788e-10
1.39269320e-06	3.095910e-10
1.39408385e-06	9.285751e-10
1.39547590e-06	5.558374e-10
1.39686933e-06	5.070033e-10
1.39826416e-06	7.162120e-10
1.39966038e-06	2.950896e-10
1.40105799e-06	3.095691e-10
1.40245700e-06	7.978509e-10
1.40385740e-06	7.726265e-10
1.40525921e-06	3.499404e-10
1.40666241e-06	3.102233e-10
1.40806702e-06	7.386062e-10
1.40947302e-06	5.907333e-10
1.41088043e-06	3.967257e-10
1.41228925e-06	6.256808e-10
1.41369947e-06	4.768381e-10
1.41511110e-06	7.294053e-10
1.41652415e-06	9.880709e-10
1.41793860e-06	5.410198e-10
1.41935446e-06	4.361903e-10
1.42077174e-06	2.910346e-10
1.42219043e-06	3.988490e-10
1.42361054e-06	3.334624e-10
1.42503207e-06	4.922238e-10
1.42645502e-06	7.299089e-10
1.42787939e-06	5.148716e-10
1.42930518e-06	3.779645e-10
1.43073239e-06	7.068953e-10
1.43216103e-06	3.969075e-10
1.43359110e-06	6.724664e-10
1.43502259e-06	6.659537e-10
1.43645551e-06	5.287690e-10
1.43788987e-06	5.762617e-10
1.43932565e-06	6.998533e-10
1.44076287e-06	5.850533e-10
1.44220153e-06	6.588570e-10
1.44364162e-06	9.035558e-10
1.44508315e-06	4.974638e-10
1.44652612e-06	7.268937e-10
1.44797053e-06	5.288730e-10
1.44941638e-06	7.952073e-10
1.45086368e-06	4.167644e-10
1.45231242e-06	7.438021e-10
1.45376261e-06	4.742115e-10
1.45521424e-06	7.605435e-10
1.45666733e-06	3.219736e-10
1.45812186e-06	3.781889e-10
1.45957785e-06	4.071233e-10
1.46103529e-06	8.111951e-10
1.46249419e-06	4.881627e-10
1.46395455e-06	4.535337e-10
1.46541636e-06	9.633526e-10
1.46687963e-06	5.002353e-10
1.46834437e-06	6.513851e-10
1.46981056e-06	7.625117e-10
1.47127822e-06	7.923276e-10
1.47274735e-06	1.021910e-09
1.47421794e-06	4.518973e-10
1.47569000e-06	4.368931e-10
1.47716353e-06	6.496280e-10
1.47863854e-06	4.139180e-10
1.48011501e-06	5.758552e-10
1.48159296e-06	7.623046e-10
1.48307239e-06	1.137783e-09
1.48455329e-06	4.925865e-10
1.48603567e-06	6.092876e-10
1.48751953e-06	9.366329e-10
1.48900488e-06	9.921384e-10
1.49049170e-06	6.008518e-10
1.49198001e-06	8.805455e-10
1.49346981e-06	4.533757e-10
1.49496110e-06	1.240518e-09
1.49645387e-06	4.847859e-10
1.49794813e-06	1.119608e-09
1.49944389e-06	1.031043e-09
1.50094114e-06	7.632948e-10
1.50243989e-06	7.621378e-10
1.50394013e-06	7.153629e-10
1.50544187e-06	8.415909e-10
1.50694511e-06	6.947858e-10
1.50844985e-06	9.243813e-10
1.50995609e-06	7.998610e-10
1.51146384e-06	7.575653e-10
1.51297309e-06	1.194834e-09
1.51448385e-06	7.940591e-10
1.51599612e-06	1.169085e-09
1.51750990e-06	6.551408e-10
1.51902519e-06	5.226490e-10
1.52054199e-06	9.312784e-10
1.52206031e-06	6.489696e-10
1.52358014e-06	8.133126e-10
1.52510149e-06	8.208581e-10
1.52662436e-06	1.346850e-09
1.52814875e-06	7.613812e-10
1.52967467e-06	1.586711e-09
1.53120210e-06	5.016208e-10
1.53273107e-06	1.062438e-09
1.53426156e-06	6.769367e-10
1.53579357e-06	9.190838e-10
1.53732712e-06	5.114708e-10
1.53886220e-06	9.505603e-10
1.54039881e-06	1.208216e-09
1.54193695e-06	1.082087e-09
1.54347663e-06	1.204663e-09
1.54501785e-06	1.577524e-09
1.54656061e-06	7.166585e-10
1.54810491e-06	1.268628e-09
1.54965075e-06	9.981784e-10
1.55119813e-06	1.233059e-09
1.55274706e-06	1.225705e-09
1.55429754e-06	1.401756e-09
1.55584956e-06	1.313241e-09
1.55740313e-06	9.956998e-10
1.55895826e-06	1.320686e-09
1.56051494e-06	1.474105e-09
1.56207317e-06	1.414182e-09
1.56363296e-06	1.483569e-09
1.56519430e-06	9.325365e-10
1.56675721e-06	1.404290e-09
1.56832167e-06	1.369730e-09
1.56988770e-06	1.467558e-09
1.57145529e-06	1.235261e-09
1.57302445e-06	8.330851e-10
1.57459517e-06	1.426636e-09
1.57616746e-06	1.300825e-09
1.57774132e-06	1.628281e-09
1.57931676e-06	1.633471e-09
1.58089376e-06	1.677665e-09
1.58247234e-06	8.508827e-10
1.58405250e-06	1.344293e-09
1.58563424e-06	1.530973e-09
1.58721755e-06	1.319521e-09
1.58880245e-06	1.806731e-09
1.59038892e-06	9.253097e-10
1.59197699e-06	1.348300e-09
1.59356663e-06	1.762363e-09
1.59515787e-06	1.923824e-09
1.59675069e-06	1.646240e-09
1.59834511e-06	1.308836e-09
1.59994111e-06	1.603159e-09
1.60153872e-06	1.604917e-09
1.60313791e-06	1.487428e-09
1.60473870e-06	2.005750e-09
1.60634109e-06	1.703900e-09
1.60794509e-06	1.840769e-09
1.60955068e-06	1.798030e-09
1.61115787e-06	1.770898e-09
1.61276668e-06	1.731243e-09
1.61437708e-06	1.906190e-09
1.61598910e-06	1.707781e-09
1.61760272e-06	1.867419e-09
1.61921796e-06	1.639484e-09
1.62083481e-06	1.907882e-09
1.62245327e-06	1.791518e-09
1.62407335e-06	1.681846e-09
1.62569505e-06	1.855068e-09
1.62731837e-06	1.798208e-09
1.62894330e-06	2.041053e-09
1.63056986e-06	1.933107e-09
1.63219805e-06	7.650818e-10
1.63382786e-06	2.003131e-09
1.63545930e-06	1.785572e-09
1.63709236e-06	1.858094e-09
1.63872706e-06	1.888849e-09
1.64036339e-06	1.746732e-09
1.64200135e-06	2.336965e-09
1.64364095e-06	2.073581e-09
1.64528219e-06	1.914423e-09
1.64692506e-06	2.081182e-09
1.64856958e-06	1.997089e-09
1.65021574e-06	2.099494e-09
1.65186354e-06	1.909636e-09
1.65351299e-06	2.172991e-09
1.65516408e-06	2.142264e-09
1.65681682e-06	2.209061e-09
1.65847122e-06	2.103599e-09
1.66012726e-06	2.063291e-09
1.66178496e-06	2.006506e-09
1.66344431e-06	2.166560e-09
1.66510532e-06	2.200872e-09
1.66676799e-06	1.970187e-09
1.66843232e-06	2.149857e-09
1.67009831e-06	1.563864e-09
1.67176597e-06	1.600524e-09
1.67343529e-06	2.148212e-09
1.67510628e-06	2.029800e-09
1.67677893e-06	2.154684e-09
1.67845326e-06	1.662547e-09
1.68012926e-06	2.169309e-09
1.68180693e-06	2.498301e-09
1.68348627e-06	1.853821e-09
1.68516730e-06	1.934565e-09
1.68685000e-06	1.304665e-09
1.68853438e-06	2.170934e-09
1.69022045e-06	2.271038e-09
1.69190819e-06	1.678627e-09
1.69359763e-06	2.368719e-09
1.69528875e-06	1.533885e-09
1.69698156e-06	2.030461e-09
1.69867605e-06	2.285854e-09
1.70037225e-06	1.876337e-09
1.70207013e-06	2.137576e-09
1.70376971e-06	1.592974e-09
1.70547099e-06	1.984988e-09
1.70717396e-06	2.051536e-09
1.70887864e-06	2.090410e-09
1.71058502e-06	2.380717e-09
1.71229310e-06	2.078490e-09
1.71400289e-06	1.748691e-09
1.71571438e-06	1.472728e-09
1.71742759e-06	1.394809e-09
1.71914250e-06	1.518561e-09
1.72085913e-06	1.257148e-09
1.72257747e-06	1.453436e-09
1.72429753e-06	2.201899e-09
1.72601931e-06	1.993234e-09
1.72774280e-06	1.495623e-09
1.72946801e-06	1.281607e-09
1.73119495e-06	1.768964e-09
1.73292362e-06	1.703959e-09
1.73465400e-06	1.454377e-09
1.73638612e-06	1.867362e-09
1.73811997e-06	1.642953e-09
1.73985554e-06	1.061199e-09
1.74159285e-06	1.821253e-09
1.74333190e-06	1.826873e-09
1.74507268e-06	1.147144e-09
1.74681520e-06	6.081186e-10
1.74855946e-06	2.134755e-09
1.75030546e-06	7.534766e-10
1.75205321e-06	7.988149e-10
1.75380270e-06	1.386597e-09
1.75555393e-06	6.718229e-10
1.75730692e-06	8.618891e-10
1.75906165e-06	1.958972e-09
1.76081814e-06	1.756172e-09
1.76257638e-06	1.770296e-09
1.76433638e-06	1.605895e-09
1.76609814e-06	1.731244e-09
1.76786165e-06	6.082143e-10
1.76962693e-06	2.031708e-09
1.77139397e-06	1.487242e-09
1.77316277e-06	1.117977e-09
1.77493334e-06	1.161753e-09
1.77670567e-06	1.315223e-09
1.77847978e-06	9.086880e-10
1.78025566e-06	1.260386e-09
1.78203331e-06	9.008378e-10
1.78381274e-06	1.181192e-09
1.78559394e-06	1.658305e-09
1.78737692e-06	1.588960e-09
1.78916168e-06	1.331903e-09
1.79094823e-06	1.110868e-09
1.79273655e-06	9.555192e-10
1.79452667e-06	1.872478e-09
1.79631857e-06	6.293898e-10
1.79811226e-06	1.143527e-09
1.79990774e-06	1.586003e-09
1.80170502e-06	9.413522e-10
1.80350409e-06	8.967321e-10
1.80530495e-06	1.384265e-09
1.80710762e-06	8.188000e-10
1.80891208e-06	8.464340e-10
1.81071835e-06	7.086361e-10
1.81252641e-06	7.048487e-10
1.81433629e-06	1.101591e-09
1.81614797e-06	1.774904e-09
1.81796146e-06	1.045059e-09
1.81977676e-06	1.127305e-09
1.82159388e-06	9.557744e-10
1.82341281e-06	7.755629e-10
1.82523355e-06	1.150659e-09
1.82705612e-06	1.156806e-09
1.82888050e-06	6.823045e-10
1.83070670e-06	1.233898e-09
1.83253473e-06	7.241137e-10
1.83436459e-06	1.777440e-09
1.83619627e-06	7.283962e-10
1.83802978e-06	1.364399e-09
1.83986512e-06	6.920213e-10
1.84170229e-06	1.681770e-09
1.84354130e-06	7.895694e-10
1.84538214e-06	1.508528e-09
1.84722483e-06	7.391268e-10
1.84906935e-06	1.824927e-09
1.85091571e-06	1.457449e-09
1.85276392e-06	1.877959e-09
1.85461397e-06	1.303760e-09
1.85646588e-06	1.131822e-09
1.85831963e-06	1.239990e-09
1.86017523e-06	1.128200e-09
1.86203268e-06	1.133206e-09
1.86389199e-06	1.421195e-09
1.86575315e-06	1.397985e-09
1.86761618e-06	1.057282e-09
1.86948106e-06	1.659994e-09
1.87134781e-06	1.180593e-09
1.87321642e-06	1.182134e-09
1.87508689e-06	1.546181e-09
1.87695924e-06	1.466481e-09
1.87883345e-06	1.369170e-09
1.88070954e-06	1.816806e-09
1.88258749e-06	1.620688e-09
1.88446733e-06	1.560085e-09
1.88634904e-06	2.030177e-09
1.88823263e-06	1.407917e-09
1.89011810e-06	9.731514e-10
1.89200545e-06	1.531029e-09
1.89389469e-06	7.404408e-10
1.89578581e-06	1.867384e-09
1.89767882e-06	1.397338e-09
1.89957373e-06	1.536579e-09
1.90147052e-06	7.809957e-10
1.90336921e-06	9.574923e-10
1.90526980e-06	1.370130e-09
1.90717228e-06	9.059772e-10
1.90907666e-06	1.715113e-09
1.91098294e-06	1.391612e-09
1.91289113e-06	1.077335e-09
1.91480122e-06	1.781544e-09
1.91671322e-06	1.313078e-09
1.91862713e-06	1.610507e-09
1.92054295e-06	1.683359e-09
1.92246069e-06	1.190238e-09
1.92438033e-06	1.722758e-09
1.92630190e-06	1.216482e-09
1.92822538e-06	1.448259e-09
1.93015079e-06	1.749248e-09
1.93207812e-06	1.827239e-09
1.93400737e-06	1.223513e-09
1.93593855e-06	1.501404e-09
1.93787165e-06	1.342076e-09
1.93980669e-06	8.516516e-10
1.94174366e-06	1.910818e-09
1.94368256e-06	1.457092e-09
1.94562340e-06	1.526272e-09
1.94756618e-06	1.196587e-09
1.94951089e-06	1.467002e-09
1.95145755e-06	1.653338e-09
1.95340615e-06	8.052330e-10
1.95535670e-06	1.320709e-09
1.95730920e-06	1.234126e-09
1.95926364e-06	1.871369e-09
1.96122004e-06	1.493677e-09
1.96317839e-06	1.605103e-09
1.96513870e-06	1.063646e-09
1.96710096e-06	1.559421e-09
1.96906519e-06	1.594906e-09
1.97103137e-06	1.332329e-09
1.97299952e-06	1.172072e-09
1.97496963e-06	1.647572e-09
1.97694171e-06	1.384492e-09
1.97891576e-06	2.096324e-09
1.98089178e-06	1.555901e-09
1.98286978e-06	1.118114e-09
1.98484975e-06	1.099664e-09
1.98683169e-06	1.125552e-09
1.98881562e-06	1.957049e-09
1.99080152e-06	8.800427e-10
1.99278941e-06	1.134826e-09
1.99477929e-06	1.682960e-09
1.99677115e-06	1.189920e-09
1.99876500e-06	1.792059e-09
2.00076084e-06	1.842752e-09
2.00275867e-06	1.669627e-09
2.00475850e-06	1.569927e-09
2.00676033e-06	1.946792e-09
2.00876415e-06	8.291099e-10
2.01076998e-06	1.171225e-09
2.01277780e-06	1.709174e-09
2.01478764e-06	1.437261e-09
2.01679948e-06	1.037987e-09
2.01881333e-06	8.638491e-10
2.02082919e-06	1.604189e-09
2.02284706e-06	1.500073e-09
2.02486695e-06	1.148528e-09
2.02688885e-06	1.511193e-09
2.02891278e-06	1.295983e-09
2.03093872e-06	1.210949e-09
2.03296669e-06	1.336175e-09
2.03499668e-06	1.391865e-09
2.03702870e-06	1.626194e-09
2.03906275e-06	1.373662e-09
2.04109883e-06	1.598724e-09
2.04313694e-06	1.538227e-09
2.04517709e-06	1.992771e-09
2.04721927e-06	1.523221e-09
2.04926350e-06	1.915284e-09
2.05130976e-06	1.883003e-09
2.05335807e-06	1.147117e-09
2.05540843e-06	2.081755e-09
2.05746083e-06	1.745177e-09
2.05951528e-06	1.911128e-09
2.06157178e-06	1.173246e-09
2.06363034e-06	1.765483e-09
2.06569095e-06	1.911595e-09
2.06775362e-06	1.137699e-09
2.06981835e-06	2.171494e-09
2.07188514e-06	1.827634e-09
2.07395399e-06	1.775577e-09
2.07602491e-06	1.665395e-09
2.07809790e-06	1.892012e-09
2.08017296e-06	1.913905e-09
2.08225009e-06	2.167963e-09
2.08432929e-06	1.484158e-09
2.08641057e-06	1.305191e-09
2.08849393e-06	1.470039e-09
2.09057937e-06	1.609670e-09
2.09266689e-06	2.161449e-09
2.09475649e-06	1.569034e-09
2.09684818e-06	1.601966e-09
2.09894197e-06	1.889200e-09
2.10103784e-06	1.720690e-09
2.10313580e-06	1.977587e-09
2.10523586e-06	1.970055e-09
2.10733802e-06	1.611628e-09
2.10944227e-06	2.173075e-09
2.11154863e-06	1.495710e-09
2.11365709e-06	1.841303e-09
2.11576765e-06	2.115605e-09
2.11788032e-06	2.057794e-09
2.11999511e-06	1.639520e-09
2.12211200e-06	2.162452e-09
2.12423101e-06	2.262779e-09
2.12635213e-06	2.035033e-09
2.12847537e-06	1.439805e-09
2.13060073e-06	1.898424e-09
2.13272822e-06	2.054745e-09
2.13485783e-06	1.994446e-09
2.13698956e-06	1.653566e-09
2.13912342e-06	2.239889e-09
2.14125942e-06	1.829718e-09
2.14339754e-06	1.420345e-09
2.14553781e-06	2.270756e-09
2.14768021e-06	2.368514e-09
2.14982474e-06	1.685492e-09
2.15197142e-06	2.155288e-09
2.15412025e-06	2.063537e-09
2.15627122e-06	2.329700e-09
2.15842433e-06	2.434428e-09
2.16057960e-06	1.789890e-09
2.16273702e-06	2.342938e-09
2.16489659e-06	2.156774e-09
2.16705832e-06	2.308692e-09
2.16922221e-06	2.225502e-09
2.17138826e-06	1.715445e-09
2.17355647e-06	2.337200e-09
2.17572684e-06	1.730100e-09
2.17789939e-06	2.329601e-09
2.18007410e-06	2.161517e-09
2.18225099e-06	2.120459e-09
2.18443005e-06	1.775843e-09
2.18661128e-06	1.743803e-09
2.18879469e-06	2.386036e-09
2.19098028e-06	2.065268e-09
2.19316806e-06	2.373168e-09
2.19535802e-06	2.236561e-09
2.19755017e-06	2.224570e-09
2.19974450e-06	2.318294e-09
2.20194103e-06	2.260060e-09
2.20413975e-06	2.170735e-09
2.20634066e-06	2.242760e-09
2.20854377e-06	1.597259e-09
2.21074909e-06	1.738645e-09
2.21295660e-06	2.347069e-09
2.21516632e-06	2.263403e-09
2.21737825e-06	2.210698e-09
2.21959238e-06	1.192894e-09
2.22180873e-06	1.990002e-09
2.22402729e-06	2.353572e-09
2.22624806e-06	2.311007e-09
2.22847105e-06	2.324001e-09
2.23069626e-06	2.435977e-09
2.23292369e-06	1.265130e-09
2.23515335e-06	2.277582e-09
2.23738523e-06	2.333590e-09
2.23961935e-06	2.512433e-09
2.24185569e-06	1.388169e-09
2.24409427e-06	2.426747e-09
2.24633508e-06	2.278519e-09
2.24857813e-06	2.390169e-09
2.25082341e-06	2.198472e-09
2.25307094e-06	2.370274e-09
2.25532072e-06	2.279423e-09
2.25757274e-06	2.380338e-09
2.25982701e-06	2.361145e-09
2.26208353e-06	2.445690e-09
2.26434231e-06	1.999210e-09
2.26660334e-06	2.233437e-09
2.26886662e-06	2.368046e-09
2.27113217e-06	2.362612e-09
2.27339998e-06	2.202415e-09
2.27567005e-06	2.319765e-09
2.27794240e-06	2.296216e-09
2.28021700e-06	1.936970e-09
2.28249389e-06	1.875450e-09
2.28477304e-06	2.425088e-09
2.28705447e-06	2.229885e-09
2.28933818e-06	2.435554e-09
2.29162417e-06	1.987960e-09
2.29391244e-06	1.170542e-09
2.29620300e-06	2.144300e-09
2.29849584e-06	1.719975e-09
2.30079097e-06	2.173014e-09
2.30308840e-06	1.673911e-09
2.30538812e-06	2.177838e-09
2.30769013e-06	1.980155e-09
2.30999445e-06	1.788292e-09
2.31230106e-06	2.144204e-09
2.31460998e-06	2.245680e-09
2.31692121e-06	2.269355e-09
2.31923474e-06	2.325458e-09
2.32155058e-06	2.334295e-09
2.32386873e-06	2.242493e-09
2.32618920e-06	2.187541e-09
2.32851199e-06	1.572630e-09
2.33083709e-06	2.223423e-09
2.33316452e-06	1.947331e-09
2.33549427e-06	2.123043e-09
2.33782635e-06	2.154646e-09
2.34016076e-06	2.211581e-09
2.34249749e-06	2.063269e-09
2.34483656e-06	1.307910e-09
2.34717797e-06	2.340659e-09
2.34952171e-06	1.814530e-09
2.35186780e-06	2.332764e-09
2.35421623e-06	2.255010e-09
2.35656700e-06	2.244548e-09
2.35892012e-06	2.012563e-09
2.36127559e-06	2.164212e-09
2.36363341e-06	2.291153e-09
2.36599358e-06	2.240129e-09
2.36835612e-06	2.333905e-09
2.37072101e-06	2.048900e-09
2.37308826e-06	1.347363e-09
2.37545788e-06	2.037314e-09
2.37782986e-06	2.427513e-09
2.38020421e-06	2.167398e-09
2.38258093e-06	1.804928e-09
2.38496003e-06	1.926580e-09
2.38734150e-06	1.857750e-09
2.38972535e-06	2.211022e-09
2.39211158e-06	1.726771e-09
2.39450019e-06	2.126023e-09
2.39689119e-06	2.059586e-09
2.39928457e-06	2.310091e-09
2.40168035e-06	1.544814e-09
2.40407851e-06	1.578056e-09
2.40647907e-06	2.381953e-09
2.40888203e-06	1.787232e-09
2.41128739e-06	2.167388e-09
2.41369515e-06	1.624357e-09
2.41610531e-06	1.190515e-09
2.41851788e-06	1.811367e-09
2.42093286e-06	2.182652e-09
2.42335026e-06	1.176424e-09
2.42577006e-06	1.437184e-09
2.42819228e-06	1.715400e-09
2.43061692e-06	1.715865e-09
2.43304398e-06	2.178654e-09
2.43547347e-06	1.938807e-09
2.43790538e-06	1.321645e-09
2.44033972e-06	2.018122e-09
2.44277649e-06	2.170303e-09
2.44521569e-06	1.917533e-09
2.44765733e-06	1.736361e-09
2.45010140e-06	1.540515e-09
2.45254792e-06	1.663367e-09
2.45499688e-06	1.766408e-09
2.45744829e-06	2.266855e-09
2.45990214e-06	1.452521e-09
2.46235844e-06	2.193924e-09
2.46481720e-06	2.113547e-09
2.46727841e-06	2.187937e-09
2.46974208e-06	1.521594e-09
2.47220821e-06	1.745734e-09
2.47467680e-06	1.763782e-09
2.47714786e-06	1.768663e-09
2.47962138e-06	1.493920e-09
2.48209737e-06	1.715120e-09
2.48457584e-06	1.406312e-09
2.48705678e-06	1.207131e-09
2.48954020e-06	1.165330e-09
2.49202610e-06	1.560335e-09
2.49451448e-06	1.651316e-09
2.49700534e-06	1.410827e-09
2.49949870e-06	1.621998e-09
2.50199454e-06	2.127762e-09
2.50449287e-06	1.494297e-09
2.50699370e-06	1.644216e-09
2.50949703e-06	1.839376e-09
2.51200285e-06	1.178963e-09
2.51451118e-06	1.547566e-09
2.51702201e-06	1.868520e-09
2.51953535e-06	1.258056e-09
2.52205120e-06	1.667018e-09
2.52456956e-06	1.374229e-09
2.52709044e-06	1.710894e-09
2.52961383e-06	1.609722e-09
2.53213975e-06	1.847554e-09
2.53466818e-06	1.208778e-09
2.53719914e-06	1.802138e-09
2.53973263e-06	1.226612e-09
2.54226865e-06	1.689642e-09
2.54480720e-06	1.909915e-09
2.54734828e-06	1.840101e-09
2.54989190e-06	1.667078e-09
2.55243806e-06	1.611833e-09
2.55498677e-06	1.574426e-09
2.55753802e-06	1.770717e-09
2.56009181e-06	1.204080e-09
2.56264816e-06	1.263968e-09
2.56520706e-06	1.690729e-09
2.56776851e-06	1.217368e-09
2.57033253e-06	2.035418e-09
2.57289910e-06	1.870068e-09
2.57546823e-06	1.547852e-09
2.57803993e-06	1.246833e-09
2.58061420e-06	1.825623e-09
2.58319104e-06	1.380478e-09
2.58577045e-06	1.613179e-09
2.58835244e-06	1.467163e-09
2.59093701e-06	1.988993e-09
2.59352415e-06	1.577923e-09
2.59611388e-06	1.307119e-09
2.59870620e-06	1.839555e-09
2.60130110e-06	1.373179e-09
2.60389860e-06	1.603389e-09
2.60649869e-06	1.292084e-09
2.60910137e-06	1.317011e-09
2.61170666e-06	1.972081e-09
2.61431454e-06	2.028784e-09
2.61692503e-06	1.511582e-09
2.61953813e-06	2.005618e-09
2.62215384e-06	1.645423e-09
2.62477215e-06	1.905564e-09
2.62739309e-06	1.510506e-09
2.63001663e-06	2.097473e-09
2.63264280e-06	1.325938e-09
2.63527160e-06	1.908060e-09
2.63790301e-06	2.049625e-09
2.64053706e-06	1.259062e-09
2.64317373e-06	1.265587e-09
2.64581304e-06	1.286120e-09
2.64845498e-06	1.381991e-09
2.65109956e-06	1.380437e-09
2.65374678e-06	2.078278e-09
2.65639665e-06	1.799885e-09
2.65904916e-06	1.849941e-09
2.66170431e-06	2.014944e-09
2.66436213e-06	1.864449e-09
2.66702259e-06	1.517001e-09
2.66968571e-06	1.305095e-09
2.67235149e-06	2.019154e-09
2.67501993e-06	1.737755e-09
2.67769104e-06	1.512476e-09
2.68036481e-06	1.520901e-09
2.68304126e-06	1.322005e-09
2.68572037e-06	1.266643e-09
2.68840216e-06	1.828741e-09
2.69108663e-06	1.270025e-09
2.69377378e-06	1.277536e-09
2.69646362e-06	1.406793e-09
2.69915613e-06	2.082138e-09
2.70185134e-06	1.330036e-09
2.70454924e-06	1.298583e-09
2.70724983e-06	1.430772e-09
2.70995312e-06	1.429029e-09
2.71265911e-06	1.879846e-09
2.71536780e-06	1.300136e-09
2.71807920e-06	1.692639e-09
2.72079330e-06	1.541278e-09
2.72351011e-06	1.587371e-09
2.72622964e-06	1.524230e-09
2.72895188e-06	1.290562e-09
2.73167684e-06	1.321115e-09
2.73440452e-06	1.643589e-09
2.73713492e-06	1.808929e-09
2.73986805e-06	1.468874e-09
2.74260391e-06	2.054168e-09
2.74534251e-06	1.438334e-09
2.74808383e-06	1.322133e-09
2.75082790e-06	1.658193e-09
2.75357470e-06	2.037282e-09
2.75632425e-06	1.936300e-09
2.75907654e-06	2.245777e-09
2.76183158e-06	2.074032e-09
2.76458937e-06	1.454983e-09
2.76734991e-06	1.647569e-09
2.77011322e-06	1.326134e-09
2.77287928e-06	1.566744e-09
2.77564810e-06	1.941322e-09
2.77841969e-06	1.451163e-09
2.78119404e-06	1.414541e-09
2.78397117e-06	1.739291e-09
2.78675106e-06	1.478502e-09
2.78953374e-06	1.318950e-09
2.79231919e-06	1.352644e-09
2.79510743e-06	1.568688e-09
2.79789844e-06	1.347589e-09
2.80069225e-06	1.316166e-09
2.80348884e-06	1.379663e-09
2.80628823e-06	1.773205e-09
2.80909041e-06	1.363440e-09
2.81189540e-06	1.755275e-09
2.81470318e-06	1.317638e-09
2.81751376e-06	1.359698e-09
2.82032715e-06	1.550524e-09
2.82314336e-06	1.329752e-09
2.82596237e-06	1.415122e-09
2.82878420e-06	1.473362e-09
2.83160884e-06	1.499992e-09
2.83443631e-06	1.569443e-09
2.83726660e-06	1.326522e-09
2.84009972e-06	1.466781e-09
2.84293566e-06	1.493699e-09
2.84577444e-06	1.655168e-09
2.84861605e-06	1.350065e-09
2.85146050e-06	1.377961e-09
2.85430779e-06	1.724251e-09
2.85715792e-06	1.485840e-09
2.86001090e-06	1.848295e-09
2.86286672e-06	1.891347e-09
2.86572540e-06	1.334626e-09
2.86858693e-06	1.384452e-09
2.87145132e-06	1.438817e-09
2.87431857e-06	2.107084e-09
2.87718869e-06	1.397111e-09
2.88006167e-06	1.875974e-09
2.88293752e-06	1.403430e-09
2.88581624e-06	1.608801e-09
2.88869783e-06	1.405757e-09
2.89158230e-06	1.553197e-09
2.89446965e-06	1.583051e-09
2.89735989e-06	1.777872e-09
2.90025301e-06	1.458534e-09
2.90314902e-06	2.126520e-09
2.90604792e-06	1.713776e-09
2.90894972e-06	1.367945e-09
2.91185441e-06	1.424114e-09
2.91476201e-06	1.647366e-09
2.91767251e-06	1.702806e-09
2.92058591e-06	1.360913e-09
2.92350222e-06	1.596821e-09
2.92642145e-06	1.449078e-09
2.92934359e-06	1.814655e-09
2.93226865e-06	1.751083e-09
2.93519663e-06	1.737937e-09
2.93812753e-06	1.438780e-09
2.94106136e-06	1.952225e-09
2.94399812e-06	1.767212e-09
2.94693781e-06	1.678581e-09
2.94988043e-06	2.044236e-09
2.95282600e-06	2.274463e-09
2.95577451e-06	1.551303e-09
2.95872596e-06	1.676851e-09
2.96168035e-06	1.786193e-09
2.96463770e-06	1.934168e-09
2.96759800e-06	1.949250e-09
2.97056126e-06	1.452784e-09
2.97352747e-06	1.559408e-09
2.97649665e-06	1.825036e-09
2.97946879e-06	1.511026e-09
2.98244390e-06	1.407834e-09
2.98542198e-06	1.560497e-09
2.98840304e-06	1.860301e-09
2.99138707e-06	1.501292e-09
2.99437408e-06	1.612541e-09
2.99736407e-06	2.106530e-09
3.00035705e-06	1.742312e-09
3.00335302e-06	1.431803e-09
3.00635198e-06	1.718305e-09
3.00935393e-06	1.858776e-09
3.01235888e-06	1.833609e-09
3.01536684e-06	2.111602e-09
3.01837779e-06	1.591061e-09
3.02139175e-06	1.797253e-09
3.02440873e-06	1.612843e-09
3.02742871e-06	2.065781e-09
3.03045171e-06	1.705350e-09
3.03347773e-06	1.543324e-09
3.03650677e-06	1.809781e-09
3.03953883e-06	1.667281e-09
3.04257392e-06	1.469845e-09
3.04561205e-06	2.166406e-09
3.04865320e-06	1.706019e-09
3.05169740e-06	1.745346e-09
3.05474463e-06	1.803469e-09
3.05779491e-06	1.970599e-09
3.06084823e-06	1.664013e-09
3.06390460e-06	1.417691e-09
3.06696402e-06	1.642903e-09
3.07002650e-06	1.773558e-09
3.07309203e-06	1.444527e-09
3.07616063e-06	2.073467e-09
3.07923229e-06	1.831633e-09
3.08230702e-06	1.790131e-09
3.08538481e-06	1.656093e-09
3.08846569e-06	1.732964e-09
3.09154963e-06	1.613805e-09
3.09463666e-06	1.585410e-09
3.09772677e-06	1.644727e-09
3.10081996e-06	1.595539e-09
3.10391625e-06	1.894153e-09
3.10701562e-06	1.468264e-09
3.11011809e-06	1.589602e-09
3.11322366e-06	1.767206e-09
3.11633233e-06	1.806115e-09
3.11944410e-06	1.949131e-09
3.12255898e-06	1.527535e-09
3.12567698e-06	1.810180e-09
3.12879808e-06	1.825108e-09
3.13192230e-06	1.929797e-09
3.13504964e-06	1.661658e-09
3.13818010e-06	1.543123e-09
3.14131369e-06	1.560600e-09
3.14445041e-06	1.918470e-09
3.14759026e-06	1.887302e-09
3.15073325e-06	1.516390e-09
3.15387937e-06	1.709991e-09
3.15702864e-06	1.765944e-09
3.16018105e-06	1.622716e-09
3.16333660e-06	1.471312e-09
3.16649531e-06	1.946452e-09
3.16965718e-06	2.076605e-09
3.17282220e-06	1.745751e-09
3.17599038e-06	1.650106e-09
3.17916172e-06	1.552666e-09
3.18233623e-06	2.263924e-09
3.18551391e-06	1.811588e-09
3.18869477e-06	1.555413e-09
3.19187880e-06	1.898679e-09
3.19506601e-06	1.858828e-09
3.19825640e-06	1.741772e-09
3.20144997e-06	1.493278e-09
3.20464674e-06	1.504050e-09
3.20784670e-06	1.977373e-09
3.21104985e-06	1.589506e-09
3.21425621e-06	1.861054e-09
3.21746576e-06	1.850295e-09
3.22067852e-06	1.732064e-09
3.22389449e-06	1.492833e-09
3.22711366e-06	1.872541e-09
3.23033606e-06	2.111762e-09
3.23356167e-06	1.730913e-09
3.23679050e-06	1.613341e-09
3.24002255e-06	2.261214e-09
3.24325783e-06	1.513017e-09
3.24649635e-06	1.929995e-09
3.24973809e-06	1.981018e-09
3.25298308e-06	1.796406e-09
3.25623130e-06	2.165569e-09
3.25948277e-06	1.514596e-09
3.26273748e-06	2.306206e-09
3.26599545e-06	2.119451e-09
3.26925667e-06	1.607464e-09
3.27252114e-06	2.402708e-09
3.27578887e-06	1.627088e-09
3.27905987e-06	2.157401e-09
3.28233413e-06	1.716573e-09
3.28561167e-06	1.740541e-09
3.28889247e-06	2.239358e-09
3.29217655e-06	1.776446e-09
3.29546391e-06	2.123798e-09
3.29875455e-06	1.761732e-09
3.30204848e-06	2.434144e-09
3.30534570e-06	1.675102e-09
3.30864621e-06	1.715175e-09
3.31195002e-06	1.437202e-09
3.31525712e-06	1.845987e-09
3.31856753e-06	1.931968e-09
3.32188124e-06	2.089824e-09
3.32519826e-06	2.231117e-09
3.32851860e-06	1.716838e-09
3.33184225e-06	1.667114e-09
3.33516921e-06	2.271778e-09
3.33849950e-06	1.808188e-09
3.34183312e-06	1.823680e-09
3.34517006e-06	1.816513e-09
3.34851034e-06	2.010516e-09
3.35185395e-06	2.297866e-09
3.35520090e-06	1.990168e-09
3.35855119e-06	1.847168e-09
3.36190483e-06	1.901570e-09
3.36526182e-06	1.919549e-09
3.36862216e-06	2.265161e-09
3.37198585e-06	2.300287e-09
3.37535290e-06	2.437178e-09
3.37872332e-06	2.048067e-09
3.38209710e-06	2.022074e-09
3.38547425e-06	1.841081e-09
3.38885477e-06	2.251008e-09
3.39223867e-06	1.691100e-09
3.39562594e-06	2.077678e-09
3.39901660e-06	2.048260e-09
3.40241065e-06	2.116088e-09
3.40580808e-06	2.157846e-09
3.40920890e-06	1.777469e-09
3.41261313e-06	1.663057e-09
3.41602075e-06	2.000428e-09
3.41943177e-06	2.238466e-09
3.42284620e-06	2.064583e-09
3.42626404e-06	1.725987e-09
3.42968529e-06	1.763262e-09
3.43310996e-06	1.915398e-09
3.43653804e-06	1.568909e-09
3.43996956e-06	2.129389e-09
3.44340449e-06	2.041874e-09
3.44684286e-06	1.733466e-09
3.45028466e-06	2.132131e-09
3.45372990e-06	2.064375e-09
3.45717857e-06	1.927178e-09
3.46063070e-06	2.362271e-09
3.46408626e-06	2.039283e-09
3.46754528e-06	1.678084e-09
3.47100775e-06	1.506446e-09
3.47447368e-06	2.050986e-09
3.47794307e-06	1.636552e-09
3.48141593e-06	1.726237e-09
3.48489225e-06	1.578687e-09
3.48837205e-06	2.144240e-09
3.49185532e-06	1.981984e-09
3.49534206e-06	2.149688e-09
3.49883229e-06	2.298223e-09
3.50232600e-06	2.346018e-09
3.50582321e-06	2.443177e-09
3.50932390e-06	2.210518e-09
3.51282809e-06	2.171799e-09
3.51633578e-06	1.648444e-09
3.51984697e-06	2.143914e-09
3.52336167e-06	2.354149e-09
3.52687988e-06	1.500839e-09
3.53040160e-06	2.468433e-09
3.53392683e-06	2.350668e-09
3.53745559e-06	2.193655e-09
3.54098787e-06	2.114712e-09
3.54452368e-06	1.990995e-09
3.54806302e-06	2.502386e-09
3.55160589e-06	2.200112e-09
3.55515230e-06	2.142976e-09
3.55870225e-06	2.177463e-09
3.56225575e-06	2.311525e-09
3.56581279e-06	2.121232e-09
3.56937339e-06	2.191694e-09
3.57293754e-06	2.167631e-09
3.57650525e-06	2.123304e-09
3.58007652e-06	2.329455e-09
3.58365136e-06	2.425933e-09
3.58722977e-06	2.374943e-09
3.59081175e-06	2.317533e-09
3.59439731e-06	2.468405e-09
3.59798645e-06	1.613905e-09
3.60157917e-06	1.630439e-09
3.60517548e-06	2.289699e-09
3.60877538e-06	1.960977e-09
3.61237888e-06	1.816064e-09
3.61598597e-06	1.972393e-09
3.61959667e-06	2.362929e-09
3.62321097e-06	2.448878e-09
3.62682888e-06	1.856041e-09
3.63045040e-06	2.049466e-09
3.63407554e-06	1.948101e-09
3.63770430e-06	1.706409e-09
3.64133669e-06	2.446004e-09
3.64497270e-06	2.526908e-09
3.64861234e-06	2.241718e-09
3.65225561e-06	1.729272e-09
3.65590252e-06	2.640077e-09
3.65955308e-06	2.417457e-09
3.66320728e-06	2.239414e-09
3.66686512e-06	2.431039e-09
3.67052662e-06	2.426565e-09
3.67419178e-06	1.775244e-09
3.67786060e-06	2.183125e-09
3.68153308e-06	2.249574e-09
3.68520923e-06	2.676936e-09
3.68888904e-06	1.973448e-09
3.69257254e-06	2.490251e-09
3.69625971e-06	1.682871e-09
3.69995056e-06	2.016063e-09
3.70364510e-06	2.400911e-09
3.70734332e-06	2.001476e-09
3.71104524e-06	1.967076e-09
3.71475086e-06	2.384010e-09
3.71846018e-06	2.323296e-09
3.72217320e-06	2.069423e-09
3.72588992e-06	2.362789e-09
3.72961036e-06	2.397390e-09
3.73333452e-06	2.394076e-09
3.73706239e-06	2.394422e-09
3.74079399e-06	2.594696e-09
3.74452931e-06	2.312201e-09
3.74826836e-06	1.713159e-09
3.75201114e-06	2.436815e-09
3.75575766e-06	2.362961e-09
3.75950793e-06	2.558871e-09
3.76326194e-06	2.677634e-09
3.76701969e-06	2.603797e-09
3.77078120e-06	2.180775e-09
3.77454647e-06	2.329528e-09
3.77831549e-06	2.149832e-09
3.78208828e-06	1.960364e-09
3.78586483e-06	2.125320e-09
3.78964516e-06	2.757629e-09
3.79342926e-06	1.734844e-09
3.79721714e-06	2.750624e-09
3.80100880e-06	2.641750e-09
3.80480425e-06	2.524406e-09
3.80860349e-06	2.594279e-09
3.81240652e-06	2.700939e-09
3.81621335e-06	2.335531e-09
3.82002398e-06	2.722668e-09
3.82383842e-06	2.590144e-09
3.82765666e-06	2.676202e-09
3.83147872e-06	2.203831e-09
3.83530459e-06	2.746254e-09
3.83913428e-06	2.526652e-09
3.84296780e-06	2.723093e-09
3.84680515e-06	1.925588e-09
3.85064633e-06	2.290703e-09
3.85449134e-06	2.688427e-09
3.85834019e-06	2.547849e-09
3.86219289e-06	2.243464e-09
3.86604943e-06	2.184476e-09
3.86990982e-06	2.663857e-09
3.87377407e-06	2.424338e-09
3.87764218e-06	2.585369e-09
3.88151415e-06	2.698090e-09
3.88538998e-06	2.457405e-09
3.88926969e-06	2.567384e-09
3.89315327e-06	2.701467e-09
3.89704073e-06	2.231670e-09
3.90093207e-06	2.709678e-09
3.90482729e-06	2.680671e-09
3.90872641e-06	2.630849e-09
3.91262941e-06	2.579838e-09
3.91653632e-06	2.477347e-09
3.92044713e-06	2.082511e-09
3.92436184e-06	2.095139e-09
3.92828046e-06	2.676002e-09
3.93220299e-06	1.852049e-09
3.93612944e-06	2.451635e-09
3.94005981e-06	2.229710e-09
3.94399411e-06	2.663632e-09
3.94793233e-06	2.292948e-09
3.95187449e-06	2.213511e-09
3.95582058e-06	2.793364e-09
3.95977062e-06	2.429310e-09
3.96372460e-06	1.870417e-09
3.96768252e-06	2.368566e-09
3.97164440e-06	2.358788e-09
3.97561023e-06	1.985496e-09
3.97958003e-06	2.505718e-09
3.98355379e-06	2.410169e-09
3.98753151e-06	2.447491e-09
3.99151321e-06	1.970489e-09
3.99549888e-06	2.590476e-09
3.99948854e-06	1.819827e-09
4.00348217e-06	2.718566e-09
