2.99769222e-07	4.182160e-16
3.00068553e-07	5.894851e-16
3.00368182e-07	6.027867e-16
3.00668111e-07	6.163694e-16
3.00968339e-07	6.302388e-16
3.01268867e-07	6.444003e-16
3.01569695e-07	6.588599e-16
3.01870824e-07	6.736232e-16
3.02172253e-07	6.886962e-16
3.02473983e-07	7.040849e-16
3.02776015e-07	7.197955e-16
3.03078348e-07	7.358341e-16
3.03380983e-07	7.522073e-16
3.03683920e-07	7.689213e-16
3.03987160e-07	7.859829e-16
3.04290702e-07	8.033987e-16
3.04594547e-07	8.211755e-16
3.04898696e-07	8.393203e-16
3.05203149e-07	8.578402e-16
3.05507906e-07	8.767423e-16
3.05812967e-07	8.960340e-16
3.06118332e-07	9.157225e-16
3.06424003e-07	9.358158e-16
3.06729978e-07	9.563212e-16
3.07036260e-07	9.772468e-16
3.07342847e-07	9.986004e-16
3.07649740e-07	1.020390e-15
3.07956940e-07	1.042624e-15
3.08264446e-07	1.065312e-15
3.08572260e-07	1.088460e-15
3.08880380e-07	1.112079e-15
3.09188809e-07	1.136176e-15
3.09497545e-07	1.160762e-15
3.09806590e-07	1.185844e-15
3.10115944e-07	1.211433e-15
3.10425606e-07	1.237538e-15
3.10735577e-07	1.264168e-15
3.11045858e-07	1.291334e-15
3.11356449e-07	1.319044e-15
3.11667350e-07	1.347310e-15
3.11978561e-07	1.376142e-15
3.12290084e-07	1.405550e-15
3.12601917e-07	1.435545e-15
3.12914061e-07	1.466137e-15
3.13226518e-07	1.497338e-15
3.13539286e-07	1.529159e-15
3.13852367e-07	1.561611e-15
3.14165760e-07	1.594706e-15
3.14479466e-07	1.628455e-15
3.14793485e-07	1.662871e-15
3.15107818e-07	1.697966e-15
3.15422465e-07	1.733752e-15
3.15737426e-07	1.770241e-15
3.16052702e-07	1.807448e-15
3.16368292e-07	1.845383e-15
3.16684197e-07	1.884062e-15
3.17000418e-07	1.923496e-15
3.17316955e-07	1.963701e-15
3.17633808e-07	2.004689e-15
3.17950977e-07	2.046475e-15
3.18268463e-07	2.089073e-15
3.18586266e-07	2.132499e-15
3.18904386e-07	2.176765e-15
3.19222824e-07	2.221889e-15
3.19541579e-07	2.267884e-15
3.19860654e-07	2.314768e-15
3.20180046e-07	2.362554e-15
3.20499758e-07	2.411260e-15
3.20819789e-07	2.460902e-15
3.21140139e-07	2.511497e-15
3.21460810e-07	2.563060e-15
3.21781800e-07	2.615611e-15
3.22103111e-07	2.669165e-15
3.22424743e-07	2.723741e-15
3.22746696e-07	2.779356e-15
3.23068971e-07	2.836030e-15
3.23391567e-07	2.893779e-15
3.23714485e-07	2.952625e-15
3.24037726e-07	3.012584e-15
3.24361290e-07	3.073678e-15
3.24685177e-07	3.135926e-15
3.25009387e-07	3.199347e-15
3.25333921e-07	3.263963e-15
3.25658779e-07	3.329795e-15
3.25983961e-07	3.396862e-15
3.26309468e-07	3.465187e-15
3.26635300e-07	3.534791e-15
3.26961458e-07	3.605697e-15
3.27287941e-07	3.677927e-15
3.27614750e-07	3.751504e-15
3.27941886e-07	3.826450e-15
3.28269348e-07	3.902790e-15
3.28597137e-07	3.980547e-15
3.28925253e-07	4.059746e-15
3.29253697e-07	4.140412e-15
3.29582469e-07	4.222568e-15
3.29911570e-07	4.306242e-15
3.30240998e-07	4.391457e-15
3.30570756e-07	4.478242e-15
3.30900844e-07	4.566622e-15
3.31231260e-07	4.656624e-15
3.31562007e-07	4.748277e-15
3.31893084e-07	4.841607e-15
3.32224491e-07	4.936643e-15
3.32556230e-07	5.033414e-15
3.32888300e-07	5.131950e-15
3.33220701e-07	5.232278e-15
3.33553434e-07	5.334431e-15
3.33886500e-07	5.438438e-15
3.34219898e-07	5.544330e-15
3.34553629e-07	5.652140e-15
3.34887693e-07	5.761898e-15
3.35222091e-07	5.873637e-15
3.35556822e-07	5.987391e-15
3.35891888e-07	6.103192e-15
3.36227289e-07	6.221075e-15
3.36563024e-07	6.341074e-15
3.36899095e-07	6.463225e-15
3.37235501e-07	6.587561e-15
3.37572243e-07	6.714121e-15
3.37909321e-07	6.842940e-15
3.38246736e-07	6.974056e-15
3.38584488e-07	7.107506e-15
3.38922578e-07	7.243328e-15
3.39261004e-07	7.381562e-15
3.39599769e-07	7.522246e-15
3.39938872e-07	7.665422e-15
3.40278313e-07	7.811128e-15
3.40618094e-07	7.959408e-15
3.40958214e-07	8.110302e-15
3.41298673e-07	8.263852e-15
3.41639473e-07	8.420103e-15
3.41980612e-07	8.579097e-15
3.42322093e-07	8.740880e-15
3.42663914e-07	8.905496e-15
3.43006076e-07	9.072990e-15
3.43348581e-07	9.243410e-15
3.43691427e-07	9.416802e-15
3.44034616e-07	9.593214e-15
3.44378147e-07	9.772694e-15
3.44722021e-07	9.955291e-15
3.45066239e-07	1.014106e-14
3.45410800e-07	1.033004e-14
3.45755706e-07	1.052229e-14
3.46100956e-07	1.071786e-14
3.46446550e-07	1.091681e-14
3.46792490e-07	1.111919e-14
3.47138775e-07	1.132504e-14
3.47485406e-07	1.153444e-14
3.47832383e-07	1.174743e-14
3.48179707e-07	1.196406e-14
3.48527377e-07	1.218441e-14
3.48875395e-07	1.240852e-14
3.49223760e-07	1.263646e-14
3.49572472e-07	1.286828e-14
3.49921534e-07	1.310405e-14
3.50270943e-07	1.334382e-14
3.50620702e-07	1.358767e-14
3.50970809e-07	1.383565e-14
3.51321267e-07	1.408783e-14
3.51672074e-07	1.434427e-14
3.52023232e-07	1.460505e-14
3.52374740e-07	1.487022e-14
3.52726599e-07	1.513986e-14
3.53078810e-07	1.541404e-14
3.53431372e-07	1.569282e-14
3.53784286e-07	1.597627e-14
3.54137553e-07	1.626448e-14
3.54491173e-07	1.655751e-14
3.54845145e-07	1.685544e-14
3.55199471e-07	1.715833e-14
3.55554151e-07	1.746627e-14
3.55909185e-07	1.777934e-14
3.56264573e-07	1.809763e-14
3.56620317e-07	1.842119e-14
3.56976415e-07	1.875011e-14
3.57332870e-07	1.908448e-14
3.57689680e-07	1.942438e-14
3.58046846e-07	1.976990e-14
3.58404369e-07	2.012111e-14
3.58762249e-07	2.047811e-14
3.59120487e-07	2.084098e-14
3.59479082e-07	2.120982e-14
3.59838035e-07	2.158470e-14
3.60197347e-07	2.196573e-14
3.60557017e-07	2.235293e-14
3.60917046e-07	2.274659e-14
3.61277436e-07	2.314662e-14
3.61638184e-07	2.355317e-14
3.61999294e-07	2.396633e-14
3.62360763e-07	2.438620e-14
3.62722594e-07	2.481292e-14
3.63084786e-07	2.524655e-14
3.63447339e-07	2.568719e-14
3.63810255e-07	2.613498e-14
3.64173533e-07	2.658999e-14
3.64537174e-07	2.705236e-14
3.64901178e-07	2.752218e-14
3.65265545e-07	2.799955e-14
3.65630276e-07	2.848460e-14
3.65995372e-07	2.897745e-14
3.66360832e-07	2.947820e-14
3.66726656e-07	2.998696e-14
3.67092847e-07	3.050387e-14
3.67459402e-07	3.102904e-14
3.67826324e-07	3.156257e-14
3.68193613e-07	3.210463e-14
3.68561267e-07	3.265531e-14
3.68929290e-07	3.321475e-14
3.69297679e-07	3.378304e-14
3.69666437e-07	3.436039e-14
3.70035562e-07	3.494685e-14
3.70405056e-07	3.554262e-14
3.70774920e-07	3.614778e-14
3.71145152e-07	3.676248e-14
3.71515754e-07	3.738688e-14
3.71886726e-07	3.802108e-14
3.72258069e-07	3.866531e-14
3.72629783e-07	3.931968e-14
3.73001867e-07	3.998424e-14
3.73374323e-07	4.065926e-14
3.73747152e-07	4.134483e-14
3.74120352e-07	4.204106e-14
3.74493925e-07	4.274819e-14
3.74867871e-07	4.346632e-14
3.75242191e-07	4.419575e-14
3.75616884e-07	4.493636e-14
3.75991951e-07	4.568864e-14
3.76367393e-07	4.645250e-14
3.76743210e-07	4.722812e-14
3.77119402e-07	4.801550e-14
3.77495970e-07	4.881578e-14
3.77872913e-07	4.962803e-14
3.78250233e-07	5.045274e-14
3.78627930e-07	5.129024e-14
3.79006004e-07	5.214059e-14
3.79384456e-07	5.300402e-14
3.79763285e-07	5.388057e-14
3.80142493e-07	5.477078e-14
3.80522079e-07	5.567449e-14
3.80902045e-07	5.659200e-14
3.81282390e-07	5.752363e-14
3.81663114e-07	5.846910e-14
3.82044219e-07	5.942928e-14
3.82425704e-07	6.040444e-14
3.82807570e-07	6.139408e-14
3.83189818e-07	6.239878e-14
3.83572447e-07	6.341850e-14
3.83955458e-07	6.445406e-14
3.84338852e-07	6.550493e-14
3.84722629e-07	6.657176e-14
3.85106789e-07	6.765504e-14
3.85491332e-07	6.875439e-14
3.85876259e-07	6.987033e-14
3.86261571e-07	7.100305e-14
3.86647268e-07	7.215259e-14
3.87033349e-07	7.331976e-14
3.87419816e-07	7.450421e-14
3.87806669e-07	7.570631e-14
3.88193909e-07	7.692672e-14
3.88581535e-07	7.816466e-14
3.88969548e-07	7.942187e-14
3.89357948e-07	8.069771e-14
3.89746737e-07	8.199202e-14
3.90135913e-07	8.330630e-14
3.90525478e-07	8.463939e-14
3.90915433e-07	8.599246e-14
3.91305776e-07	8.736593e-14
3.91696509e-07	8.875990e-14
3.92087633e-07	9.017401e-14
3.92479147e-07	9.160910e-14
3.92871052e-07	9.306533e-14
3.93263348e-07	9.454330e-14
3.93656036e-07	9.604269e-14
3.94049116e-07	9.756400e-14
3.94442589e-07	9.910766e-14
3.94836455e-07	1.006748e-13
3.95230713e-07	1.022631e-13
3.95625366e-07	1.038759e-13
3.96020412e-07	1.055126e-13
3.96415854e-07	1.071743e-13
3.96811689e-07	1.088587e-13
3.97207921e-07	1.105679e-13
3.97604547e-07	1.123020e-13
3.98001570e-07	1.140611e-13
3.98398990e-07	1.158451e-13
3.98796806e-07	1.176567e-13
3.99195019e-07	1.194927e-13
3.99593630e-07	1.213577e-13
3.99992639e-07	1.232477e-13
4.00392047e-07	1.251653e-13
4.00791853e-07	1.271117e-13
4.01192059e-07	1.290851e-13
4.01592664e-07	1.310875e-13
4.01993669e-07	1.331181e-13
4.02395074e-07	1.351776e-13
4.02796881e-07	1.372679e-13
4.03199088e-07	1.393877e-13
4.03601698e-07	1.415368e-13
4.04004709e-07	1.437184e-13
4.04408123e-07	1.459301e-13
4.04811939e-07	1.481717e-13
4.05216159e-07	1.504488e-13
4.05620782e-07	1.527577e-13
4.06025810e-07	1.550980e-13
4.06431241e-07	1.574684e-13
4.06837078e-07	1.598794e-13
4.07243320e-07	1.623207e-13
4.07649967e-07	1.647994e-13
4.08057021e-07	1.673110e-13
4.08464481e-07	1.698585e-13
4.08872348e-07	1.724398e-13
4.09280622e-07	1.750616e-13
4.09689304e-07	1.777180e-13
4.10098394e-07	1.804119e-13
4.10507892e-07	1.831383e-13
4.10917800e-07	1.859140e-13
4.11328116e-07	1.886818e-13
4.11738843e-07	1.915706e-13
4.12149979e-07	1.944424e-13
4.12561526e-07	1.973864e-13
4.12973484e-07	2.003600e-13
4.13385854e-07	2.033723e-13
4.13798635e-07	2.064244e-13
4.14211828e-07	2.095183e-13
4.14625434e-07	2.126511e-13
4.15039453e-07	2.158433e-13
4.15453885e-07	2.190672e-13
4.15868731e-07	2.223387e-13
4.16283991e-07	2.256626e-13
4.16699666e-07	2.290232e-13
4.17115756e-07	2.324354e-13
4.17532262e-07	2.358899e-13
4.17949183e-07	2.393966e-13
4.18366521e-07	2.429496e-13
4.18784276e-07	2.465457e-13
4.19202447e-07	2.502012e-13
4.19621036e-07	2.538941e-13
4.20040044e-07	2.576605e-13
4.20459469e-07	2.614643e-13
4.20879314e-07	2.653120e-13
4.21299577e-07	2.692320e-13
4.21720260e-07	2.731605e-13
4.22141364e-07	2.771868e-13
4.22562887e-07	2.812820e-13
4.22984832e-07	2.853439e-13
4.23407198e-07	2.895802e-13
4.23829986e-07	2.938137e-13
4.24253196e-07	2.981217e-13
4.24676828e-07	3.024967e-13
4.25100884e-07	3.069117e-13
4.25525363e-07	3.113825e-13
4.25950266e-07	3.159297e-13
4.26375593e-07	3.205249e-13
4.26801345e-07	3.251949e-13
4.27227522e-07	3.299092e-13
4.27654124e-07	3.347023e-13
4.28081153e-07	3.395527e-13
4.28508608e-07	3.444774e-13
4.28936489e-07	3.494395e-13
4.29364798e-07	3.544828e-13
4.29793535e-07	3.596314e-13
4.30222700e-07	3.648226e-13
4.30652293e-07	3.700748e-13
4.31082315e-07	3.754031e-13
4.31512767e-07	3.808166e-13
4.31943648e-07	3.862867e-13
4.32374960e-07	3.918320e-13
4.32806703e-07	3.974438e-13
4.33238876e-07	4.031188e-13
4.33671481e-07	4.089118e-13
4.34104518e-07	4.147632e-13
4.34537988e-07	4.206679e-13
4.34971890e-07	4.266757e-13
4.35406226e-07	4.327749e-13
4.35840995e-07	4.389064e-13
4.36276198e-07	4.451802e-13
4.36711836e-07	4.514862e-13
4.37147909e-07	4.579048e-13
4.37584417e-07	4.644358e-13
4.38021362e-07	4.710168e-13
4.38458742e-07	4.776704e-13
4.38896560e-07	4.844450e-13
4.39334814e-07	4.912654e-13
4.39773506e-07	4.982059e-13
4.40212636e-07	5.052634e-13
4.40652205e-07	5.123857e-13
4.41092212e-07	5.195877e-13
4.41532659e-07	5.268924e-13
4.41973546e-07	5.342853e-13
4.42414873e-07	5.418034e-13
4.42856641e-07	5.493404e-13
4.43298849e-07	5.570264e-13
4.43741500e-07	5.648937e-13
4.44184592e-07	5.727921e-13
4.44628127e-07	5.808072e-13
4.45072105e-07	5.889091e-13
4.45516526e-07	5.971080e-13
4.45961390e-07	6.045435e-13
4.46406699e-07	6.138853e-13
4.46852453e-07	6.224278e-13
4.47298652e-07	6.310569e-13
4.47745296e-07	6.398533e-13
4.48192386e-07	6.487283e-13
4.48639923e-07	6.574742e-13
4.49087906e-07	6.667825e-13
4.49536337e-07	6.760645e-13
4.49985216e-07	6.853869e-13
4.50434543e-07	6.948473e-13
4.50884319e-07	7.044100e-13
4.51334543e-07	7.141294e-13
4.51785218e-07	7.239283e-13
4.52236342e-07	7.338765e-13
4.52687917e-07	7.440055e-13
4.53139942e-07	7.542109e-13
4.53592419e-07	7.645847e-13
4.54045348e-07	7.750321e-13
4.54498729e-07	7.854751e-13
4.54952563e-07	7.964415e-13
4.55406850e-07	8.073491e-13
4.55861591e-07	8.183362e-13
4.56316785e-07	8.295466e-13
4.56772435e-07	8.408851e-13
4.57228539e-07	8.523029e-13
4.57685098e-07	8.638817e-13
4.58142114e-07	8.756148e-13
4.58599586e-07	8.875158e-13
4.59057514e-07	8.995157e-13
4.59515900e-07	9.117952e-13
4.59974744e-07	9.241510e-13
4.60434046e-07	9.366008e-13
4.60893806e-07	9.492488e-13
4.61354026e-07	9.621869e-13
4.61814705e-07	9.751615e-13
4.62275844e-07	9.883044e-13
4.62737444e-07	1.001594e-12
4.63199504e-07	1.015105e-12
4.63662026e-07	1.028750e-12
4.64125010e-07	1.042543e-12
4.64588456e-07	1.056443e-12
4.65052364e-07	1.070594e-12
4.65516737e-07	1.084803e-12
4.65981572e-07	1.099672e-12
4.66446872e-07	1.114231e-12
4.66912637e-07	1.128809e-12
4.67378866e-07	1.144273e-12
4.67845561e-07	1.159229e-12
4.68312722e-07	1.175030e-12
4.68780350e-07	1.189678e-12
4.69248445e-07	1.206559e-12
4.69717007e-07	1.222251e-12
4.70186036e-07	1.238918e-12
4.70655535e-07	1.255152e-12
4.71125502e-07	1.270305e-12
4.71595938e-07	1.288849e-12
4.72066844e-07	1.305893e-12
4.72538220e-07	1.323008e-12
4.73010067e-07	1.340575e-12
4.73482385e-07	1.358403e-12
4.73955175e-07	1.375370e-12
4.74428437e-07	1.394378e-12
4.74902171e-07	1.412384e-12
4.75376378e-07	1.430873e-12
4.75851059e-07	1.449594e-12
4.76326214e-07	1.469291e-12
4.76801844e-07	1.488798e-12
4.77277948e-07	1.507694e-12
4.77754528e-07	1.527327e-12
4.78231583e-07	1.547741e-12
4.78709115e-07	1.568054e-12
4.79187124e-07	1.588499e-12
4.79665610e-07	1.609034e-12
4.80144574e-07	1.628855e-12
4.80624016e-07	1.651597e-12
4.81103937e-07	1.672796e-12
4.81584337e-07	1.694727e-12
4.82065217e-07	1.716507e-12
4.82546577e-07	1.739658e-12
4.83028417e-07	1.760963e-12
4.83510739e-07	1.780622e-12
4.83993543e-07	1.805230e-12
4.84476828e-07	1.827961e-12
4.84960596e-07	1.853039e-12
4.85444847e-07	1.877741e-12
4.85929582e-07	1.903076e-12
4.86414801e-07	1.927324e-12
4.86900504e-07	1.952237e-12
4.87386692e-07	1.977398e-12
4.87873366e-07	1.995849e-12
4.88360525e-07	2.029361e-12
4.88848171e-07	2.054365e-12
4.89336304e-07	2.080722e-12
4.89824925e-07	2.099381e-12
4.90314033e-07	2.134746e-12
4.90803630e-07	2.161089e-12
4.91293716e-07	2.190231e-12
4.91784291e-07	2.218484e-12
4.92275355e-07	2.246473e-12
4.92766911e-07	2.274519e-12
4.93258957e-07	2.305291e-12
4.93751494e-07	2.334197e-12
4.94244523e-07	2.361129e-12
4.94738045e-07	2.392959e-12
4.95232059e-07	2.424075e-12
4.95726566e-07	2.455328e-12
4.96221568e-07	2.485883e-12
4.96717063e-07	2.517168e-12
4.97213054e-07	2.547534e-12
4.97709539e-07	2.581411e-12
4.98206521e-07	2.614888e-12
4.98703999e-07	2.647119e-12
4.99201973e-07	2.679481e-12
4.99700445e-07	2.714126e-12
5.00199414e-07	2.750079e-12
5.00698882e-07	2.785657e-12
5.01198848e-07	2.818369e-12
5.01699314e-07	2.854444e-12
5.02200279e-07	2.888393e-12
5.02701745e-07	2.927595e-12
5.03203711e-07	2.960651e-12
5.03706178e-07	2.998862e-12
5.04209148e-07	3.039496e-12
5.04712619e-07	3.075477e-12
5.05216594e-07	3.116340e-12
5.05721071e-07	3.151496e-12
5.06226052e-07	3.194335e-12
5.06731538e-07	3.230332e-12
5.07237528e-07	3.271766e-12
5.07744023e-07	3.315236e-12
5.08251025e-07	3.352419e-12
5.08758532e-07	3.391398e-12
5.09266546e-07	3.440324e-12
5.09775068e-07	3.483497e-12
5.10284097e-07	3.524236e-12
5.10793635e-07	3.552477e-12
5.11303681e-07	3.609649e-12
5.11814237e-07	3.654106e-12
5.12325302e-07	3.687879e-12
5.12836878e-07	3.743607e-12
5.13348965e-07	3.787784e-12
5.13861563e-07	3.839952e-12
5.14374672e-07	3.883821e-12
5.14888295e-07	3.940673e-12
5.15402430e-07	3.987788e-12
5.15917078e-07	4.037836e-12
5.16432240e-07	4.085649e-12
5.16947917e-07	4.133796e-12
5.17464109e-07	4.186499e-12
5.17980816e-07	4.238942e-12
5.18498039e-07	4.295305e-12
5.19015778e-07	4.345622e-12
5.19534035e-07	4.402515e-12
5.20052809e-07	4.456205e-12
5.20572101e-07	4.505024e-12
5.21091911e-07	4.564753e-12
5.21612241e-07	4.618305e-12
5.22133090e-07	4.680101e-12
5.22654459e-07	4.733718e-12
5.23176349e-07	4.788422e-12
5.23698760e-07	4.850488e-12
5.24221693e-07	4.889718e-12
5.24745148e-07	4.965563e-12
5.25269125e-07	5.029929e-12
5.25793626e-07	5.092734e-12
5.26318650e-07	5.155489e-12
5.26844199e-07	5.209543e-12
5.27370272e-07	5.276333e-12
5.27896871e-07	5.320299e-12
5.28423996e-07	5.411116e-12
5.28951647e-07	5.473697e-12
5.29479824e-07	5.534287e-12
5.30008530e-07	5.608741e-12
5.30537763e-07	5.675091e-12
5.31067524e-07	5.739862e-12
5.31597815e-07	5.812905e-12
5.32128635e-07	5.884159e-12
5.32659985e-07	5.945626e-12
5.33191866e-07	6.020147e-12
5.33724278e-07	6.095104e-12
5.34257221e-07	6.165427e-12
5.34790697e-07	6.241979e-12
5.35324705e-07	6.318347e-12
5.35859247e-07	6.387739e-12
5.36394322e-07	6.448236e-12
5.36929932e-07	6.550427e-12
5.37466076e-07	6.624338e-12
5.38002756e-07	6.709780e-12
5.38539972e-07	6.780102e-12
5.39077724e-07	6.840626e-12
5.39616013e-07	6.891729e-12
5.40154839e-07	6.994380e-12
5.40694204e-07	7.092283e-12
5.41234107e-07	7.188774e-12
5.41774550e-07	7.251604e-12
5.42315532e-07	7.311105e-12
5.42857054e-07	7.412580e-12
5.43399117e-07	7.461736e-12
5.43941721e-07	7.536363e-12
5.44484867e-07	7.701666e-12
5.45028555e-07	7.793582e-12
5.45572786e-07	7.902543e-12
5.46117561e-07	7.964068e-12
5.46662879e-07	8.022946e-12
5.47208743e-07	8.163402e-12
5.47755151e-07	8.272972e-12
5.48302105e-07	8.347653e-12
5.48849605e-07	8.469578e-12
5.49397651e-07	8.570045e-12
5.49946245e-07	8.681405e-12
5.50495387e-07	8.749658e-12
5.51045077e-07	8.890587e-12
5.51595316e-07	8.936137e-12
5.52146104e-07	9.103444e-12
5.52697443e-07	9.141189e-12
5.53249331e-07	9.291729e-12
5.53801771e-07	9.314347e-12
5.54354763e-07	9.501882e-12
5.54908307e-07	9.643660e-12
5.55462403e-07	9.732282e-12
5.56017053e-07	9.846093e-12
5.56572257e-07	9.899768e-12
5.57128015e-07	1.004511e-11
5.57684328e-07	1.016047e-11
5.58241196e-07	1.033138e-11
5.58798621e-07	1.046018e-11
5.59356602e-07	1.056863e-11
5.59915140e-07	1.069020e-11
5.60474236e-07	1.079010e-11
5.61033890e-07	1.093208e-11
5.61594104e-07	1.103791e-11
5.62154876e-07	1.121017e-11
5.62716209e-07	1.131077e-11
5.63278102e-07	1.145462e-11
5.63840556e-07	1.155717e-11
5.64403571e-07	1.170626e-11
5.64967149e-07	1.186417e-11
5.65531290e-07	1.196946e-11
5.66095994e-07	1.206313e-11
5.66661262e-07	1.225222e-11
5.67227094e-07	1.235106e-11
5.67793491e-07	1.240918e-11
5.68360454e-07	1.219247e-11
5.68927983e-07	1.267856e-11
5.69496079e-07	1.287746e-11
5.70064741e-07	1.301475e-11
5.70633972e-07	1.313662e-11
5.71203771e-07	1.324510e-11
5.71774140e-07	1.333114e-11
5.72345077e-07	1.353500e-11
5.72916585e-07	1.384084e-11
5.73488663e-07	1.400196e-11
5.74061313e-07	1.411365e-11
5.74634535e-07	1.418336e-11
5.75208328e-07	1.433726e-11
5.75782695e-07	1.461312e-11
5.76357636e-07	1.470609e-11
5.76933150e-07	1.495066e-11
5.77509239e-07	1.507784e-11
5.78085904e-07	1.504966e-11
5.78663144e-07	1.535592e-11
5.79240960e-07	1.540202e-11
5.79819354e-07	1.576211e-11
5.80398325e-07	1.567925e-11
5.80977874e-07	1.607393e-11
5.81558002e-07	1.597616e-11
5.82138709e-07	1.654918e-11
5.82719997e-07	1.661147e-11
5.83301864e-07	1.685472e-11
5.83884313e-07	1.680321e-11
5.84467343e-07	1.703113e-11
5.85050955e-07	1.726676e-11
5.85635150e-07	1.756350e-11
5.86219928e-07	1.751375e-11
5.86805291e-07	1.729554e-11
5.87391238e-07	1.804997e-11
5.87977770e-07	1.813708e-11
5.88564887e-07	1.831396e-11
5.89152591e-07	1.723055e-11
5.89740882e-07	1.828054e-11
5.90329760e-07	1.807221e-11
5.90919226e-07	1.898508e-11
5.91509281e-07	1.935416e-11
5.92099925e-07	1.900032e-11
5.92691158e-07	1.960559e-11
5.93282982e-07	1.981549e-11
5.93875397e-07	1.997385e-11
5.94468404e-07	2.014120e-11
5.95062003e-07	2.029528e-11
5.95656194e-07	2.082206e-11
5.96250979e-07	2.092729e-11
5.96846358e-07	2.040381e-11
5.97442331e-07	2.133577e-11
5.98038899e-07	2.147269e-11
5.98636063e-07	2.200935e-11
5.99233823e-07	2.173132e-11
5.99832181e-07	2.237498e-11
6.00431135e-07	2.106439e-11
6.01030688e-07	2.275946e-11
6.01630839e-07	2.284384e-11
6.02231590e-07	2.295183e-11
6.02832941e-07	2.363853e-11
6.03434892e-07	2.400066e-11
6.04037444e-07	2.360891e-11
6.04640598e-07	2.362964e-11
6.05244354e-07	2.425773e-11
6.05848713e-07	2.451481e-11
6.06453675e-07	2.479822e-11
6.07059241e-07	2.543324e-11
6.07665413e-07	2.554900e-11
6.08272189e-07	2.617625e-11
6.08879571e-07	2.666020e-11
6.09487560e-07	2.679825e-11
6.10096156e-07	2.723506e-11
6.10705360e-07	2.688181e-11
6.11315172e-07	2.778499e-11
6.11925592e-07	2.805973e-11
6.12536623e-07	2.803234e-11
6.13148263e-07	2.880031e-11
6.13760515e-07	2.882010e-11
6.14373377e-07	2.847097e-11
6.14986852e-07	2.948140e-11
6.15600939e-07	2.993775e-11
6.16215639e-07	3.002331e-11
6.16830953e-07	2.967701e-11
6.17446882e-07	3.071535e-11
6.18063426e-07	3.105300e-11
6.18680585e-07	3.156555e-11
6.19298360e-07	3.147105e-11
6.19916753e-07	3.160109e-11
6.20535763e-07	3.236093e-11
6.21155390e-07	3.236865e-11
6.21775637e-07	3.345238e-11
6.22396503e-07	3.351136e-11
6.23017989e-07	3.408300e-11
6.23640096e-07	3.386375e-11
6.24262823e-07	3.445544e-11
6.24886173e-07	3.480999e-11
6.25510145e-07	3.536518e-11
6.26134740e-07	3.479367e-11
6.26759959e-07	3.516561e-11
6.27385802e-07	3.586530e-11
6.28012270e-07	3.579649e-11
6.28639363e-07	3.635470e-11
6.29267083e-07	3.785206e-11
6.29895429e-07	3.763606e-11
6.30524403e-07	3.753285e-11
6.31154005e-07	3.805976e-11
6.31784236e-07	3.838487e-11
6.32415096e-07	3.806520e-11
6.33046586e-07	3.787083e-11
6.33678706e-07	4.039903e-11
6.34311458e-07	4.068874e-11
6.34944842e-07	4.080808e-11
6.35578858e-07	4.156382e-11
6.36213507e-07	4.216888e-11
6.36848789e-07	4.237525e-11
6.37484706e-07	4.156304e-11
6.38121259e-07	4.241756e-11
6.38758446e-07	4.254326e-11
6.39396270e-07	4.393930e-11
6.40034731e-07	4.426737e-11
6.40673830e-07	4.435109e-11
6.41313566e-07	4.449072e-11
6.41953941e-07	4.518904e-11
6.42594956e-07	4.592490e-11
6.43236611e-07	4.503266e-11
6.43878907e-07	4.570554e-11
6.44521844e-07	4.414125e-11
6.45165423e-07	4.653612e-11
6.45809644e-07	4.716083e-11
6.46454509e-07	4.688122e-11
6.47100018e-07	4.536724e-11
6.47746171e-07	4.542781e-11
6.48392970e-07	4.758269e-11
6.49040414e-07	4.981618e-11
6.49688505e-07	4.920852e-11
6.50337243e-07	5.081264e-11
6.50986629e-07	5.070538e-11
6.51636663e-07	4.751458e-11
6.52287347e-07	4.932363e-11
6.52938680e-07	4.975529e-11
6.53590663e-07	5.165005e-11
6.54243298e-07	5.225788e-11
6.54896584e-07	5.353612e-11
6.55550522e-07	5.316231e-11
6.56205114e-07	5.156863e-11
6.56860359e-07	5.259925e-11
6.57516258e-07	5.123517e-11
6.58172813e-07	5.529204e-11
6.58830023e-07	4.233187e-11
6.59487889e-07	5.211984e-11
6.60146412e-07	5.585049e-11
6.60805592e-07	5.899537e-11
6.61465431e-07	5.739494e-11
6.62125929e-07	5.933399e-11
6.62787086e-07	4.326809e-11
6.63448904e-07	5.162102e-11
6.64111382e-07	6.067614e-11
6.64774522e-07	5.660373e-11
6.65438324e-07	6.082056e-11
6.66102789e-07	6.196758e-11
6.66767917e-07	6.022352e-11
6.67433710e-07	6.019685e-11
6.68100167e-07	6.271373e-11
6.68767290e-07	6.422935e-11
6.69435079e-07	6.520045e-11
6.70103534e-07	6.615105e-11
6.70772657e-07	6.407636e-11
6.71442449e-07	6.802197e-11
6.72112909e-07	6.622266e-11
6.72784039e-07	6.912823e-11
6.73455838e-07	6.974322e-11
6.74128309e-07	6.517520e-11
6.74801451e-07	6.524051e-11
6.75475265e-07	6.932769e-11
6.76149752e-07	7.256035e-11
6.76824913e-07	6.822395e-11
6.77500748e-07	7.217009e-11
6.78177257e-07	7.323620e-11
6.78854443e-07	7.308215e-11
6.79532304e-07	7.343673e-11
6.80210842e-07	7.522441e-11
6.80890058e-07	7.606367e-11
6.81569952e-07	7.432606e-11
6.82250525e-07	7.530061e-11
6.82931777e-07	7.925273e-11
6.83613710e-07	7.856430e-11
6.84296323e-07	7.952462e-11
6.84979619e-07	8.093753e-11
6.85663596e-07	7.966617e-11
6.86348257e-07	8.171139e-11
6.87033601e-07	8.244621e-11
6.87719629e-07	6.308144e-11
6.88406343e-07	7.837657e-11
6.89093742e-07	8.233538e-11
6.89781828e-07	8.182392e-11
6.90470600e-07	7.992393e-11
6.91160061e-07	7.618949e-11
6.91850210e-07	7.366103e-11
6.92541048e-07	6.277508e-11
6.93232576e-07	7.417590e-11
6.93924794e-07	7.891871e-11
6.94617704e-07	7.780861e-11
6.95311305e-07	8.004606e-11
6.96005599e-07	8.128644e-11
6.96700587e-07	8.171463e-11
6.97396268e-07	8.347588e-11
6.98092644e-07	8.525595e-11
6.98789716e-07	8.783533e-11
6.99487483e-07	8.932138e-11
7.00185947e-07	8.424397e-11
7.00885109e-07	8.557729e-11
7.01584968e-07	9.064062e-11
7.02285527e-07	8.838931e-11
7.02986785e-07	8.240079e-11
7.03688744e-07	8.883701e-11
7.04391403e-07	8.677628e-11
7.05094764e-07	8.543911e-11
7.05798827e-07	9.555318e-11
7.06503593e-07	9.406060e-11
7.07209063e-07	8.295149e-11
7.07915238e-07	9.372810e-11
7.08622117e-07	9.284394e-11
7.09329703e-07	8.321011e-11
7.10037995e-07	9.261368e-11
7.10746994e-07	8.732727e-11
7.11456701e-07	9.686916e-11
7.12167117e-07	8.359599e-11
7.12878242e-07	9.258621e-11
7.13590078e-07	9.222603e-11
7.14302624e-07	8.383849e-11
7.15015881e-07	9.162938e-11
7.15729851e-07	8.598698e-11
7.16444534e-07	8.214380e-11
7.17159931e-07	8.749705e-11
7.17876041e-07	8.503751e-11
7.18592867e-07	8.730923e-11
7.19310409e-07	8.668362e-11
7.20028667e-07	8.798407e-11
7.20747642e-07	8.476601e-11
7.21467335e-07	8.148809e-11
7.22187747e-07	9.032075e-11
7.22908878e-07	9.149919e-11
7.23630730e-07	8.008645e-11
7.24353302e-07	8.749803e-11
7.25076595e-07	9.150103e-11
7.25800611e-07	8.875367e-11
7.26525350e-07	9.046415e-11
7.27250813e-07	9.228935e-11
7.27976999e-07	9.741476e-11
7.28703911e-07	9.662767e-11
7.29431549e-07	9.083794e-11
7.30159914e-07	8.699156e-11
7.30889005e-07	9.049373e-11
7.31618825e-07	1.013588e-10
7.32349374e-07	9.145359e-11
7.33080652e-07	1.001454e-10
7.33812660e-07	1.020207e-10
7.34545399e-07	1.023649e-10
7.35278870e-07	1.016155e-10
7.36013073e-07	1.003300e-10
7.36748009e-07	8.667666e-11
7.37483680e-07	1.022893e-10
7.38220084e-07	1.011210e-10
7.38957224e-07	1.058663e-10
7.39695101e-07	1.147243e-10
7.40433714e-07	1.018575e-10
7.41173064e-07	1.052603e-10
7.41913153e-07	9.405784e-11
7.42653981e-07	1.088831e-10
7.43395548e-07	1.143657e-10
7.44137856e-07	7.224339e-11
7.44880905e-07	1.147654e-10
7.45624697e-07	8.983194e-11
7.46369230e-07	1.088417e-10
7.47114508e-07	1.052930e-10
7.47860529e-07	1.178931e-10
7.48607296e-07	1.115947e-10
7.49354808e-07	1.206461e-10
7.50103066e-07	1.196129e-10
7.50852072e-07	1.085385e-10
7.51601826e-07	1.133242e-10
7.52352328e-07	1.158045e-10
7.53103580e-07	1.137052e-10
7.53855582e-07	1.204254e-10
7.54608334e-07	1.245655e-10
7.55361839e-07	1.237153e-10
7.56116095e-07	1.240747e-10
7.56871105e-07	1.227713e-10
7.57626869e-07	1.270474e-10
7.58383388e-07	1.288956e-10
7.59140662e-07	1.221790e-10
7.59898692e-07	1.293970e-10
7.60657479e-07	1.275373e-10
7.61417023e-07	1.343716e-10
7.62177326e-07	1.384752e-10
7.62938389e-07	1.422792e-10
7.63700211e-07	1.437307e-10
7.64462794e-07	1.426379e-10
7.65226138e-07	1.342950e-10
7.65990245e-07	1.438314e-10
7.66755115e-07	1.447317e-10
7.67520748e-07	1.425666e-10
7.68287146e-07	1.495825e-10
7.69054309e-07	1.439506e-10
7.69822238e-07	1.410299e-10
7.70590934e-07	1.370733e-10
7.71360398e-07	1.471381e-10
7.72130630e-07	1.409097e-10
7.72901631e-07	1.579407e-10
7.73673402e-07	1.509291e-10
7.74445944e-07	1.562260e-10
7.75219257e-07	1.551897e-10
7.75993342e-07	1.593831e-10
7.76768200e-07	1.577086e-10
7.77543832e-07	1.543297e-10
7.78320238e-07	1.606967e-10
7.79097420e-07	1.501395e-10
7.79875377e-07	1.617778e-10
7.80654112e-07	1.667900e-10
7.81433624e-07	1.653975e-10
7.82213914e-07	1.676595e-10
7.82994984e-07	1.691493e-10
7.83776833e-07	1.583628e-10
7.84559463e-07	1.646229e-10
7.85342875e-07	1.691341e-10
7.86127069e-07	1.726546e-10
7.86912046e-07	1.610422e-10
7.87697807e-07	1.740550e-10
7.88484352e-07	1.708175e-10
7.89271683e-07	1.708829e-10
7.90059800e-07	1.728381e-10
7.90848704e-07	1.796029e-10
7.91638396e-07	1.808987e-10
7.92428876e-07	1.831905e-10
7.93220146e-07	1.839075e-10
7.94012205e-07	1.856544e-10
7.94805056e-07	1.843665e-10
7.95598698e-07	1.869154e-10
7.96393133e-07	1.820021e-10
7.97188361e-07	1.929539e-10
7.97984383e-07	1.875988e-10
7.98781200e-07	1.895414e-10
7.99578813e-07	1.909585e-10
8.00377222e-07	1.859093e-10
8.01176428e-07	1.941008e-10
8.01976433e-07	1.941883e-10
8.02777236e-07	1.958820e-10
8.03578839e-07	1.760998e-10
8.04381242e-07	1.865949e-10
8.05184446e-07	1.956461e-10
8.05988453e-07	1.843105e-10
8.06793262e-07	1.635013e-10
8.07598875e-07	1.561896e-10
8.08405293e-07	1.785964e-10
8.09212515e-07	1.683544e-10
8.10020544e-07	1.726208e-10
8.10829379e-07	1.702180e-10
8.11639023e-07	1.639603e-10
8.12449474e-07	1.601360e-10
8.13260735e-07	1.635996e-10
8.14072806e-07	1.852941e-10
8.14885688e-07	1.573531e-10
8.15699382e-07	1.618975e-10
8.16513888e-07	1.905800e-10
8.17329207e-07	1.930038e-10
8.18145341e-07	1.909556e-10
8.18962289e-07	1.883150e-10
8.19780053e-07	1.855953e-10
8.20598634e-07	1.861931e-10
8.21418032e-07	1.992079e-10
8.22238248e-07	2.047891e-10
8.23059284e-07	1.014621e-10
8.23881139e-07	1.915265e-10
8.24703815e-07	1.827465e-10
8.25527312e-07	2.018565e-10
8.26351632e-07	1.958170e-10
8.27176774e-07	2.046773e-10
8.28002741e-07	2.252615e-10
8.28829533e-07	1.882368e-10
8.29657150e-07	1.791588e-10
8.30485593e-07	2.179067e-10
8.31314864e-07	2.018725e-10
8.32144962e-07	2.292809e-10
8.32975890e-07	2.332144e-10
8.33807647e-07	2.156244e-10
8.34640235e-07	1.858966e-10
8.35473654e-07	1.658233e-10
8.36307906e-07	2.060837e-10
8.37142990e-07	2.119093e-10
8.37978908e-07	2.183246e-10
8.38815661e-07	1.948877e-10
8.39653250e-07	2.197842e-10
8.40491675e-07	2.049641e-10
8.41330937e-07	2.178980e-10
8.42171037e-07	2.183074e-10
8.43011976e-07	2.174503e-10
8.43853755e-07	2.252437e-10
8.44696374e-07	2.379113e-10
8.45539834e-07	2.252119e-10
8.46384137e-07	1.895020e-10
8.47229283e-07	2.313884e-10
8.48075273e-07	2.338267e-10
8.48922108e-07	2.425118e-10
8.49769788e-07	2.462628e-10
8.50618314e-07	2.398778e-10
8.51467688e-07	2.456120e-10
8.52317910e-07	2.466978e-10
8.53168981e-07	2.538660e-10
8.54020902e-07	2.548699e-10
8.54873674e-07	2.420598e-10
8.55727297e-07	2.253529e-10
8.56581772e-07	2.349526e-10
8.57437101e-07	2.489590e-10
8.58293284e-07	2.505467e-10
8.59150321e-07	2.640077e-10
8.60008215e-07	2.448209e-10
8.60866965e-07	2.683226e-10
8.61726572e-07	2.703505e-10
8.62587038e-07	2.652938e-10
8.63448363e-07	2.716754e-10
8.64310548e-07	2.773076e-10
8.65173595e-07	2.754984e-10
8.66037502e-07	2.748772e-10
8.66902273e-07	2.937952e-10
8.67767907e-07	2.749111e-10
8.68634405e-07	3.060553e-10
8.69501769e-07	2.805383e-10
8.70369999e-07	2.798921e-10
8.71239096e-07	2.506297e-10
8.72109060e-07	3.082760e-10
8.72979893e-07	3.066869e-10
8.73851596e-07	3.172740e-10
8.74724169e-07	3.108163e-10
8.75597614e-07	3.013929e-10
8.76471930e-07	3.145102e-10
8.77347120e-07	3.347450e-10
8.78223184e-07	3.020012e-10
8.79100122e-07	3.258062e-10
8.79977936e-07	3.293828e-10
8.80856627e-07	3.141189e-10
8.81736195e-07	3.158931e-10
8.82616641e-07	3.153161e-10
8.83497966e-07	3.004295e-10
8.84380172e-07	3.139484e-10
8.85263258e-07	3.316039e-10
8.86147226e-07	3.094974e-10
8.87032077e-07	2.982034e-10
8.87917812e-07	3.139692e-10
8.88804430e-07	3.065944e-10
8.89691935e-07	3.128614e-10
8.90580325e-07	3.224665e-10
8.91469602e-07	2.876711e-10
8.92359768e-07	2.908377e-10
8.93250822e-07	2.919401e-10
8.94142766e-07	3.166938e-10
8.95035601e-07	3.048106e-10
8.95929327e-07	2.995770e-10
8.96823946e-07	2.984088e-10
8.97719458e-07	2.329210e-10
8.98615864e-07	3.185301e-10
8.99513165e-07	3.247592e-10
9.00411362e-07	3.386761e-10
9.01310456e-07	3.360343e-10
9.02210448e-07	3.480828e-10
9.03111339e-07	3.211707e-10
9.04013129e-07	3.241914e-10
9.04915820e-07	3.361193e-10
9.05819412e-07	3.294857e-10
9.06723906e-07	3.621317e-10
9.07629303e-07	3.150237e-10
9.08535605e-07	3.748401e-10
9.09442811e-07	3.286382e-10
9.10350924e-07	3.607442e-10
9.11259943e-07	3.692044e-10
9.12169869e-07	3.463021e-10
9.13080705e-07	2.967392e-10
9.13992450e-07	3.628074e-10
9.14905105e-07	3.719866e-10
9.15818672e-07	1.889733e-10
9.16733151e-07	3.082252e-10
9.17648543e-07	2.829729e-10
9.18564849e-07	3.445016e-10
9.19482070e-07	3.194812e-10
9.20400207e-07	3.201337e-10
9.21319260e-07	3.236105e-10
9.22239232e-07	3.306851e-10
9.23160122e-07	2.734769e-10
9.24081931e-07	2.963332e-10
9.25004661e-07	3.721961e-10
9.25928313e-07	1.803657e-10
9.26852887e-07	3.378525e-10
9.27778384e-07	3.116989e-10
9.28704805e-07	1.696290e-10
9.29632151e-07	2.888860e-10
9.30560423e-07	3.484169e-10
9.31489622e-07	3.562966e-10
9.32419749e-07	1.958443e-10
9.33350805e-07	2.058365e-10
9.34282790e-07	3.021214e-10
9.35215706e-07	3.360786e-10
9.36149554e-07	3.423421e-10
9.37084334e-07	3.581927e-10
9.38020047e-07	1.327040e-10
9.38956695e-07	2.434621e-10
9.39894278e-07	3.280588e-10
9.40832797e-07	3.716654e-10
9.41772253e-07	1.816210e-10
9.42712648e-07	3.064108e-10
9.43653981e-07	2.408662e-10
9.44596255e-07	2.791202e-10
9.45539469e-07	3.521469e-10
9.46483625e-07	3.677769e-10
9.47428724e-07	2.854637e-10
9.48374767e-07	3.538132e-10
9.49321755e-07	3.405159e-10
9.50269687e-07	3.515998e-10
9.51218567e-07	3.777898e-10
9.52168394e-07	3.369291e-10
9.53119169e-07	3.230068e-10
9.54070894e-07	3.889041e-10
9.55023569e-07	3.837080e-10
9.55977196e-07	3.285898e-10
9.56931774e-07	2.402493e-10
9.57887306e-07	3.799759e-10
9.58843792e-07	3.884404e-10
9.59801233e-07	3.316720e-10
9.60759630e-07	2.643974e-10
9.61718984e-07	3.836881e-10
9.62679296e-07	2.528696e-10
9.63640567e-07	2.183425e-10
9.64602798e-07	3.986727e-10
9.65565990e-07	3.785375e-10
9.66530143e-07	4.065829e-10
9.67495259e-07	3.772004e-10
9.68461339e-07	2.944615e-10
9.69428384e-07	3.408253e-10
9.70396394e-07	4.320314e-10
9.71365371e-07	4.192454e-10
9.72335315e-07	4.096052e-10
9.73306228e-07	3.674584e-10
9.74278110e-07	2.412839e-10
9.75250963e-07	3.040854e-10
9.76224787e-07	4.301500e-10
9.77199584e-07	4.062406e-10
9.78175354e-07	3.931920e-10
9.79152098e-07	3.879851e-10
9.80129818e-07	4.438633e-10
9.81108514e-07	4.176442e-10
9.82088187e-07	4.111270e-10
9.83068838e-07	4.193758e-10
9.84050469e-07	4.073784e-10
9.85033080e-07	3.738758e-10
9.86016672e-07	3.942557e-10
9.87001246e-07	4.386312e-10
9.87986804e-07	3.963910e-10
9.88973345e-07	4.296524e-10
9.89960871e-07	4.219164e-10
9.90949384e-07	4.360584e-10
9.91938884e-07	4.308384e-10
9.92929371e-07	4.486598e-10
9.93920848e-07	4.739357e-10
9.94913315e-07	4.631953e-10
9.95906773e-07	4.411801e-10
9.96901223e-07	4.427976e-10
9.97896665e-07	4.835350e-10
9.98893102e-07	4.862254e-10
9.99890534e-07	4.893483e-10
1.00088896e-06	4.121177e-10
1.00188839e-06	4.209582e-10
1.00288881e-06	4.732704e-10
1.00389023e-06	5.008446e-10
1.00489265e-06	4.812275e-10
1.00589607e-06	4.697091e-10
1.00690050e-06	5.087629e-10
1.00790593e-06	4.959644e-10
1.00891236e-06	5.137154e-10
1.00991979e-06	5.228562e-10
1.01092824e-06	4.662072e-10
1.01193769e-06	5.149664e-10
1.01294814e-06	5.079227e-10
1.01395961e-06	5.207314e-10
1.01497209e-06	5.305692e-10
1.01598557e-06	5.244880e-10
1.01700007e-06	5.287259e-10
1.01801558e-06	5.281452e-10
1.01903211e-06	5.462918e-10
1.02004965e-06	4.836266e-10
1.02106821e-06	5.498674e-10
1.02208778e-06	5.554436e-10
1.02310838e-06	5.264559e-10
1.02412999e-06	5.433324e-10
1.02515262e-06	5.561869e-10
1.02617627e-06	5.403442e-10
1.02720095e-06	5.646932e-10
1.02822665e-06	5.571285e-10
1.02925337e-06	5.601908e-10
1.03028112e-06	5.584318e-10
1.03130989e-06	5.739709e-10
1.03233969e-06	5.693399e-10
1.03337052e-06	5.769381e-10
1.03440238e-06	5.931531e-10
1.03543527e-06	5.906422e-10
1.03646919e-06	5.957653e-10
1.03750414e-06	5.787766e-10
1.03854013e-06	5.939822e-10
1.03957715e-06	5.991460e-10
1.04061521e-06	6.051177e-10
1.04165430e-06	5.963004e-10
1.04269443e-06	5.943341e-10
1.04373560e-06	6.021664e-10
1.04477781e-06	6.032898e-10
1.04582106e-06	6.133110e-10
1.04686535e-06	5.818073e-10
1.04791068e-06	5.998783e-10
1.04895706e-06	6.147553e-10
1.05000448e-06	6.091694e-10
1.05105295e-06	6.097596e-10
1.05210246e-06	6.222276e-10
1.05315303e-06	6.409170e-10
1.05420464e-06	6.427095e-10
1.05525730e-06	6.474626e-10
1.05631102e-06	6.406753e-10
1.05736578e-06	6.496066e-10
1.05842160e-06	6.545008e-10
1.05947847e-06	6.335806e-10
1.06053640e-06	6.404008e-10
1.06159539e-06	6.597325e-10
1.06265543e-06	6.596140e-10
1.06371653e-06	6.595311e-10
1.06477869e-06	6.686986e-10
1.06584191e-06	6.610627e-10
1.06690619e-06	6.551493e-10
1.06797154e-06	6.715262e-10
1.06903795e-06	6.466131e-10
1.07010542e-06	6.779190e-10
1.07117396e-06	6.582479e-10
1.07224357e-06	6.867558e-10
1.07331424e-06	6.885224e-10
1.07438599e-06	7.003487e-10
1.07545880e-06	6.964908e-10
1.07653269e-06	6.738050e-10
1.07760765e-06	6.787285e-10
1.07868368e-06	5.995888e-10
1.07976078e-06	6.891596e-10
1.08083896e-06	7.025553e-10
1.08191822e-06	6.996742e-10
1.08299856e-06	7.148582e-10
1.08407997e-06	7.111622e-10
1.08516247e-06	7.035447e-10
1.08624604e-06	6.877882e-10
1.08733070e-06	6.876883e-10
1.08841644e-06	7.048370e-10
1.08950326e-06	6.801148e-10
1.09059117e-06	7.135969e-10
1.09168017e-06	5.315718e-10
1.09277025e-06	5.334365e-10
1.09386142e-06	5.479241e-10
1.09495368e-06	5.566438e-10
1.09604703e-06	4.272145e-10
1.09714148e-06	5.917266e-10
1.09823701e-06	6.909501e-10
1.09933364e-06	7.032009e-10
1.10043137e-06	5.585681e-10
1.10153019e-06	5.900078e-10
1.10263011e-06	6.154449e-10
1.10373113e-06	7.383686e-10
1.10483324e-06	6.745664e-10
1.10593646e-06	5.503916e-10
1.10704078e-06	6.962161e-10
1.10814620e-06	6.776927e-10
1.10925273e-06	6.667718e-10
1.11036036e-06	3.342490e-10
1.11146909e-06	6.635913e-10
1.11257893e-06	7.000060e-10
1.11368989e-06	6.977313e-10
1.11480195e-06	3.950667e-10
1.11591512e-06	6.954321e-10
1.11702940e-06	5.055759e-10
1.11814480e-06	7.070433e-10
1.11926130e-06	4.188566e-10
1.12037893e-06	2.827237e-10
1.12149767e-06	7.355945e-10
1.12261752e-06	7.427654e-10
1.12373850e-06	7.088263e-10
1.12486059e-06	7.004531e-10
1.12598381e-06	7.063243e-10
1.12710815e-06	7.216988e-10
1.12823361e-06	4.173571e-10
1.12936019e-06	3.705533e-10
1.13048790e-06	7.004633e-10
1.13161673e-06	5.847386e-10
1.13274669e-06	7.729951e-10
1.13387778e-06	7.603745e-10
1.13501000e-06	6.580731e-10
1.13614335e-06	6.924952e-10
1.13727783e-06	7.140640e-10
1.13841345e-06	7.928928e-10
1.13955019e-06	7.959826e-10
1.14068808e-06	7.626525e-10
1.14182710e-06	6.250023e-10
1.14296725e-06	7.000192e-10
1.14410855e-06	4.252687e-10
1.14525098e-06	7.148502e-10
1.14639456e-06	5.465767e-10
1.14753928e-06	6.752538e-10
1.14868514e-06	5.598197e-10
1.14983214e-06	4.484236e-10
1.15098029e-06	6.109600e-10
1.15212959e-06	8.017004e-10
1.15328003e-06	4.727513e-10
1.15443162e-06	5.644237e-10
1.15558437e-06	6.274044e-10
1.15673826e-06	7.938329e-10
1.15789331e-06	6.543504e-10
1.15904951e-06	7.579252e-10
1.16020686e-06	7.197745e-10
1.16136537e-06	7.292380e-10
1.16252504e-06	3.343697e-10
1.16368586e-06	3.366757e-10
1.16484784e-06	6.414275e-10
1.16601099e-06	7.649788e-10
1.16717529e-06	6.713618e-10
1.16834076e-06	3.720414e-10
1.16950739e-06	4.036275e-10
1.17067519e-06	6.229867e-10
1.17184415e-06	8.299078e-10
1.17301428e-06	7.781490e-10
1.17418558e-06	7.270412e-10
1.17535805e-06	8.168220e-10
1.17653168e-06	6.681421e-10
1.17770650e-06	6.675747e-10
1.17888248e-06	5.963279e-10
1.18005964e-06	5.757430e-10
1.18123797e-06	7.401436e-10
1.18241748e-06	3.598612e-10
1.18359817e-06	6.559464e-10
1.18478003e-06	7.094424e-10
1.18596308e-06	4.628387e-10
1.18714731e-06	9.063708e-10
1.18833272e-06	8.344657e-10
1.18951931e-06	6.153679e-10
1.19070709e-06	6.614610e-10
1.19189606e-06	7.911237e-10
1.19308621e-06	9.110653e-10
1.19427755e-06	8.295025e-10
1.19547008e-06	9.200156e-10
1.19666380e-06	8.961559e-10
1.19785872e-06	8.890009e-10
1.19905482e-06	6.963646e-10
1.20025212e-06	9.441216e-10
1.20145062e-06	9.049203e-10
1.20265031e-06	8.788937e-10
1.20385120e-06	9.933047e-10
1.20505329e-06	8.616413e-10
1.20625658e-06	8.367275e-10
1.20746108e-06	9.468842e-10
1.20866677e-06	9.565062e-10
1.20987367e-06	6.583419e-10
1.21108177e-06	9.388288e-10
1.21229108e-06	8.470776e-10
1.21350160e-06	9.428430e-10
1.21471333e-06	9.891288e-10
1.21592626e-06	8.309532e-10
1.21714041e-06	9.615501e-10
1.21835577e-06	9.824376e-10
1.21957234e-06	1.046528e-09
1.22079013e-06	8.753508e-10
1.22200914e-06	1.020501e-09
1.22322936e-06	9.404892e-10
1.22445080e-06	1.021071e-09
1.22567346e-06	9.729925e-10
1.22689734e-06	9.785629e-10
1.22812244e-06	1.012964e-09
1.22934876e-06	9.576902e-10
1.23057631e-06	9.337334e-10
1.23180509e-06	8.958116e-10
1.23303509e-06	1.032946e-09
1.23426633e-06	9.837845e-10
1.23549879e-06	9.864173e-10
1.23673248e-06	9.272645e-10
1.23796740e-06	1.036100e-09
1.23920356e-06	1.065098e-09
1.24044095e-06	1.020479e-09
1.24167957e-06	1.092108e-09
1.24291944e-06	9.956525e-10
1.24416054e-06	1.046938e-09
1.24540288e-06	1.123361e-09
1.24664646e-06	1.122640e-09
1.24789128e-06	1.119188e-09
1.24913735e-06	1.126191e-09
1.25038466e-06	1.147872e-09
1.25163321e-06	1.124787e-09
1.25288301e-06	1.155323e-09
1.25413407e-06	1.146792e-09
1.25538636e-06	9.995338e-10
1.25663991e-06	1.149136e-09
1.25789472e-06	1.105918e-09
1.25915077e-06	1.178802e-09
1.26040808e-06	1.047282e-09
1.26166664e-06	1.155234e-09
1.26292646e-06	1.197281e-09
1.26418754e-06	1.188514e-09
1.26544988e-06	1.178013e-09
1.26671348e-06	1.204711e-09
1.26797834e-06	1.226400e-09
1.26924446e-06	1.180002e-09
1.27051185e-06	8.546425e-10
1.27178050e-06	1.220361e-09
1.27305042e-06	1.162654e-09
1.27432161e-06	1.249530e-09
1.27559407e-06	1.207594e-09
1.27686780e-06	1.188048e-09
1.27814280e-06	1.237511e-09
1.27941907e-06	1.158791e-09
1.28069662e-06	1.183935e-09
1.28197544e-06	1.156377e-09
1.28325554e-06	9.124886e-10
1.28453692e-06	1.185309e-09
1.28581958e-06	1.238770e-09
1.28710351e-06	1.263603e-09
1.28838874e-06	1.253250e-09
1.28967524e-06	1.099917e-09
1.29096303e-06	1.250588e-09
1.29225210e-06	1.237296e-09
1.29354246e-06	1.298673e-09
1.29483411e-06	1.124047e-09
1.29612705e-06	1.243180e-09
1.29742128e-06	1.229729e-09
1.29871681e-06	1.292694e-09
1.30001362e-06	1.321246e-09
1.30131174e-06	1.230209e-09
1.30261114e-06	1.239857e-09
1.30391185e-06	1.230011e-09
1.30521385e-06	1.282319e-09
1.30651716e-06	1.236297e-09
1.30782176e-06	1.238968e-09
1.30912767e-06	7.462259e-10
1.31043489e-06	1.059705e-09
1.31174340e-06	9.154436e-10
1.31305323e-06	1.294097e-09
1.31436436e-06	1.244900e-09
1.31567680e-06	1.296668e-09
1.31699055e-06	1.014162e-09
1.31830562e-06	1.240573e-09
1.31962199e-06	1.169029e-09
1.32093969e-06	1.150679e-09
1.32225869e-06	1.254709e-09
1.32357902e-06	1.249204e-09
1.32490066e-06	1.226179e-09
1.32622362e-06	9.935569e-10
1.32754791e-06	1.379111e-09
1.32887351e-06	9.960552e-10
1.33020044e-06	8.696223e-10
1.33152870e-06	1.258146e-09
1.33285828e-06	7.847620e-10
1.33418918e-06	1.034252e-09
1.33552142e-06	1.035007e-09
1.33685499e-06	8.061087e-10
1.33818989e-06	7.454733e-10
1.33952612e-06	1.021690e-09
1.34086369e-06	1.036842e-09
1.34220259e-06	1.238997e-09
1.34354283e-06	5.927973e-10
1.34488441e-06	4.923421e-10
1.34622732e-06	1.107061e-09
1.34757158e-06	7.388531e-10
1.34891718e-06	8.875821e-10
1.35026412e-06	6.087939e-10
1.35161241e-06	5.450744e-10
1.35296205e-06	7.468892e-10
1.35431303e-06	6.415269e-10
1.35566536e-06	5.552134e-10
1.35701905e-06	7.870699e-10
1.35837408e-06	5.287068e-10
1.35973047e-06	7.501319e-10
1.36108821e-06	5.131365e-10
1.36244730e-06	6.360686e-10
1.36380776e-06	8.933743e-10
1.36516957e-06	8.774049e-10
1.36653274e-06	7.303644e-10
1.36789728e-06	6.842641e-10
1.36926317e-06	6.269622e-10
1.37063043e-06	6.436874e-10
1.37199906e-06	8.607861e-10
1.37336905e-06	9.310464e-10
1.37474041e-06	8.202099e-10
1.37611314e-06	6.637056e-10
1.37748724e-06	1.109107e-09
1.37886271e-06	7.374754e-10
1.38023956e-06	7.019589e-10
1.38161778e-06	9.961844e-10
1.38299737e-06	7.673055e-10
1.38437835e-06	6.551761e-10
1.38576070e-06	6.266119e-10
1.38714443e-06	8.198618e-10
1.38852955e-06	9.659363e-10
1.38991605e-06	5.608512e-10
1.39130393e-06	9.282826e-10
1.39269320e-06	5.879372e-10
1.39408385e-06	1.043636e-09
1.39547590e-06	7.847995e-10
1.39686933e-06	7.298293e-10
1.39826416e-06	8.796500e-10
1.39966038e-06	5.807713e-10
1.40105799e-06	5.921248e-10
1.40245700e-06	9.518160e-10
1.40385740e-06	9.483160e-10
1.40525921e-06	6.208544e-10
1.40666241e-06	5.918419e-10
1.40806702e-06	9.249683e-10
1.40947302e-06	8.379451e-10
1.41088043e-06	6.664077e-10
1.41228925e-06	8.633993e-10
1.41369947e-06	7.225484e-10
1.41511110e-06	9.197147e-10
1.41652415e-06	1.094585e-09
1.41793860e-06	7.696807e-10
1.41935446e-06	7.109782e-10
1.42077174e-06	5.945296e-10
1.42219043e-06	6.891790e-10
1.42361054e-06	6.272064e-10
1.42503207e-06	7.482314e-10
1.42645502e-06	9.345265e-10
1.42787939e-06	7.606177e-10
1.42930518e-06	6.628298e-10
1.43073239e-06	9.070109e-10
1.43216103e-06	6.793751e-10
1.43359110e-06	8.836839e-10
1.43502259e-06	8.844531e-10
1.43645551e-06	7.769252e-10
1.43788987e-06	8.165676e-10
1.43932565e-06	9.124515e-10
1.44076287e-06	8.315202e-10
1.44220153e-06	8.770072e-10
1.44364162e-06	1.062404e-09
1.44508315e-06	7.593781e-10
1.44652612e-06	9.412618e-10
1.44797053e-06	7.918730e-10
1.44941638e-06	9.813347e-10
1.45086368e-06	7.002694e-10
1.45231242e-06	9.549510e-10
1.45376261e-06	7.624184e-10
1.45521424e-06	9.707164e-10
1.45666733e-06	6.427313e-10
1.45812186e-06	6.900685e-10
1.45957785e-06	7.038983e-10
1.46103529e-06	1.005498e-09
1.46249419e-06	7.781566e-10
1.46395455e-06	7.389328e-10
1.46541636e-06	1.125118e-09
1.46687963e-06	7.792005e-10
1.46834437e-06	8.919498e-10
1.46981056e-06	9.777478e-10
1.47127822e-06	9.880005e-10
1.47274735e-06	1.157470e-09
1.47421794e-06	7.400739e-10
1.47569000e-06	7.305203e-10
1.47716353e-06	9.027673e-10
1.47863854e-06	7.179725e-10
1.48011501e-06	8.398430e-10
1.48159296e-06	9.828402e-10
1.48307239e-06	1.246405e-09
1.48455329e-06	7.855499e-10
1.48603567e-06	8.626485e-10
1.48751953e-06	1.128633e-09
1.48900488e-06	1.142802e-09
1.49049170e-06	8.652138e-10
1.49198001e-06	1.073094e-09
1.49346981e-06	7.631529e-10
1.49496110e-06	1.332895e-09
1.49645387e-06	7.829921e-10
1.49794813e-06	1.256374e-09
1.49944389e-06	1.192851e-09
1.50094114e-06	9.904769e-10
1.50243989e-06	9.970441e-10
1.50394013e-06	9.545891e-10
1.50544187e-06	1.055600e-09
1.50694511e-06	9.488393e-10
1.50844985e-06	1.118985e-09
1.50995609e-06	1.019115e-09
1.51146384e-06	9.843909e-10
1.51297309e-06	1.317285e-09
1.51448385e-06	1.023150e-09
1.51599612e-06	1.304274e-09
1.51750990e-06	9.240156e-10
1.51902519e-06	8.308889e-10
1.52054199e-06	1.134405e-09
1.52206031e-06	9.381696e-10
1.52358014e-06	1.040806e-09
1.52510149e-06	1.047317e-09
1.52662436e-06	1.431368e-09
1.52814875e-06	1.010409e-09
1.52967467e-06	1.588287e-09
1.53120210e-06	8.259920e-10
1.53273107e-06	1.231163e-09
1.53426156e-06	9.512725e-10
1.53579357e-06	1.131097e-09
1.53732712e-06	8.367043e-10
1.53886220e-06	1.157342e-09
1.54039881e-06	1.342704e-09
1.54193695e-06	1.259542e-09
1.54347663e-06	1.346587e-09
1.54501785e-06	1.604964e-09
1.54656061e-06	9.856316e-10
1.54810491e-06	1.388661e-09
1.54965075e-06	1.222058e-09
1.55119813e-06	1.369905e-09
1.55274706e-06	1.361587e-09
1.55429754e-06	1.487960e-09
1.55584956e-06	1.429721e-09
1.55740313e-06	1.199827e-09
1.55895826e-06	1.432137e-09
1.56051494e-06	1.537381e-09
1.56207317e-06	1.505098e-09
1.56363296e-06	1.545706e-09
1.56519430e-06	1.149203e-09
1.56675721e-06	1.502502e-09
1.56832167e-06	1.475638e-09
1.56988770e-06	1.549475e-09
1.57145529e-06	1.377809e-09
1.57302445e-06	1.091617e-09
1.57459517e-06	1.512612e-09
1.57616746e-06	1.428914e-09
1.57774132e-06	1.655312e-09
1.57931676e-06	1.662886e-09
1.58089376e-06	1.685768e-09
1.58247234e-06	1.111720e-09
1.58405250e-06	1.465042e-09
1.58563424e-06	1.597427e-09
1.58721755e-06	1.458007e-09
1.58880245e-06	1.772807e-09
1.59038892e-06	1.167960e-09
1.59197699e-06	1.464758e-09
1.59356663e-06	1.745169e-09
1.59515787e-06	1.844515e-09
1.59675069e-06	1.679434e-09
1.59834511e-06	1.446395e-09
1.59994111e-06	1.656955e-09
1.60153872e-06	1.659525e-09
1.60313791e-06	1.574833e-09
1.60473870e-06	1.900063e-09
1.60634109e-06	1.724817e-09
1.60794509e-06	1.808704e-09
1.60955068e-06	1.788302e-09
1.61115787e-06	1.763372e-09
1.61276668e-06	1.740065e-09
1.61437708e-06	1.852326e-09
1.61598910e-06	1.725439e-09
1.61760272e-06	1.825180e-09
1.61921796e-06	1.688862e-09
1.62083481e-06	1.855811e-09
1.62245327e-06	1.782493e-09
1.62407335e-06	1.716853e-09
1.62569505e-06	1.834645e-09
1.62731837e-06	1.793098e-09
1.62894330e-06	1.940453e-09
1.63056986e-06	1.880880e-09
1.63219805e-06	1.086046e-09
1.63382786e-06	1.920462e-09
1.63545930e-06	1.790074e-09
1.63709236e-06	1.831717e-09
1.63872706e-06	1.858365e-09
1.64036339e-06	1.773783e-09
1.64200135e-06	2.102400e-09
1.64364095e-06	1.959147e-09
1.64528219e-06	1.875826e-09
1.64692506e-06	1.983992e-09
1.64856958e-06	1.924774e-09
1.65021574e-06	1.992476e-09
1.65186354e-06	1.873730e-09
1.65351299e-06	2.022369e-09
1.65516408e-06	2.009960e-09
1.65681682e-06	2.047923e-09
1.65847122e-06	1.999283e-09
1.66012726e-06	1.989387e-09
1.66178496e-06	1.944143e-09
1.66344431e-06	2.031642e-09
1.66510532e-06	2.054819e-09
1.66676799e-06	1.924539e-09
1.66843232e-06	2.027911e-09
1.67009831e-06	1.675930e-09
1.67176597e-06	1.709216e-09
1.67343529e-06	2.033827e-09
1.67510628e-06	1.964834e-09
1.67677893e-06	2.032292e-09
1.67845326e-06	1.752976e-09
1.68012926e-06	2.046784e-09
1.68180693e-06	2.211195e-09
1.68348627e-06	1.873500e-09
1.68516730e-06	1.915617e-09
1.68685000e-06	1.516449e-09
1.68853438e-06	2.072252e-09
1.69022045e-06	2.107954e-09
1.69190819e-06	1.764790e-09
1.69359763e-06	2.167662e-09
1.69528875e-06	1.671057e-09
1.69698156e-06	1.991037e-09
1.69867605e-06	2.133897e-09
1.70037225e-06	1.886339e-09
1.70207013e-06	2.062491e-09
1.70376971e-06	1.728178e-09
1.70547099e-06	1.982177e-09
1.70717396e-06	2.000626e-09
1.70887864e-06	2.041189e-09
1.71058502e-06	2.190022e-09
1.71229310e-06	2.034838e-09
1.71400289e-06	1.833004e-09
1.71571438e-06	1.652253e-09
1.71742759e-06	1.583014e-09
1.71914250e-06	1.690202e-09
1.72085913e-06	1.492952e-09
1.72257747e-06	1.629325e-09
1.72429753e-06	2.112112e-09
1.72601931e-06	2.013070e-09
1.72774280e-06	1.667079e-09
1.72946801e-06	1.501158e-09
1.73119495e-06	1.878391e-09
1.73292362e-06	1.832373e-09
1.73465400e-06	1.627404e-09
1.73638612e-06	1.917328e-09
1.73811997e-06	1.766723e-09
1.73985554e-06	1.359894e-09
1.74159285e-06	1.910316e-09
1.74333190e-06	1.905415e-09
1.74507268e-06	1.416519e-09
1.74681520e-06	1.046714e-09
1.74855946e-06	2.092293e-09
1.75030546e-06	1.139662e-09
1.75205321e-06	1.165114e-09
1.75380270e-06	1.590346e-09
1.75555393e-06	1.085649e-09
1.75730692e-06	1.219941e-09
1.75906165e-06	2.012984e-09
1.76081814e-06	1.876471e-09
1.76257638e-06	1.903284e-09
1.76433638e-06	1.747716e-09
1.76609814e-06	1.855776e-09
1.76786165e-06	1.066246e-09
1.76962693e-06	2.035643e-09
1.77139397e-06	1.675879e-09
1.77316277e-06	1.402739e-09
1.77493334e-06	1.435649e-09
1.77670567e-06	1.559681e-09
1.77847978e-06	1.250134e-09
1.78025566e-06	1.540415e-09
1.78203331e-06	1.255436e-09
1.78381274e-06	1.449004e-09
1.78559394e-06	1.832668e-09
1.78737692e-06	1.771435e-09
1.78916168e-06	1.580384e-09
1.79094823e-06	1.430488e-09
1.79273655e-06	1.327467e-09
1.79452667e-06	1.973571e-09
1.79631857e-06	1.101923e-09
1.79811226e-06	1.434987e-09
1.79990774e-06	1.765126e-09
1.80170502e-06	1.296054e-09
1.80350409e-06	1.262385e-09
1.80530495e-06	1.614982e-09
1.80710762e-06	1.208381e-09
1.80891208e-06	1.239086e-09
1.81071835e-06	1.157037e-09
1.81252641e-06	1.150012e-09
1.81433629e-06	1.424906e-09
1.81614797e-06	1.907045e-09
1.81796146e-06	1.399900e-09
1.81977676e-06	1.440218e-09
1.82159388e-06	1.351388e-09
1.82341281e-06	1.218023e-09
1.82523355e-06	1.460435e-09
1.82705612e-06	1.498599e-09
1.82888050e-06	1.156013e-09
1.83070670e-06	1.534192e-09
1.83253473e-06	1.172116e-09
1.83436459e-06	1.904417e-09
1.83619627e-06	1.176912e-09
1.83802978e-06	1.616963e-09
1.83986512e-06	1.161642e-09
1.84170229e-06	1.858764e-09
1.84354130e-06	1.218348e-09
1.84538214e-06	1.733749e-09
1.84722483e-06	1.200677e-09
1.84906935e-06	1.947506e-09
1.85091571e-06	1.684286e-09
1.85276392e-06	2.017232e-09
1.85461397e-06	1.609094e-09
1.85646588e-06	1.450423e-09
1.85831963e-06	1.545754e-09
1.86017523e-06	1.443912e-09
1.86203268e-06	1.479010e-09
1.86389199e-06	1.708883e-09
1.86575315e-06	1.662443e-09
1.86761618e-06	1.423972e-09
1.86948106e-06	1.861932e-09
1.87134781e-06	1.498080e-09
1.87321642e-06	1.488190e-09
1.87508689e-06	1.797640e-09
1.87695924e-06	1.727150e-09
1.87883345e-06	1.672310e-09
1.88070954e-06	1.947864e-09
1.88258749e-06	1.835502e-09
1.88446733e-06	1.802757e-09
1.88634904e-06	2.118342e-09
1.88823263e-06	1.656307e-09
1.89011810e-06	1.363062e-09
1.89200545e-06	1.792214e-09
1.89389469e-06	1.233394e-09
1.89578581e-06	2.029409e-09
1.89767882e-06	1.671355e-09
1.89957373e-06	1.775363e-09
1.90147052e-06	1.249696e-09
1.90336921e-06	1.354595e-09
1.90526980e-06	1.648207e-09
1.90717228e-06	1.322698e-09
1.90907666e-06	1.918984e-09
1.91098294e-06	1.653981e-09
1.91289113e-06	1.443086e-09
1.91480122e-06	1.949771e-09
1.91671322e-06	1.619736e-09
1.91862713e-06	1.817377e-09
1.92054295e-06	1.902927e-09
1.92246069e-06	1.538098e-09
1.92438033e-06	1.906752e-09
1.92630190e-06	1.555643e-09
1.92822538e-06	1.724658e-09
1.93015079e-06	1.933146e-09
1.93207812e-06	1.998510e-09
1.93400737e-06	1.602080e-09
1.93593855e-06	1.780460e-09
1.93787165e-06	1.653074e-09
1.93980669e-06	1.315912e-09
1.94174366e-06	2.057488e-09
1.94368256e-06	1.737084e-09
1.94562340e-06	1.771118e-09
1.94756618e-06	1.544115e-09
1.94951089e-06	1.739464e-09
1.95145755e-06	1.885192e-09
1.95340615e-06	1.301692e-09
1.95535670e-06	1.662059e-09
1.95730920e-06	1.583788e-09
1.95926364e-06	2.031613e-09
1.96122004e-06	1.760635e-09
1.96317839e-06	1.844515e-09
1.96513870e-06	1.470825e-09
1.96710096e-06	1.799980e-09
1.96906519e-06	1.856952e-09
1.97103137e-06	1.651699e-09
1.97299952e-06	1.553587e-09
1.97496963e-06	1.878682e-09
1.97694171e-06	1.705234e-09
1.97891576e-06	2.198505e-09
1.98089178e-06	1.818878e-09
1.98286978e-06	1.510209e-09
1.98484975e-06	1.489902e-09
1.98683169e-06	1.516891e-09
1.98881562e-06	2.110984e-09
1.99080152e-06	1.358950e-09
1.99278941e-06	1.527304e-09
1.99477929e-06	1.907868e-09
1.99677115e-06	1.570128e-09
1.99876500e-06	2.005036e-09
2.00076084e-06	2.040808e-09
2.00275867e-06	1.900149e-09
2.00475850e-06	1.849221e-09
2.00676033e-06	2.122019e-09
2.00876415e-06	1.348920e-09
2.01076998e-06	1.555019e-09
2.01277780e-06	1.936749e-09
2.01478764e-06	1.744364e-09
2.01679948e-06	1.471208e-09
2.01881333e-06	1.367381e-09
2.02082919e-06	1.880929e-09
2.02284706e-06	1.796996e-09
2.02486695e-06	1.540617e-09
2.02688885e-06	1.791759e-09
2.02891278e-06	1.657299e-09
2.03093872e-06	1.580303e-09
2.03296669e-06	1.675512e-09
2.03499668e-06	1.729785e-09
2.03702870e-06	1.881950e-09
2.03906275e-06	1.694935e-09
2.04109883e-06	1.866778e-09
2.04313694e-06	1.816014e-09
2.04517709e-06	2.165599e-09
2.04721927e-06	1.808300e-09
2.04926350e-06	2.096807e-09
2.05130976e-06	2.068294e-09
2.05335807e-06	1.573532e-09
2.05540843e-06	2.219685e-09
2.05746083e-06	1.971936e-09
2.05951528e-06	2.094853e-09
2.06157178e-06	1.571397e-09
2.06363034e-06	1.991150e-09
2.06569095e-06	2.108641e-09
2.06775362e-06	1.550283e-09
2.06981835e-06	2.284293e-09
2.07188514e-06	2.028053e-09
2.07395399e-06	2.003001e-09
2.07602491e-06	1.919102e-09
2.07809790e-06	2.076939e-09
2.08017296e-06	2.081503e-09
2.08225009e-06	2.289357e-09
2.08432929e-06	1.793577e-09
2.08641057e-06	1.686797e-09
2.08849393e-06	1.779897e-09
2.09057937e-06	1.872374e-09
2.09266689e-06	2.275617e-09
2.09475649e-06	1.862866e-09
2.09684818e-06	1.871085e-09
2.09894197e-06	2.069168e-09
2.10103784e-06	1.956479e-09
2.10313580e-06	2.144896e-09
2.10523586e-06	2.155740e-09
2.10733802e-06	1.893523e-09
2.10944227e-06	2.282097e-09
2.11154863e-06	1.809843e-09
2.11365709e-06	2.051414e-09
2.11576765e-06	2.242336e-09
2.11788032e-06	2.209477e-09
2.11999511e-06	1.914192e-09
2.12211200e-06	2.285495e-09
2.12423101e-06	2.367740e-09
2.12635213e-06	2.186230e-09
2.12847537e-06	1.778799e-09
2.13060073e-06	2.107275e-09
2.13272822e-06	2.202993e-09
2.13485783e-06	2.164222e-09
2.13698956e-06	1.924212e-09
2.13912342e-06	2.336433e-09
2.14125942e-06	2.054668e-09
2.14339754e-06	1.781409e-09
2.14553781e-06	2.355013e-09
2.14768021e-06	2.433580e-09
2.14982474e-06	1.963804e-09
2.15197142e-06	2.280362e-09
2.15412025e-06	2.199600e-09
2.15627122e-06	2.404073e-09
2.15842433e-06	2.485455e-09
2.16057960e-06	2.013336e-09
2.16273702e-06	2.416619e-09
2.16489659e-06	2.284203e-09
2.16705832e-06	2.385226e-09
2.16922221e-06	2.330241e-09
2.17138826e-06	1.978131e-09
2.17355647e-06	2.413999e-09
2.17572684e-06	1.976009e-09
2.17789939e-06	2.407156e-09
2.18007410e-06	2.297035e-09
2.18225099e-06	2.273783e-09
2.18443005e-06	2.015844e-09
2.18661128e-06	2.013947e-09
2.18879469e-06	2.429363e-09
2.19098028e-06	2.224915e-09
2.19316806e-06	2.435219e-09
2.19535802e-06	2.331678e-09
2.19755017e-06	2.326309e-09
2.19974450e-06	2.391432e-09
2.20194103e-06	2.332396e-09
2.20413975e-06	2.297217e-09
2.20634066e-06	2.338746e-09
2.20854377e-06	1.919844e-09
2.21074909e-06	2.020327e-09
2.21295660e-06	2.408050e-09
2.21516632e-06	2.364916e-09
2.21737825e-06	2.340079e-09
2.21959238e-06	1.650298e-09
2.22180873e-06	2.173784e-09
2.22402729e-06	2.445061e-09
2.22624806e-06	2.404023e-09
2.22847105e-06	2.402569e-09
2.23069626e-06	2.490773e-09
2.23292369e-06	1.701887e-09
2.23515335e-06	2.384680e-09
2.23738523e-06	2.413226e-09
2.23961935e-06	2.548473e-09
2.24185569e-06	1.769649e-09
2.24409427e-06	2.499837e-09
2.24633508e-06	2.358964e-09
2.24857813e-06	2.477083e-09
2.25082341e-06	2.331777e-09
2.25307094e-06	2.445503e-09
2.25532072e-06	2.361932e-09
2.25757274e-06	2.473041e-09
2.25982701e-06	2.445023e-09
2.26208353e-06	2.512302e-09
2.26434231e-06	2.185572e-09
2.26660334e-06	2.373436e-09
2.26886662e-06	2.438518e-09
2.27113217e-06	2.448225e-09
2.27339998e-06	2.325669e-09
2.27567005e-06	2.420644e-09
2.27794240e-06	2.401290e-09
2.28021700e-06	2.182480e-09
2.28249389e-06	2.120823e-09
2.28477304e-06	2.503116e-09
2.28705447e-06	2.362069e-09
2.28933818e-06	2.504085e-09
2.29162417e-06	2.188312e-09
2.29391244e-06	1.661976e-09
2.29620300e-06	2.316304e-09
2.29849584e-06	2.051449e-09
2.30079097e-06	2.345442e-09
2.30308840e-06	1.982062e-09
2.30538812e-06	2.343193e-09
2.30769013e-06	2.190626e-09
2.30999445e-06	2.065518e-09
2.31230106e-06	2.322545e-09
2.31460998e-06	2.414802e-09
2.31692121e-06	2.410309e-09
2.31923474e-06	2.432697e-09
2.32155058e-06	2.455938e-09
2.32386873e-06	2.404405e-09
2.32618920e-06	2.350283e-09
2.32851199e-06	1.971402e-09
2.33083709e-06	2.355138e-09
2.33316452e-06	2.173838e-09
2.33549427e-06	2.351454e-09
2.33782635e-06	2.343158e-09
2.34016076e-06	2.375942e-09
2.34249749e-06	2.286714e-09
2.34483656e-06	1.764199e-09
2.34717797e-06	2.453578e-09
2.34952171e-06	2.121032e-09
2.35186780e-06	2.449592e-09
2.35421623e-06	2.406001e-09
2.35656700e-06	2.383436e-09
2.35892012e-06	2.208162e-09
2.36127559e-06	2.344230e-09
2.36363341e-06	2.407241e-09
2.36599358e-06	2.405401e-09
2.36835612e-06	2.439724e-09
2.37072101e-06	2.278019e-09
2.37308826e-06	1.804492e-09
2.37545788e-06	2.216219e-09
2.37782986e-06	2.522369e-09
2.38020421e-06	2.352794e-09
2.38258093e-06	2.092059e-09
2.38496003e-06	2.184405e-09
2.38734150e-06	2.122378e-09
2.38972535e-06	2.368396e-09
2.39211158e-06	2.029205e-09
2.39450019e-06	2.305078e-09
2.39689119e-06	2.286748e-09
2.39928457e-06	2.444692e-09
2.40168035e-06	1.917618e-09
2.40407851e-06	1.992810e-09
2.40647907e-06	2.508235e-09
2.40888203e-06	2.097753e-09
2.41128739e-06	2.334134e-09
2.41369515e-06	2.006890e-09
2.41610531e-06	1.716751e-09
2.41851788e-06	2.152573e-09
2.42093286e-06	2.347448e-09
2.42335026e-06	1.711810e-09
2.42577006e-06	1.841718e-09
2.42819228e-06	2.033760e-09
2.43061692e-06	2.057279e-09
2.43304398e-06	2.336846e-09
2.43547347e-06	2.196632e-09
2.43790538e-06	1.785731e-09
2.44033972e-06	2.240721e-09
2.44277649e-06	2.367390e-09
2.44521569e-06	2.188181e-09
2.44765733e-06	2.059594e-09
2.45010140e-06	1.924880e-09
2.45254792e-06	2.028107e-09
2.45499688e-06	2.077955e-09
2.45744829e-06	2.441262e-09
2.45990214e-06	1.866518e-09
2.46235844e-06	2.382000e-09
2.46481720e-06	2.301853e-09
2.46727841e-06	2.381909e-09
2.46974208e-06	1.891131e-09
2.47220821e-06	2.113354e-09
2.47467680e-06	2.075360e-09
2.47714786e-06	2.069761e-09
2.47962138e-06	1.899564e-09
2.48209737e-06	2.067225e-09
2.48457584e-06	1.841665e-09
2.48705678e-06	1.743516e-09
2.48954020e-06	1.742119e-09
2.49202610e-06	1.957799e-09
2.49451448e-06	1.995724e-09
2.49700534e-06	1.867748e-09
2.49949870e-06	1.977005e-09
2.50199454e-06	2.352730e-09
2.50449287e-06	1.939622e-09
2.50699370e-06	1.993861e-09
2.50949703e-06	2.145000e-09
2.51200285e-06	1.753849e-09
2.51451118e-06	1.924940e-09
2.51702201e-06	2.151642e-09
2.51953535e-06	1.766733e-09
2.52205120e-06	2.046885e-09
2.52456956e-06	1.835460e-09
2.52709044e-06	2.057265e-09
2.52961383e-06	1.983204e-09
2.53213975e-06	2.123660e-09
2.53466818e-06	1.756275e-09
2.53719914e-06	2.139733e-09
2.53973263e-06	1.763865e-09
2.54226865e-06	2.025476e-09
2.54480720e-06	2.173673e-09
2.54734828e-06	2.142336e-09
2.54989190e-06	2.039665e-09
2.55243806e-06	1.991691e-09
2.55498677e-06	1.959373e-09
2.55753802e-06	2.112509e-09
2.56009181e-06	1.780490e-09
2.56264816e-06	1.781887e-09
2.56520706e-06	2.044005e-09
2.56776851e-06	1.773914e-09
2.57033253e-06	2.278104e-09
2.57289910e-06	2.169703e-09
2.57546823e-06	1.944493e-09
2.57803993e-06	1.783216e-09
2.58061420e-06	2.125672e-09
2.58319104e-06	1.845117e-09
2.58577045e-06	1.992437e-09
2.58835244e-06	1.908616e-09
2.59093701e-06	2.261618e-09
2.59352415e-06	1.966059e-09
2.59611388e-06	1.816462e-09
2.59870620e-06	2.130779e-09
2.60130110e-06	1.848302e-09
2.60389860e-06	1.983122e-09
2.60649869e-06	1.811558e-09
2.60910137e-06	1.820662e-09
2.61170666e-06	2.238599e-09
2.61431454e-06	2.293337e-09
2.61692503e-06	1.941003e-09
2.61953813e-06	2.284194e-09
2.62215384e-06	2.022963e-09
2.62477215e-06	2.219015e-09
2.62739309e-06	1.943093e-09
2.63001663e-06	2.358133e-09
2.63264280e-06	1.830482e-09
2.63527160e-06	2.195311e-09
2.63790301e-06	2.317636e-09
2.64053706e-06	1.813581e-09
2.64317373e-06	1.809513e-09
2.64581304e-06	1.819519e-09
2.64845498e-06	1.867705e-09
2.65109956e-06	1.863303e-09
2.65374678e-06	2.333344e-09
2.65639665e-06	2.157790e-09
2.65904916e-06	2.173595e-09
2.66170431e-06	2.290846e-09
2.66436213e-06	2.181922e-09
2.66702259e-06	1.968438e-09
2.66968571e-06	1.827291e-09
2.67235149e-06	2.296537e-09
2.67501993e-06	2.091116e-09
2.67769104e-06	1.967477e-09
2.68036481e-06	1.949822e-09
2.68304126e-06	1.842736e-09
2.68572037e-06	1.828978e-09
2.68840216e-06	2.174610e-09
2.69108663e-06	1.829498e-09
2.69377378e-06	1.828307e-09
2.69646362e-06	1.880797e-09
2.69915613e-06	2.341242e-09
2.70185134e-06	1.842738e-09
2.70454924e-06	1.833996e-09
2.70724983e-06	1.892248e-09
2.70995312e-06	1.903658e-09
2.71265911e-06	2.180860e-09
2.71536780e-06	1.836160e-09
2.71807920e-06	2.073774e-09
2.72079330e-06	1.976635e-09
2.72351011e-06	1.995278e-09
2.72622964e-06	1.972681e-09
2.72895188e-06	1.841467e-09
2.73167684e-06	1.847939e-09
2.73440452e-06	2.024316e-09
2.73713492e-06	2.173968e-09
2.73986805e-06	1.913477e-09
2.74260391e-06	2.316764e-09
2.74534251e-06	1.896671e-09
2.74808383e-06	1.848895e-09
2.75082790e-06	2.040343e-09
2.75357470e-06	2.301428e-09
2.75632425e-06	2.210471e-09
2.75907654e-06	2.455993e-09
2.76183158e-06	2.341769e-09
2.76458937e-06	1.912641e-09
2.76734991e-06	2.047301e-09
2.77011322e-06	1.857451e-09
2.77287928e-06	1.998534e-09
2.77564810e-06	2.234952e-09
2.77841969e-06	1.919797e-09
2.78119404e-06	1.904673e-09
2.78397117e-06	2.090023e-09
2.78675106e-06	1.921631e-09
2.78953374e-06	1.860147e-09
2.79231919e-06	1.869985e-09
2.79510743e-06	1.979660e-09
2.79789844e-06	1.867124e-09
2.80069225e-06	1.865669e-09
2.80348884e-06	1.881801e-09
2.80628823e-06	2.113345e-09
2.80909041e-06	1.876012e-09
2.81189540e-06	2.104678e-09
2.81470318e-06	1.873949e-09
2.81751376e-06	1.876292e-09
2.82032715e-06	1.976127e-09
2.82314336e-06	1.869068e-09
2.82596237e-06	1.905334e-09
2.82878420e-06	1.932379e-09
2.83160884e-06	1.939840e-09
2.83443631e-06	1.978011e-09
2.83726660e-06	1.877266e-09
2.84009972e-06	1.926070e-09
2.84293566e-06	1.955952e-09
2.84577444e-06	2.026415e-09
2.84861605e-06	1.885876e-09
2.85146050e-06	1.888875e-09
2.85430779e-06	2.076954e-09
2.85715792e-06	1.933019e-09
2.86001090e-06	2.162695e-09
2.86286672e-06	2.193498e-09
2.86572540e-06	1.885472e-09
2.86858693e-06	1.890618e-09
2.87145132e-06	1.927007e-09
2.87431857e-06	2.344334e-09
2.87718869e-06	1.900444e-09
2.88006167e-06	2.175281e-09
2.88293752e-06	1.901564e-09
2.88581624e-06	2.018378e-09
2.88869783e-06	1.902931e-09
2.89158230e-06	1.995047e-09
2.89446965e-06	2.004600e-09
2.89735989e-06	2.135389e-09
2.90025301e-06	1.924413e-09
2.90314902e-06	2.351983e-09
2.90604792e-06	2.090772e-09
2.90894972e-06	1.890704e-09
2.91185441e-06	1.913323e-09
2.91476201e-06	2.052253e-09
2.91767251e-06	2.072446e-09
2.92058591e-06	1.892497e-09
2.92350222e-06	2.018638e-09
2.92642145e-06	1.922840e-09
2.92934359e-06	2.160248e-09
2.93226865e-06	2.097766e-09
2.93519663e-06	2.090925e-09
2.93812753e-06	1.922666e-09
2.94106136e-06	2.235152e-09
2.94399812e-06	2.108312e-09
2.94693781e-06	2.069292e-09
2.94988043e-06	2.279013e-09
2.95282600e-06	2.473197e-09
2.95577451e-06	1.982253e-09
2.95872596e-06	2.062804e-09
2.96168035e-06	2.121946e-09
2.96463770e-06	2.239723e-09
2.96759800e-06	2.242446e-09
2.97056126e-06	1.930462e-09
2.97352747e-06	1.981218e-09
2.97649665e-06	2.151744e-09
2.97946879e-06	1.960178e-09
2.98244390e-06	1.912008e-09
2.98542198e-06	1.977048e-09
2.98840304e-06	2.182474e-09
2.99138707e-06	1.968940e-09
2.99437408e-06	2.016034e-09
2.99736407e-06	2.349476e-09
3.00035705e-06	2.093889e-09
3.00335302e-06	1.920465e-09
3.00635198e-06	2.074134e-09
3.00935393e-06	2.164459e-09
3.01235888e-06	2.152784e-09
3.01536684e-06	2.357245e-09
3.01837779e-06	2.002965e-09
3.02139175e-06	2.126635e-09
3.02440873e-06	2.024709e-09
3.02742871e-06	2.289704e-09
3.03045171e-06	2.064394e-09
3.03347773e-06	1.985216e-09
3.03650677e-06	2.111769e-09
3.03953883e-06	2.047185e-09
3.04257392e-06	1.934830e-09
3.04561205e-06	2.389382e-09
3.04865320e-06	2.064804e-09
3.05169740e-06	2.086168e-09
3.05474463e-06	2.134471e-09
3.05779491e-06	2.222079e-09
3.06084823e-06	2.047051e-09
3.06390460e-06	1.918860e-09
3.06696402e-06	2.028137e-09
3.07002650e-06	2.087916e-09
3.07309203e-06	1.925832e-09
3.07616063e-06	2.284628e-09
3.07923229e-06	2.129279e-09
3.08230702e-06	2.114117e-09
3.08538481e-06	2.035134e-09
3.08846569e-06	2.071010e-09
3.09154963e-06	2.016304e-09
3.09463666e-06	1.995213e-09
3.09772677e-06	2.030513e-09
3.10081996e-06	1.999611e-09
3.10391625e-06	2.161993e-09
3.10701562e-06	1.942648e-09
3.11011809e-06	2.018619e-09
3.11322366e-06	2.081116e-09
3.11633233e-06	2.106654e-09
3.11944410e-06	2.196120e-09
3.12255898e-06	1.968668e-09
3.12567698e-06	2.111850e-09
3.12879808e-06	2.140906e-09
3.13192230e-06	2.167089e-09
3.13504964e-06	2.029225e-09
3.13818010e-06	1.971622e-09
3.14131369e-06	1.973937e-09
3.14445041e-06	2.183730e-09
3.14759026e-06	2.161029e-09
3.15073325e-06	1.960634e-09
3.15387937e-06	2.052298e-09
3.15702864e-06	2.087810e-09
3.16018105e-06	2.003110e-09
3.16333660e-06	1.937929e-09
3.16649531e-06	2.182808e-09
3.16965718e-06	2.277310e-09
3.17282220e-06	2.070871e-09
3.17599038e-06	2.036385e-09
3.17916172e-06	1.960598e-09
3.18233623e-06	2.389514e-09
3.18551391e-06	2.114419e-09
3.18869477e-06	1.972156e-09
3.19187880e-06	2.146270e-09
3.19506601e-06	2.135264e-09
3.19825640e-06	2.064215e-09
3.20144997e-06	1.943381e-09
3.20464674e-06	1.949384e-09
3.20784670e-06	2.208057e-09
3.21104985e-06	1.975761e-09
3.21425621e-06	2.123422e-09
3.21746576e-06	2.098559e-09
3.22067852e-06	2.070985e-09
3.22389449e-06	1.956322e-09
3.22711366e-06	2.151153e-09
3.23033606e-06	2.273449e-09
3.23356167e-06	2.056274e-09
3.23679050e-06	1.994834e-09
3.24002255e-06	2.401643e-09
3.24325783e-06	1.958398e-09
3.24649635e-06	2.186725e-09
3.24973809e-06	2.198379e-09
3.25298308e-06	2.080366e-09
3.25623130e-06	2.329394e-09
3.25948277e-06	1.959621e-09
3.26273748e-06	2.402913e-09
3.26599545e-06	2.301188e-09
3.26925667e-06	1.989470e-09
3.27252114e-06	2.497739e-09
3.27578887e-06	1.996207e-09
3.27905987e-06	2.328669e-09
3.28233413e-06	2.051578e-09
3.28561167e-06	2.064272e-09
3.28889247e-06	2.383106e-09
3.29217655e-06	2.082935e-09
3.29546391e-06	2.309817e-09
3.29875455e-06	2.080396e-09
3.30204848e-06	2.527133e-09
3.30534570e-06	2.017185e-09
3.30864621e-06	2.041195e-09
3.31195002e-06	1.932562e-09
3.31525712e-06	2.110009e-09
3.31856753e-06	2.171191e-09
3.32188124e-06	2.285990e-09
3.32519826e-06	2.350138e-09
3.32851860e-06	2.029954e-09
3.33184225e-06	2.013431e-09
3.33516921e-06	2.370236e-09
3.33849950e-06	2.115486e-09
3.34183312e-06	2.121997e-09
3.34517006e-06	2.095476e-09
3.34851034e-06	2.198475e-09
3.35185395e-06	2.397033e-09
3.35520090e-06	2.187460e-09
3.35855119e-06	2.119050e-09
3.36190483e-06	2.163620e-09
3.36526182e-06	2.170329e-09
3.36862216e-06	2.370307e-09
3.37198585e-06	2.390998e-09
3.37535290e-06	2.495471e-09
3.37872332e-06	2.228942e-09
3.38209710e-06	2.212400e-09
3.38547425e-06	2.130023e-09
3.38885477e-06	2.375114e-09
3.39223867e-06	2.029311e-09
3.39562594e-06	2.266532e-09
3.39901660e-06	2.248482e-09
3.40241065e-06	2.283291e-09
3.40580808e-06	2.310001e-09
3.40920890e-06	2.097280e-09
3.41261313e-06	2.019093e-09
3.41602075e-06	2.197392e-09
3.41943177e-06	2.356464e-09
3.42284620e-06	2.246021e-09
3.42626404e-06	2.053703e-09
3.42968529e-06	2.083835e-09
3.43310996e-06	2.160072e-09
3.43653804e-06	1.977881e-09
3.43996956e-06	2.271142e-09
3.44340449e-06	2.240369e-09
3.44684286e-06	2.054716e-09
3.45028466e-06	2.265159e-09
3.45372990e-06	2.242760e-09
3.45717857e-06	2.167010e-09
3.46063070e-06	2.432394e-09
3.46408626e-06	2.221990e-09
3.46754528e-06	2.010214e-09
3.47100775e-06	1.943887e-09
3.47447368e-06	2.219295e-09
3.47794307e-06	1.995227e-09
3.48141593e-06	2.049196e-09
3.48489225e-06	1.972389e-09
3.48837205e-06	2.289723e-09
3.49185532e-06	2.195064e-09
3.49534206e-06	2.295968e-09
3.49883229e-06	2.409637e-09
3.50232600e-06	2.390038e-09
3.50582321e-06	2.462394e-09
3.50932390e-06	2.354477e-09
3.51282809e-06	2.291067e-09
3.51633578e-06	1.999089e-09
3.51984697e-06	2.295504e-09
3.52336167e-06	2.432414e-09
3.52687988e-06	1.938305e-09
3.53040160e-06	2.512198e-09
3.53392683e-06	2.403168e-09
3.53745559e-06	2.325623e-09
3.54098787e-06	2.270331e-09
3.54452368e-06	2.199927e-09
3.54806302e-06	2.528517e-09
3.55160589e-06	2.322922e-09
3.55515230e-06	2.326111e-09
3.55870225e-06	2.319522e-09
3.56225575e-06	2.405653e-09
3.56581279e-06	2.272052e-09
3.56937339e-06	2.348602e-09
3.57293754e-06	2.303846e-09
3.57650525e-06	2.268695e-09
3.58007652e-06	2.395677e-09
3.58365136e-06	2.463842e-09
3.58722977e-06	2.414568e-09
3.59081175e-06	2.400633e-09
3.59439731e-06	2.496711e-09
3.59798645e-06	1.984683e-09
3.60157917e-06	1.992518e-09
3.60517548e-06	2.396506e-09
3.60877538e-06	2.163141e-09
3.61237888e-06	2.089649e-09
3.61598597e-06	2.180990e-09
3.61959667e-06	2.445434e-09
3.62321097e-06	2.456988e-09
3.62682888e-06	2.118629e-09
3.63045040e-06	2.248704e-09
3.63407554e-06	2.168691e-09
3.63770430e-06	2.037772e-09
3.64133669e-06	2.477506e-09
3.64497270e-06	2.544357e-09
3.64861234e-06	2.332996e-09
3.65225561e-06	2.038437e-09
3.65590252e-06	2.627616e-09
3.65955308e-06	2.469815e-09
3.66320728e-06	2.352085e-09
3.66686512e-06	2.480111e-09
3.67052662e-06	2.461704e-09
3.67419178e-06	2.069391e-09
3.67786060e-06	2.322091e-09
3.68153308e-06	2.373440e-09
3.68520923e-06	2.639992e-09
3.68888904e-06	2.192231e-09
3.69257254e-06	2.522653e-09
3.69625971e-06	2.015674e-09
3.69995056e-06	2.225017e-09
3.70364510e-06	2.458171e-09
3.70734332e-06	2.201871e-09
3.71104524e-06	2.175846e-09
3.71475086e-06	2.453228e-09
3.71846018e-06	2.417690e-09
3.72217320e-06	2.241174e-09
3.72588992e-06	2.455012e-09
3.72961036e-06	2.462752e-09
3.73333452e-06	2.481157e-09
3.73706239e-06	2.469867e-09
3.74079399e-06	2.587624e-09
3.74452931e-06	2.405393e-09
3.74826836e-06	2.026613e-09
3.75201114e-06	2.495404e-09
3.75575766e-06	2.433326e-09
3.75950793e-06	2.569531e-09
3.76326194e-06	2.629578e-09
3.76701969e-06	2.608764e-09
3.77078120e-06	2.335457e-09
3.77454647e-06	2.444696e-09
3.77831549e-06	2.307560e-09
3.78208828e-06	2.169770e-09
3.78586483e-06	2.287489e-09
3.78964516e-06	2.700681e-09
3.79342926e-06	2.044629e-09
3.79721714e-06	2.690570e-09
3.80100880e-06	2.617902e-09
3.80480425e-06	2.554319e-09
3.80860349e-06	2.592131e-09
3.81240652e-06	2.658823e-09
3.81621335e-06	2.408952e-09
3.82002398e-06	2.688260e-09
3.82383842e-06	2.592250e-09
3.82765666e-06	2.660260e-09
3.83147872e-06	2.340887e-09
3.83530459e-06	2.685653e-09
3.83913428e-06	2.545297e-09
3.84296780e-06	2.666852e-09
3.84680515e-06	2.148139e-09
3.85064633e-06	2.375800e-09
3.85449134e-06	2.652322e-09
3.85834019e-06	2.539560e-09
3.86219289e-06	2.368495e-09
3.86604943e-06	2.320404e-09
3.86990982e-06	2.637107e-09
3.87377407e-06	2.478109e-09
3.87764218e-06	2.586554e-09
3.88151415e-06	2.667546e-09
3.88538998e-06	2.518505e-09
3.88926969e-06	2.588841e-09
3.89315327e-06	2.657991e-09
3.89704073e-06	2.355169e-09
3.90093207e-06	2.648274e-09
3.90482729e-06	2.647538e-09
3.90872641e-06	2.609292e-09
3.91262941e-06	2.589944e-09
3.91653632e-06	2.499894e-09
3.92044713e-06	2.250008e-09
3.92436184e-06	2.268971e-09
3.92828046e-06	2.646952e-09
3.93220299e-06	2.107926e-09
3.93612944e-06	2.498608e-09
3.94005981e-06	2.350188e-09
3.94399411e-06	2.639629e-09
3.94793233e-06	2.373521e-09
3.95187449e-06	2.326339e-09
3.95582058e-06	2.714655e-09
3.95977062e-06	2.473563e-09
3.96372460e-06	2.103437e-09
3.96768252e-06	2.436997e-09
3.97164440e-06	2.428192e-09
3.97561023e-06	2.184844e-09
3.97958003e-06	2.540354e-09
3.98355379e-06	2.460119e-09
3.98753151e-06	2.491906e-09
3.99151321e-06	2.171748e-09
3.99549888e-06	2.582644e-09
3.99948854e-06	2.084793e-09
4.00348217e-06	2.672371e-09
