2.99769222e-07	4.105519e-17
3.00068553e-07	4.344117e-16
3.00368182e-07	4.470378e-16
3.00668111e-07	4.600084e-16
3.00968339e-07	4.733320e-16
3.01268867e-07	4.870176e-16
3.01569695e-07	5.010744e-16
3.01870824e-07	5.155117e-16
3.02172253e-07	5.303391e-16
3.02473983e-07	5.455664e-16
3.02776015e-07	5.612036e-16
3.03078348e-07	5.772610e-16
3.03380983e-07	5.937490e-16
3.03683920e-07	6.106784e-16
3.03987160e-07	6.280602e-16
3.04290702e-07	6.459055e-16
3.04594547e-07	6.642258e-16
3.04898696e-07	6.830329e-16
3.05203149e-07	7.023388e-16
3.05507906e-07	7.221558e-16
3.05812967e-07	7.424963e-16
3.06118332e-07	7.633733e-16
3.06424003e-07	7.847999e-16
3.06729978e-07	8.067893e-16
3.07036260e-07	8.293556e-16
3.07342847e-07	8.525124e-16
3.07649740e-07	8.762744e-16
3.07956940e-07	9.006560e-16
3.08264446e-07	9.256722e-16
3.08572260e-07	9.513385e-16
3.08880380e-07	9.776703e-16
3.09188809e-07	1.004684e-15
3.09497545e-07	1.032395e-15
3.09806590e-07	1.060821e-15
3.10115944e-07	1.089979e-15
3.10425606e-07	1.119885e-15
3.10735577e-07	1.150559e-15
3.11045858e-07	1.182018e-15
3.11356449e-07	1.214280e-15
3.11667350e-07	1.247366e-15
3.11978561e-07	1.281293e-15
3.12290084e-07	1.316082e-15
3.12601917e-07	1.351754e-15
3.12914061e-07	1.388328e-15
3.13226518e-07	1.425826e-15
3.13539286e-07	1.464270e-15
3.13852367e-07	1.503681e-15
3.14165760e-07	1.544083e-15
3.14479466e-07	1.585497e-15
3.14793485e-07	1.627948e-15
3.15107818e-07	1.671460e-15
3.15422465e-07	1.716056e-15
3.15737426e-07	1.761762e-15
3.16052702e-07	1.808604e-15
3.16368292e-07	1.856607e-15
3.16684197e-07	1.905798e-15
3.17000418e-07	1.956204e-15
3.17316955e-07	2.007853e-15
3.17633808e-07	2.060773e-15
3.17950977e-07	2.114993e-15
3.18268463e-07	2.170543e-15
3.18586266e-07	2.227451e-15
3.18904386e-07	2.285750e-15
3.19222824e-07	2.345470e-15
3.19541579e-07	2.406643e-15
3.19860654e-07	2.469302e-15
3.20180046e-07	2.533481e-15
3.20499758e-07	2.599212e-15
3.20819789e-07	2.666531e-15
3.21140139e-07	2.735472e-15
3.21460810e-07	2.806073e-15
3.21781800e-07	2.878370e-15
3.22103111e-07	2.952399e-15
3.22424743e-07	3.028200e-15
3.22746696e-07	3.105811e-15
3.23068971e-07	3.185273e-15
3.23391567e-07	3.266625e-15
3.23714485e-07	3.349909e-15
3.24037726e-07	3.435167e-15
3.24361290e-07	3.522443e-15
3.24685177e-07	3.611780e-15
3.25009387e-07	3.703222e-15
3.25333921e-07	3.796817e-15
3.25658779e-07	3.892609e-15
3.25983961e-07	3.990646e-15
3.26309468e-07	4.090977e-15
3.26635300e-07	4.193652e-15
3.26961458e-07	4.298719e-15
3.27287941e-07	4.406231e-15
3.27614750e-07	4.516240e-15
3.27941886e-07	4.628798e-15
3.28269348e-07	4.743960e-15
3.28597137e-07	4.861782e-15
3.28925253e-07	4.982319e-15
3.29253697e-07	5.105630e-15
3.29582469e-07	5.231772e-15
3.29911570e-07	5.360805e-15
3.30240998e-07	5.492789e-15
3.30570756e-07	5.627788e-15
3.30900844e-07	5.765864e-15
3.31231260e-07	5.907080e-15
3.31562007e-07	6.051503e-15
3.31893084e-07	6.199199e-15
3.32224491e-07	6.350236e-15
3.32556230e-07	6.504684e-15
3.32888300e-07	6.662613e-15
3.33220701e-07	6.824094e-15
3.33553434e-07	6.989201e-15
3.33886500e-07	7.158008e-15
3.34219898e-07	7.330591e-15
3.34553629e-07	7.507027e-15
3.34887693e-07	7.687396e-15
3.35222091e-07	7.871777e-15
3.35556822e-07	8.060251e-15
3.35891888e-07	8.252902e-15
3.36227289e-07	8.449815e-15
3.36563024e-07	8.651075e-15
3.36899095e-07	8.856771e-15
3.37235501e-07	9.066991e-15
3.37572243e-07	9.281827e-15
3.37909321e-07	9.501370e-15
3.38246736e-07	9.725716e-15
3.38584488e-07	9.954960e-15
3.38922578e-07	1.018920e-14
3.39261004e-07	1.042853e-14
3.39599769e-07	1.067307e-14
3.39938872e-07	1.092290e-14
3.40278313e-07	1.117813e-14
3.40618094e-07	1.143887e-14
3.40958214e-07	1.170524e-14
3.41298673e-07	1.197733e-14
3.41639473e-07	1.225527e-14
3.41980612e-07	1.253916e-14
3.42322093e-07	1.282912e-14
3.42663914e-07	1.312527e-14
3.43006076e-07	1.342774e-14
3.43348581e-07	1.373664e-14
3.43691427e-07	1.405210e-14
3.44034616e-07	1.437424e-14
3.44378147e-07	1.470319e-14
3.44722021e-07	1.503910e-14
3.45066239e-07	1.538208e-14
3.45410800e-07	1.573227e-14
3.45755706e-07	1.608982e-14
3.46100956e-07	1.645486e-14
3.46446550e-07	1.682753e-14
3.46792490e-07	1.720799e-14
3.47138775e-07	1.759638e-14
3.47485406e-07	1.799284e-14
3.47832383e-07	1.839754e-14
3.48179707e-07	1.881063e-14
3.48527377e-07	1.923225e-14
3.48875395e-07	1.966259e-14
3.49223760e-07	2.010179e-14
3.49572472e-07	2.055003e-14
3.49921534e-07	2.100748e-14
3.50270943e-07	2.147430e-14
3.50620702e-07	2.195066e-14
3.50970809e-07	2.243676e-14
3.51321267e-07	2.293276e-14
3.51672074e-07	2.343886e-14
3.52023232e-07	2.395523e-14
3.52374740e-07	2.448207e-14
3.52726599e-07	2.501956e-14
3.53078810e-07	2.556791e-14
3.53431372e-07	2.612732e-14
3.53784286e-07	2.669797e-14
3.54137553e-07	2.728009e-14
3.54491173e-07	2.787388e-14
3.54845145e-07	2.847955e-14
3.55199471e-07	2.909730e-14
3.55554151e-07	2.972734e-14
3.55909185e-07	3.036993e-14
3.56264573e-07	3.102539e-14
3.56620317e-07	3.169376e-14
3.56976415e-07	3.237536e-14
3.57332870e-07	3.307042e-14
3.57689680e-07	3.377917e-14
3.58046846e-07	3.450190e-14
3.58404369e-07	3.523881e-14
3.58762249e-07	3.599016e-14
3.59120487e-07	3.675623e-14
3.59479082e-07	3.753726e-14
3.59838035e-07	3.833350e-14
3.60197347e-07	3.914519e-14
3.60557017e-07	3.997221e-14
3.60917046e-07	4.081624e-14
3.61277436e-07	4.167628e-14
3.61638184e-07	4.255280e-14
3.61999294e-07	4.344622e-14
3.62360763e-07	4.435667e-14
3.62722594e-07	4.528490e-14
3.63084786e-07	4.623090e-14
3.63447339e-07	4.719486e-14
3.63810255e-07	4.817738e-14
3.64173533e-07	4.917852e-14
3.64537174e-07	5.019884e-14
3.64901178e-07	5.123848e-14
3.65265545e-07	5.229785e-14
3.65630276e-07	5.337727e-14
3.65995372e-07	5.447712e-14
3.66360832e-07	5.559771e-14
3.66726656e-07	5.673940e-14
3.67092847e-07	5.790250e-14
3.67459402e-07	5.908753e-14
3.67826324e-07	6.029448e-14
3.68193613e-07	6.152436e-14
3.68561267e-07	6.277707e-14
3.68929290e-07	6.405314e-14
3.69297679e-07	6.535261e-14
3.69666437e-07	6.667673e-14
3.70035562e-07	6.802485e-14
3.70405056e-07	6.939851e-14
3.70774920e-07	7.079703e-14
3.71145152e-07	7.222133e-14
3.71515754e-07	7.367199e-14
3.71886726e-07	7.514892e-14
3.72258069e-07	7.665350e-14
3.72629783e-07	7.818590e-14
3.73001867e-07	7.974553e-14
3.73374323e-07	8.133399e-14
3.73747152e-07	8.295120e-14
3.74120352e-07	8.459745e-14
3.74493925e-07	8.627368e-14
3.74867871e-07	8.798016e-14
3.75242191e-07	8.971856e-14
3.75616884e-07	9.148642e-14
3.75991951e-07	9.328819e-14
3.76367393e-07	9.512129e-14
3.76743210e-07	9.698630e-14
3.77119402e-07	9.888263e-14
3.77495970e-07	1.008197e-13
3.77872913e-07	1.027879e-13
3.78250233e-07	1.047902e-13
3.78627930e-07	1.068289e-13
3.79006004e-07	1.089036e-13
3.79384456e-07	1.110148e-13
3.79763285e-07	1.131623e-13
3.80142493e-07	1.153502e-13
3.80522079e-07	1.175745e-13
3.80902045e-07	1.198387e-13
3.81282390e-07	1.221432e-13
3.81663114e-07	1.244844e-13
3.82044219e-07	1.268689e-13
3.82425704e-07	1.292998e-13
3.82807570e-07	1.317690e-13
3.83189818e-07	1.342819e-13
3.83572447e-07	1.368353e-13
3.83955458e-07	1.394379e-13
3.84338852e-07	1.420814e-13
3.84722629e-07	1.447709e-13
3.85106789e-07	1.475111e-13
3.85491332e-07	1.502959e-13
3.85876259e-07	1.531282e-13
3.86261571e-07	1.560093e-13
3.86647268e-07	1.589373e-13
3.87033349e-07	1.619194e-13
3.87419816e-07	1.649501e-13
3.87806669e-07	1.680313e-13
3.88193909e-07	1.711684e-13
3.88581535e-07	1.743512e-13
3.88969548e-07	1.775963e-13
3.89357948e-07	1.808954e-13
3.89746737e-07	1.842439e-13
3.90135913e-07	1.876573e-13
3.90525478e-07	1.911200e-13
3.90915433e-07	1.946428e-13
3.91305776e-07	1.982277e-13
3.91696509e-07	2.018764e-13
3.92087633e-07	2.055793e-13
3.92479147e-07	2.093453e-13
3.92871052e-07	2.131732e-13
3.93263348e-07	2.170674e-13
3.93656036e-07	2.210243e-13
3.94049116e-07	2.250440e-13
3.94442589e-07	2.291273e-13
3.94836455e-07	2.332930e-13
3.95230713e-07	2.375015e-13
3.95625366e-07	2.417964e-13
3.96020412e-07	2.461640e-13
3.96415854e-07	2.506176e-13
3.96811689e-07	2.551235e-13
3.97207921e-07	2.597076e-13
3.97604547e-07	2.643650e-13
3.98001570e-07	2.690966e-13
3.98398990e-07	2.738960e-13
3.98796806e-07	2.787961e-13
3.99195019e-07	2.837497e-13
3.99593630e-07	2.888168e-13
3.99992639e-07	2.939380e-13
4.00392047e-07	2.991478e-13
4.00791853e-07	3.044535e-13
4.01192059e-07	3.098312e-13
4.01592664e-07	3.153030e-13
4.01993669e-07	3.208545e-13
4.02395074e-07	3.264905e-13
4.02796881e-07	3.322306e-13
4.03199088e-07	3.380568e-13
4.03601698e-07	3.439616e-13
4.04004709e-07	3.499839e-13
4.04408123e-07	3.560861e-13
4.04811939e-07	3.622671e-13
4.05216159e-07	3.685845e-13
4.05620782e-07	3.749941e-13
4.06025810e-07	3.814878e-13
4.06431241e-07	3.880487e-13
4.06837078e-07	3.947875e-13
4.07243320e-07	4.015891e-13
4.07649967e-07	4.085300e-13
4.08057021e-07	4.155516e-13
4.08464481e-07	4.226895e-13
4.08872348e-07	4.299124e-13
4.09280622e-07	4.372922e-13
4.09689304e-07	4.447576e-13
4.10098394e-07	4.523421e-13
4.10507892e-07	4.599808e-13
4.10917800e-07	4.678632e-13
4.11328116e-07	4.752619e-13
4.11738843e-07	4.838463e-13
4.12149979e-07	4.918525e-13
4.12561526e-07	5.003272e-13
4.12973484e-07	5.088040e-13
4.13385854e-07	5.173879e-13
4.13798635e-07	5.260674e-13
4.14211828e-07	5.348602e-13
4.14625434e-07	5.437671e-13
4.15039453e-07	5.529640e-13
4.15453885e-07	5.621721e-13
4.15868731e-07	5.715374e-13
4.16283991e-07	5.811298e-13
4.16699666e-07	5.907595e-13
4.17115756e-07	6.005910e-13
4.17532262e-07	6.105087e-13
4.17949183e-07	6.206356e-13
4.18366521e-07	6.308883e-13
4.18784276e-07	6.412095e-13
4.19202447e-07	6.518273e-13
4.19621036e-07	6.623811e-13
4.20040044e-07	6.734704e-13
4.20459469e-07	6.844958e-13
4.20879314e-07	6.955968e-13
4.21299577e-07	7.070822e-13
4.21720260e-07	7.182146e-13
4.22141364e-07	7.300217e-13
4.22562887e-07	7.421559e-13
4.22984832e-07	7.535032e-13
4.23407198e-07	7.662761e-13
4.23829986e-07	7.785925e-13
4.24253196e-07	7.912998e-13
4.24676828e-07	8.042615e-13
4.25100884e-07	8.171915e-13
4.25525363e-07	8.302580e-13
4.25950266e-07	8.437228e-13
4.26375593e-07	8.572172e-13
4.26801345e-07	8.710358e-13
4.27227522e-07	8.848227e-13
4.27654124e-07	8.990449e-13
4.28081153e-07	9.133239e-13
4.28508608e-07	9.279379e-13
4.28936489e-07	9.424303e-13
4.29364798e-07	9.572436e-13
4.29793535e-07	9.728104e-13
4.30222700e-07	9.882182e-13
4.30652293e-07	1.003748e-12
4.31082315e-07	1.019576e-12
4.31512767e-07	1.035794e-12
4.31943648e-07	1.052044e-12
4.32374960e-07	1.068559e-12
4.32806703e-07	1.085214e-12
4.33238876e-07	1.101953e-12
4.33671481e-07	1.119436e-12
4.34104518e-07	1.136960e-12
4.34537988e-07	1.154429e-12
4.34971890e-07	1.172460e-12
4.35406226e-07	1.190824e-12
4.35840995e-07	1.208891e-12
4.36276198e-07	1.227944e-12
4.36711836e-07	1.246636e-12
4.37147909e-07	1.266022e-12
4.37584417e-07	1.285905e-12
4.38021362e-07	1.305651e-12
4.38458742e-07	1.325538e-12
4.38896560e-07	1.346065e-12
4.39334814e-07	1.366303e-12
4.39773506e-07	1.387324e-12
4.40212636e-07	1.408851e-12
4.40652205e-07	1.430355e-12
4.41092212e-07	1.451974e-12
4.41532659e-07	1.474002e-12
4.41973546e-07	1.496271e-12
4.42414873e-07	1.519101e-12
4.42856641e-07	1.541437e-12
4.43298849e-07	1.564495e-12
4.43741500e-07	1.588956e-12
4.44184592e-07	1.612852e-12
4.44628127e-07	1.637239e-12
4.45072105e-07	1.661810e-12
4.45516526e-07	1.686587e-12
4.45961390e-07	1.701230e-12
4.46406699e-07	1.737690e-12
4.46852453e-07	1.763678e-12
4.47298652e-07	1.789770e-12
4.47745296e-07	1.816843e-12
4.48192386e-07	1.843847e-12
4.48639923e-07	1.868210e-12
4.49087906e-07	1.898465e-12
4.49536337e-07	1.927271e-12
4.49985216e-07	1.955541e-12
4.50434543e-07	1.984396e-12
4.50884319e-07	2.013414e-12
4.51334543e-07	2.043101e-12
4.51785218e-07	2.072901e-12
4.52236342e-07	2.103015e-12
4.52687917e-07	2.134437e-12
4.53139942e-07	2.165574e-12
4.53592419e-07	2.197474e-12
4.54045348e-07	2.229215e-12
4.54498729e-07	2.259498e-12
4.54952563e-07	2.295139e-12
4.55406850e-07	2.328648e-12
4.55861591e-07	2.362067e-12
4.56316785e-07	2.396707e-12
4.56772435e-07	2.431692e-12
4.57228539e-07	2.466497e-12
4.57685098e-07	2.501801e-12
4.58142114e-07	2.537709e-12
4.58599586e-07	2.574253e-12
4.59057514e-07	2.610749e-12
4.59515900e-07	2.649124e-12
4.59974744e-07	2.687122e-12
4.60434046e-07	2.724930e-12
4.60893806e-07	2.763497e-12
4.61354026e-07	2.804148e-12
4.61814705e-07	2.843956e-12
4.62275844e-07	2.884317e-12
4.62737444e-07	2.924871e-12
4.63199504e-07	2.966728e-12
4.63662026e-07	3.008600e-12
4.64125010e-07	3.050748e-12
4.64588456e-07	3.092823e-12
4.65052364e-07	3.136649e-12
4.65516737e-07	3.179255e-12
4.65981572e-07	3.227202e-12
4.66446872e-07	3.270807e-12
4.66912637e-07	3.313954e-12
4.67378866e-07	3.364031e-12
4.67845561e-07	3.408282e-12
4.68312722e-07	3.459199e-12
4.68780350e-07	3.498472e-12
4.69248445e-07	3.556236e-12
4.69717007e-07	3.602487e-12
4.70186036e-07	3.656154e-12
4.70655535e-07	3.704670e-12
4.71125502e-07	3.744042e-12
4.71595938e-07	3.809674e-12
4.72066844e-07	3.862312e-12
4.72538220e-07	3.914657e-12
4.73010067e-07	3.969040e-12
4.73482385e-07	4.024111e-12
4.73955175e-07	4.070607e-12
4.74428437e-07	4.134477e-12
4.74902171e-07	4.188455e-12
4.75376378e-07	4.244499e-12
4.75851059e-07	4.300939e-12
4.76326214e-07	4.365215e-12
4.76801844e-07	4.427031e-12
4.77277948e-07	4.481323e-12
4.77754528e-07	4.539788e-12
4.78231583e-07	4.605817e-12
4.78709115e-07	4.669799e-12
4.79187124e-07	4.731923e-12
4.79665610e-07	4.793829e-12
4.80144574e-07	4.845490e-12
4.80624016e-07	4.926880e-12
4.81103937e-07	4.989472e-12
4.81584337e-07	5.058404e-12
4.82065217e-07	5.123446e-12
4.82546577e-07	5.199683e-12
4.83028417e-07	5.258309e-12
4.83510739e-07	5.300114e-12
4.83993543e-07	5.391017e-12
4.84476828e-07	5.455875e-12
4.84960596e-07	5.541649e-12
4.85444847e-07	5.617068e-12
4.85929582e-07	5.700543e-12
4.86414801e-07	5.772683e-12
4.86900504e-07	5.849969e-12
4.87386692e-07	5.925728e-12
4.87873366e-07	5.954146e-12
4.88360525e-07	6.087643e-12
4.88848171e-07	6.162265e-12
4.89336304e-07	6.239926e-12
4.89824925e-07	6.263955e-12
4.90314033e-07	6.410370e-12
4.90803630e-07	6.485484e-12
4.91293716e-07	6.580672e-12
4.91784291e-07	6.667985e-12
4.92275355e-07	6.752593e-12
4.92766911e-07	6.835738e-12
4.93258957e-07	6.936643e-12
4.93751494e-07	7.023749e-12
4.94244523e-07	7.093869e-12
4.94738045e-07	7.200322e-12
4.95232059e-07	7.295069e-12
4.95726566e-07	7.392423e-12
4.96221568e-07	7.483176e-12
4.96717063e-07	7.576923e-12
4.97213054e-07	7.665497e-12
4.97709539e-07	7.770150e-12
4.98206521e-07	7.879195e-12
4.98703999e-07	7.974470e-12
4.99201973e-07	8.068980e-12
4.99700445e-07	8.176868e-12
5.00199414e-07	8.294280e-12
5.00698882e-07	8.406658e-12
5.01198848e-07	8.498535e-12
5.01699314e-07	8.607767e-12
5.02200279e-07	8.708296e-12
5.02701745e-07	8.837656e-12
5.03203711e-07	8.924442e-12
5.03706178e-07	9.046908e-12
5.04209148e-07	9.179377e-12
5.04712619e-07	9.279079e-12
5.05216594e-07	9.409542e-12
5.05721071e-07	9.505719e-12
5.06226052e-07	9.648851e-12
5.06731538e-07	9.740985e-12
5.07237528e-07	9.873401e-12
5.07744023e-07	1.001463e-11
5.08251025e-07	1.011527e-11
5.08758532e-07	1.022491e-11
5.09266546e-07	1.039251e-11
5.09775068e-07	1.052502e-11
5.10284097e-07	1.063774e-11
5.10793635e-07	1.066908e-11
5.11303681e-07	1.088880e-11
5.11814237e-07	1.101593e-11
5.12325302e-07	1.106564e-11
5.12836878e-07	1.128053e-11
5.13348965e-07	1.140289e-11
5.13861563e-07	1.158294e-11
5.14374672e-07	1.169213e-11
5.14888295e-07	1.190527e-11
5.15402430e-07	1.204262e-11
5.15917078e-07	1.219420e-11
5.16432240e-07	1.232634e-11
5.16947917e-07	1.246977e-11
5.17464109e-07	1.262693e-11
5.17980816e-07	1.278746e-11
5.18498039e-07	1.297194e-11
5.19015778e-07	1.311675e-11
5.19534035e-07	1.329746e-11
5.20052809e-07	1.345829e-11
5.20572101e-07	1.358956e-11
5.21091911e-07	1.377565e-11
5.21612241e-07	1.393494e-11
5.22133090e-07	1.413481e-11
5.22654459e-07	1.428091e-11
5.23176349e-07	1.444384e-11
5.23698760e-07	1.463585e-11
5.24221693e-07	1.469771e-11
5.24745148e-07	1.496150e-11
5.25269125e-07	1.516950e-11
5.25793626e-07	1.536155e-11
5.26318650e-07	1.555141e-11
5.26844199e-07	1.568130e-11
5.27370272e-07	1.590040e-11
5.27896871e-07	1.594105e-11
5.28423996e-07	1.631038e-11
5.28951647e-07	1.649006e-11
5.29479824e-07	1.665232e-11
5.30008530e-07	1.689722e-11
5.30537763e-07	1.709262e-11
5.31067524e-07	1.726647e-11
5.31597815e-07	1.749345e-11
5.32128635e-07	1.771148e-11
5.32659985e-07	1.787175e-11
5.33191866e-07	1.809456e-11
5.33724278e-07	1.832741e-11
5.34257221e-07	1.852177e-11
5.34790697e-07	1.875279e-11
5.35324705e-07	1.898990e-11
5.35859247e-07	1.917695e-11
5.36394322e-07	1.931192e-11
5.36929932e-07	1.967564e-11
5.37466076e-07	1.988437e-11
5.38002756e-07	2.014816e-11
5.38539972e-07	2.033842e-11
5.39077724e-07	2.046811e-11
5.39616013e-07	2.054661e-11
5.40154839e-07	2.091011e-11
5.40694204e-07	2.122766e-11
5.41234107e-07	2.154069e-11
5.41774550e-07	2.168188e-11
5.42315532e-07	2.178583e-11
5.42857054e-07	2.213491e-11
5.43399117e-07	2.216479e-11
5.43941721e-07	2.231058e-11
5.44484867e-07	2.302988e-11
5.45028555e-07	2.325311e-11
5.45572786e-07	2.360524e-11
5.46117561e-07	2.374191e-11
5.46662879e-07	2.385685e-11
5.47208743e-07	2.430035e-11
5.47755151e-07	2.464840e-11
5.48302105e-07	2.481928e-11
5.48849605e-07	2.523702e-11
5.49397651e-07	2.550720e-11
5.49946245e-07	2.586928e-11
5.50495387e-07	2.600561e-11
5.51045077e-07	2.646903e-11
5.51595316e-07	2.645279e-11
5.52146104e-07	2.708589e-11
5.52697443e-07	2.705660e-11
5.53249331e-07	2.760394e-11
5.53801771e-07	2.745514e-11
5.54354763e-07	2.814241e-11
5.54908307e-07	2.864270e-11
5.55462403e-07	2.883645e-11
5.56017053e-07	2.917678e-11
5.56572257e-07	2.918672e-11
5.57128015e-07	2.968655e-11
5.57684328e-07	2.996965e-11
5.58241196e-07	3.058676e-11
5.58798621e-07	3.096734e-11
5.59356602e-07	3.125016e-11
5.59915140e-07	3.159982e-11
5.60474236e-07	3.183222e-11
5.61033890e-07	3.226331e-11
5.61594104e-07	3.250409e-11
5.62154876e-07	3.309544e-11
5.62716209e-07	3.331886e-11
5.63278102e-07	3.376479e-11
5.63840556e-07	3.392634e-11
5.64403571e-07	3.445812e-11
5.64967149e-07	3.492201e-11
5.65531290e-07	3.515454e-11
5.66095994e-07	3.535834e-11
5.66661262e-07	3.597754e-11
5.67227094e-07	3.630549e-11
5.67793491e-07	3.643233e-11
5.68360454e-07	3.546545e-11
5.68927983e-07	3.719141e-11
5.69496079e-07	3.767555e-11
5.70064741e-07	3.806564e-11
5.70633972e-07	3.822440e-11
5.71203771e-07	3.852240e-11
5.71774140e-07	3.859462e-11
5.72345077e-07	3.933910e-11
5.72916585e-07	4.040590e-11
5.73488663e-07	4.093257e-11
5.74061313e-07	4.108949e-11
5.74634535e-07	4.133203e-11
5.75208328e-07	4.172730e-11
5.75782695e-07	4.250561e-11
5.76357636e-07	4.275483e-11
5.76933150e-07	4.346972e-11
5.77509239e-07	4.382781e-11
5.78085904e-07	4.345074e-11
5.78663144e-07	4.439864e-11
5.79240960e-07	4.433357e-11
5.79819354e-07	4.559498e-11
5.80398325e-07	4.524348e-11
5.80977874e-07	4.629244e-11
5.81558002e-07	4.565389e-11
5.82138709e-07	4.782245e-11
5.82719997e-07	4.784780e-11
5.83301864e-07	4.847394e-11
5.83884313e-07	4.784375e-11
5.84467343e-07	4.870827e-11
5.85050955e-07	4.951941e-11
5.85635150e-07	5.047160e-11
5.86219928e-07	4.995780e-11
5.86805291e-07	4.880360e-11
5.87391238e-07	5.172866e-11
5.87977770e-07	5.193687e-11
5.88564887e-07	5.241639e-11
5.89152591e-07	4.792489e-11
5.89740882e-07	5.226368e-11
5.90329760e-07	5.136614e-11
5.90919226e-07	5.435930e-11
5.91509281e-07	5.514433e-11
5.92099925e-07	5.319390e-11
5.92691158e-07	5.579505e-11
5.93282982e-07	5.603904e-11
5.93875397e-07	5.655338e-11
5.94468404e-07	5.708150e-11
5.95062003e-07	5.731446e-11
5.95656194e-07	5.912453e-11
5.96250979e-07	5.924434e-11
5.96846358e-07	5.659490e-11
5.97442331e-07	6.000761e-11
5.98038899e-07	6.019137e-11
5.98636063e-07	6.221386e-11
5.99233823e-07	6.121852e-11
5.99832181e-07	6.324260e-11
6.00431135e-07	5.736055e-11
6.01030688e-07	6.393742e-11
6.01630839e-07	6.399665e-11
6.02231590e-07	6.399225e-11
6.02832941e-07	6.641180e-11
6.03434892e-07	6.734052e-11
6.04037444e-07	6.583366e-11
6.04640598e-07	6.467889e-11
6.05244354e-07	6.779891e-11
6.05848713e-07	6.825221e-11
6.06453675e-07	6.902770e-11
6.07059241e-07	7.113517e-11
6.07665413e-07	7.159114e-11
6.08272189e-07	7.315086e-11
6.08879571e-07	7.446229e-11
6.09487560e-07	7.497000e-11
6.10096156e-07	7.593753e-11
6.10705360e-07	7.493718e-11
6.11315172e-07	7.749018e-11
6.11925592e-07	7.788637e-11
6.12536623e-07	7.745044e-11
6.13148263e-07	8.024088e-11
6.13760515e-07	7.992372e-11
6.14373377e-07	7.856577e-11
6.14986852e-07	8.180604e-11
6.15600939e-07	8.323456e-11
6.16215639e-07	8.289527e-11
6.16830953e-07	8.149814e-11
6.17446882e-07	8.515166e-11
6.18063426e-07	8.593761e-11
6.18680585e-07	8.765328e-11
6.19298360e-07	8.694342e-11
6.19916753e-07	8.700562e-11
6.20535763e-07	8.957261e-11
6.21155390e-07	8.869742e-11
6.21775637e-07	9.248560e-11
6.22396503e-07	9.212103e-11
6.23017989e-07	9.377865e-11
6.23640096e-07	9.232210e-11
6.24262823e-07	9.415597e-11
6.24886173e-07	9.536105e-11
6.25510145e-07	9.689195e-11
6.26134740e-07	9.453391e-11
6.26759959e-07	9.549360e-11
6.27385802e-07	9.757672e-11
6.28012270e-07	9.651150e-11
6.28639363e-07	9.804292e-11
6.29267083e-07	1.030172e-10
6.29895429e-07	1.019621e-10
6.30524403e-07	1.010441e-10
6.31154005e-07	1.021171e-10
6.31784236e-07	1.036064e-10
6.32415096e-07	1.019922e-10
6.33046586e-07	1.006382e-10
6.33678706e-07	1.090776e-10
6.34311458e-07	1.097199e-10
6.34944842e-07	1.093863e-10
6.35578858e-07	1.116038e-10
6.36213507e-07	1.133861e-10
6.36848789e-07	1.137216e-10
6.37484706e-07	1.107386e-10
6.38121259e-07	1.132995e-10
6.38758446e-07	1.131953e-10
6.39396270e-07	1.174497e-10
6.40034731e-07	1.181793e-10
6.40673830e-07	1.179408e-10
6.41313566e-07	1.183568e-10
6.41953941e-07	1.202140e-10
6.42594956e-07	1.224088e-10
6.43236611e-07	1.194399e-10
6.43878907e-07	1.210072e-10
6.44521844e-07	1.169284e-10
6.45165423e-07	1.242245e-10
6.45809644e-07	1.254394e-10
6.46454509e-07	1.246255e-10
6.47100018e-07	1.210795e-10
6.47746171e-07	1.214716e-10
6.48392970e-07	1.258710e-10
6.49040414e-07	1.325628e-10
6.49688505e-07	1.294253e-10
6.50337243e-07	1.344747e-10
6.50986629e-07	1.338633e-10
6.51636663e-07	1.247779e-10
6.52287347e-07	1.300238e-10
6.52938680e-07	1.296520e-10
6.53590663e-07	1.348929e-10
6.54243298e-07	1.361948e-10
6.54896584e-07	1.409325e-10
6.55550522e-07	1.395730e-10
6.56205114e-07	1.330767e-10
6.56860359e-07	1.370662e-10
6.57516258e-07	1.309429e-10
6.58172813e-07	1.433328e-10
6.58830023e-07	9.723822e-11
6.59487889e-07	1.316807e-10
6.60146412e-07	1.461455e-10
6.60805592e-07	1.536489e-10
6.61465431e-07	1.497536e-10
6.62125929e-07	1.539759e-10
6.62787086e-07	9.569923e-11
6.63448904e-07	1.281791e-10
6.64111382e-07	1.571902e-10
6.64774522e-07	1.440686e-10
6.65438324e-07	1.557944e-10
6.66102789e-07	1.589312e-10
6.66767917e-07	1.532771e-10
6.67433710e-07	1.514790e-10
6.68100167e-07	1.611840e-10
6.68767290e-07	1.644117e-10
6.69435079e-07	1.659623e-10
6.70103534e-07	1.691234e-10
6.70772657e-07	1.582507e-10
6.71442449e-07	1.731490e-10
6.72112909e-07	1.676260e-10
6.72784039e-07	1.763423e-10
6.73455838e-07	1.771446e-10
6.74128309e-07	1.623341e-10
6.74801451e-07	1.607772e-10
6.75475265e-07	1.743201e-10
6.76149752e-07	1.839900e-10
6.76824913e-07	1.660640e-10
6.77500748e-07	1.816472e-10
6.78177257e-07	1.846261e-10
6.78854443e-07	1.831705e-10
6.79532304e-07	1.821820e-10
6.80210842e-07	1.884323e-10
6.80890058e-07	1.901040e-10
6.81569952e-07	1.830467e-10
6.82250525e-07	1.870412e-10
6.82931777e-07	1.983487e-10
6.83613710e-07	1.960141e-10
6.84296323e-07	1.983552e-10
6.84979619e-07	2.027030e-10
6.85663596e-07	1.947335e-10
6.86348257e-07	2.040199e-10
6.87033601e-07	2.042223e-10
6.87719629e-07	1.449913e-10
6.88406343e-07	1.922190e-10
6.89093742e-07	2.039004e-10
6.89781828e-07	2.025065e-10
6.90470600e-07	2.001002e-10
6.91160061e-07	1.891275e-10
6.91850210e-07	1.860481e-10
6.92541048e-07	1.477896e-10
6.93232576e-07	1.858852e-10
6.93924794e-07	1.982649e-10
6.94617704e-07	1.929348e-10
6.95311305e-07	1.987120e-10
6.96005599e-07	2.029632e-10
6.96700587e-07	1.996410e-10
6.97396268e-07	2.028666e-10
6.98092644e-07	2.090246e-10
6.98789716e-07	2.161035e-10
6.99487483e-07	2.201557e-10
7.00185947e-07	2.030858e-10
7.00885109e-07	2.034628e-10
7.01584968e-07	2.220128e-10
7.02285527e-07	2.159789e-10
7.02986785e-07	2.022238e-10
7.03688744e-07	2.165830e-10
7.04391403e-07	2.128209e-10
7.05094764e-07	2.095441e-10
7.05798827e-07	2.363903e-10
7.06503593e-07	2.331613e-10
7.07209063e-07	1.973375e-10
7.07915238e-07	2.295719e-10
7.08622117e-07	2.247883e-10
7.09329703e-07	1.888809e-10
7.10037995e-07	2.265443e-10
7.10746994e-07	2.082209e-10
7.11456701e-07	2.357817e-10
7.12167117e-07	1.996383e-10
7.12878242e-07	2.239819e-10
7.13590078e-07	2.256906e-10
7.14302624e-07	2.036244e-10
7.15015881e-07	2.230815e-10
7.15729851e-07	2.006333e-10
7.16444534e-07	2.010722e-10
7.17159931e-07	2.186208e-10
7.17876041e-07	2.076334e-10
7.18592867e-07	2.113272e-10
7.19310409e-07	2.072907e-10
7.20028667e-07	2.127861e-10
7.20747642e-07	2.014810e-10
7.21467335e-07	1.746074e-10
7.22187747e-07	2.159736e-10
7.22908878e-07	2.178303e-10
7.23630730e-07	1.630565e-10
7.24353302e-07	1.948201e-10
7.25076595e-07	2.175799e-10
7.25800611e-07	2.038461e-10
7.26525350e-07	2.019182e-10
7.27250813e-07	2.203130e-10
7.27976999e-07	2.362810e-10
7.28703911e-07	2.220854e-10
7.29431549e-07	2.139655e-10
7.30159914e-07	2.001691e-10
7.30889005e-07	1.927220e-10
7.31618825e-07	2.412393e-10
7.32349374e-07	1.992773e-10
7.33080652e-07	2.324755e-10
7.33812660e-07	2.335083e-10
7.34545399e-07	2.412468e-10
7.35278870e-07	2.389224e-10
7.36013073e-07	2.325522e-10
7.36748009e-07	1.772505e-10
7.37483680e-07	2.383260e-10
7.38220084e-07	2.258101e-10
7.38957224e-07	2.475790e-10
7.39695101e-07	2.715663e-10
7.40433714e-07	2.262092e-10
7.41173064e-07	2.336886e-10
7.41913153e-07	1.820679e-10
7.42653981e-07	2.523615e-10
7.43395548e-07	2.652158e-10
7.44137856e-07	7.052303e-11
7.44880905e-07	2.595483e-10
7.45624697e-07	1.534301e-10
7.46369230e-07	2.418090e-10
7.47114508e-07	2.210665e-10
7.47860529e-07	2.730752e-10
7.48607296e-07	2.510295e-10
7.49354808e-07	2.784002e-10
7.50103066e-07	2.744823e-10
7.50852072e-07	2.208857e-10
7.51601826e-07	2.415449e-10
7.52352328e-07	2.568661e-10
7.53103580e-07	2.403964e-10
7.53855582e-07	2.631895e-10
7.54608334e-07	2.768220e-10
7.55361839e-07	2.792338e-10
7.56116095e-07	2.710192e-10
7.56871105e-07	2.605332e-10
7.57626869e-07	2.778339e-10
7.58383388e-07	2.878153e-10
7.59140662e-07	2.581057e-10
7.59898692e-07	2.827205e-10
7.60657479e-07	2.731903e-10
7.61417023e-07	3.031163e-10
7.62177326e-07	3.126593e-10
7.62938389e-07	3.222135e-10
7.63700211e-07	3.276847e-10
7.64462794e-07	3.224537e-10
7.65226138e-07	2.872878e-10
7.65990245e-07	3.233910e-10
7.66755115e-07	3.282594e-10
7.67520748e-07	3.105487e-10
7.68287146e-07	3.391668e-10
7.69054309e-07	3.219227e-10
7.69822238e-07	3.008791e-10
7.70590934e-07	2.899226e-10
7.71360398e-07	3.221049e-10
7.72130630e-07	3.021885e-10
7.72901631e-07	3.587549e-10
7.73673402e-07	3.322204e-10
7.74445944e-07	3.451900e-10
7.75219257e-07	3.482565e-10
7.75993342e-07	3.579837e-10
7.76768200e-07	3.518469e-10
7.77543832e-07	3.299743e-10
7.78320238e-07	3.569321e-10
7.79097420e-07	3.169422e-10
7.79875377e-07	3.625630e-10
7.80654112e-07	3.774246e-10
7.81433624e-07	3.686834e-10
7.82213914e-07	3.775000e-10
7.82994984e-07	3.830684e-10
7.83776833e-07	3.414209e-10
7.84559463e-07	3.598903e-10
7.85342875e-07	3.734947e-10
7.86127069e-07	3.840080e-10
7.86912046e-07	3.369244e-10
7.87697807e-07	3.888948e-10
7.88484352e-07	3.730248e-10
7.89271683e-07	3.727376e-10
7.90059800e-07	3.737706e-10
7.90848704e-07	4.009435e-10
7.91638396e-07	4.033944e-10
7.92428876e-07	4.091373e-10
7.93220146e-07	4.084729e-10
7.94012205e-07	4.093791e-10
7.94805056e-07	4.093647e-10
7.95598698e-07	4.167865e-10
7.96393133e-07	3.975898e-10
7.97188361e-07	4.355096e-10
7.97984383e-07	4.075394e-10
7.98781200e-07	4.195831e-10
7.99578813e-07	4.287708e-10
8.00377222e-07	4.049416e-10
8.01176428e-07	4.258423e-10
8.01976433e-07	4.306013e-10
8.02777236e-07	4.327467e-10
8.03578839e-07	3.583766e-10
8.04381242e-07	4.003574e-10
8.05184446e-07	4.274170e-10
8.05988453e-07	3.939026e-10
8.06793262e-07	2.945361e-10
8.07598875e-07	2.593075e-10
8.08405293e-07	3.865101e-10
8.09212515e-07	3.392169e-10
8.10020544e-07	3.551036e-10
8.10829379e-07	3.188571e-10
8.11639023e-07	3.170841e-10
8.12449474e-07	2.621649e-10
8.13260735e-07	2.793276e-10
8.14072806e-07	3.768141e-10
8.14885688e-07	2.403754e-10
8.15699382e-07	2.544218e-10
8.16513888e-07	3.974805e-10
8.17329207e-07	3.962857e-10
8.18145341e-07	4.042937e-10
8.18962289e-07	3.793216e-10
8.19780053e-07	3.644102e-10
8.20598634e-07	3.597798e-10
8.21418032e-07	4.125633e-10
8.22238248e-07	4.260551e-10
8.23059284e-07	3.648771e-11
8.23881139e-07	3.896696e-10
8.24703815e-07	3.205996e-10
8.25527312e-07	4.159876e-10
8.26351632e-07	3.732018e-10
8.27176774e-07	4.237037e-10
8.28002741e-07	4.846377e-10
8.28829533e-07	3.238688e-10
8.29657150e-07	2.793660e-10
8.30485593e-07	4.521077e-10
8.31314864e-07	3.847407e-10
8.32144962e-07	4.984077e-10
8.32975890e-07	4.884547e-10
8.33807647e-07	4.528451e-10
8.34640235e-07	2.926540e-10
8.35473654e-07	1.909919e-10
8.36307906e-07	3.714218e-10
8.37142990e-07	3.995844e-10
8.37978908e-07	4.336962e-10
8.38815661e-07	3.269819e-10
8.39653250e-07	4.505002e-10
8.40491675e-07	3.648509e-10
8.41330937e-07	3.983692e-10
8.42171037e-07	4.267473e-10
8.43011976e-07	4.149529e-10
8.43853755e-07	4.303069e-10
8.44696374e-07	4.866161e-10
8.45539834e-07	4.458741e-10
8.46384137e-07	2.376234e-10
8.47229283e-07	4.463982e-10
8.48075273e-07	4.384769e-10
8.48922108e-07	4.917534e-10
8.49769788e-07	4.890393e-10
8.50618314e-07	4.547413e-10
8.51467688e-07	4.756602e-10
8.52317910e-07	4.653879e-10
8.53168981e-07	5.059018e-10
8.54020902e-07	5.196377e-10
8.54873674e-07	4.530944e-10
8.55727297e-07	3.608529e-10
8.56581772e-07	4.077824e-10
8.57437101e-07	4.662732e-10
8.58293284e-07	4.641064e-10
8.59150321e-07	5.318654e-10
8.60008215e-07	4.341635e-10
8.60866965e-07	5.391035e-10
8.61726572e-07	5.275632e-10
8.62587038e-07	5.391466e-10
8.63448363e-07	5.333625e-10
8.64310548e-07	5.421709e-10
8.65173595e-07	5.405053e-10
8.66037502e-07	5.253603e-10
8.66902273e-07	5.966068e-10
8.67767907e-07	5.197899e-10
8.68634405e-07	6.329053e-10
8.69501769e-07	5.164721e-10
8.70369999e-07	5.257518e-10
8.71239096e-07	3.875253e-10
8.72109060e-07	6.160553e-10
8.72979893e-07	6.041578e-10
8.73851596e-07	6.455083e-10
8.74724169e-07	6.206998e-10
8.75597614e-07	5.648913e-10
8.76471930e-07	6.182077e-10
8.77347120e-07	6.820433e-10
8.78223184e-07	5.603443e-10
8.79100122e-07	6.565046e-10
8.79977936e-07	6.704088e-10
8.80856627e-07	6.111671e-10
8.81736195e-07	6.294357e-10
8.82616641e-07	6.633339e-10
8.83497966e-07	6.061242e-10
8.84380172e-07	6.378315e-10
8.85263258e-07	6.922888e-10
8.86147226e-07	6.172508e-10
8.87032077e-07	5.976680e-10
8.87917812e-07	6.626983e-10
8.88804430e-07	6.302535e-10
8.89691935e-07	6.539900e-10
8.90580325e-07	6.904437e-10
8.91469602e-07	5.312807e-10
8.92359768e-07	5.468806e-10
8.93250822e-07	5.611259e-10
8.94142766e-07	6.716150e-10
8.95035601e-07	5.993398e-10
8.95929327e-07	5.881163e-10
8.96823946e-07	5.470675e-10
8.97719458e-07	2.376279e-10
8.98615864e-07	6.435308e-10
8.99513165e-07	6.663591e-10
9.00411362e-07	6.964204e-10
9.01310456e-07	6.541647e-10
9.02210448e-07	6.654216e-10
9.03111339e-07	5.785373e-10
9.04013129e-07	5.669831e-10
9.04915820e-07	6.393461e-10
9.05819412e-07	5.862974e-10
9.06723906e-07	7.004215e-10
9.07629303e-07	5.432018e-10
9.08535605e-07	7.389997e-10
9.09442811e-07	5.432903e-10
9.10350924e-07	6.681260e-10
9.11259943e-07	7.370892e-10
9.12169869e-07	6.780853e-10
9.13080705e-07	3.697221e-10
9.13992450e-07	7.282714e-10
9.14905105e-07	7.477298e-10
9.15818672e-07	7.283040e-11
9.16733151e-07	4.562308e-10
9.17648543e-07	2.611034e-10
9.18564849e-07	6.368061e-10
9.19482070e-07	4.603637e-10
9.20400207e-07	4.724594e-10
9.21319260e-07	4.863550e-10
9.22239232e-07	4.842699e-10
9.23160122e-07	2.305967e-10
9.24081931e-07	3.394189e-10
9.25004661e-07	7.179099e-10
9.25928313e-07	6.600776e-11
9.26852887e-07	5.107328e-10
9.27778384e-07	2.617662e-10
9.28704805e-07	5.388949e-11
9.29632151e-07	2.581190e-10
9.30560423e-07	5.631260e-10
9.31489622e-07	6.122326e-10
9.32419749e-07	7.455265e-11
9.33350805e-07	9.780773e-11
9.34282790e-07	2.448954e-10
9.35215706e-07	3.985673e-10
9.36149554e-07	3.697956e-10
9.37084334e-07	5.393882e-10
9.38020047e-07	2.178215e-11
9.38956695e-07	1.213779e-10
9.39894278e-07	3.130080e-10
9.40832797e-07	5.965760e-10
9.41772253e-07	5.633240e-11
9.42712648e-07	2.155530e-10
9.43653981e-07	1.149402e-10
9.44596255e-07	1.455888e-10
9.45539469e-07	4.207909e-10
9.46483625e-07	4.901033e-10
9.47428724e-07	1.932553e-10
9.48374767e-07	3.304070e-10
9.49321755e-07	3.302283e-10
9.50269687e-07	3.413552e-10
9.51218567e-07	4.973897e-10
9.52168394e-07	2.926042e-10
9.53119169e-07	2.716048e-10
9.54070894e-07	5.969817e-10
9.55023569e-07	5.154049e-10
9.55977196e-07	2.321780e-10
9.56931774e-07	8.798618e-11
9.57887306e-07	5.082636e-10
9.58843792e-07	4.581028e-10
9.59801233e-07	2.435039e-10
9.60759630e-07	1.432683e-10
9.61718984e-07	4.010311e-10
9.62679296e-07	1.345841e-10
9.63640567e-07	9.601810e-11
9.64602798e-07	4.772969e-10
9.65565990e-07	3.287608e-10
9.66530143e-07	5.211052e-10
9.67495259e-07	3.745654e-10
9.68461339e-07	1.795260e-10
9.69428384e-07	2.148257e-10
9.70396394e-07	6.205202e-10
9.71365371e-07	5.472964e-10
9.72335315e-07	4.489546e-10
9.73306228e-07	3.489187e-10
9.74278110e-07	1.155981e-10
9.75250963e-07	1.924763e-10
9.76224787e-07	5.157912e-10
9.77199584e-07	3.889762e-10
9.78175354e-07	3.782487e-10
9.79152098e-07	3.385680e-10
9.80129818e-07	5.781910e-10
9.81108514e-07	4.643861e-10
9.82088187e-07	4.582308e-10
9.83068838e-07	4.619382e-10
9.84050469e-07	3.887390e-10
9.85033080e-07	3.100276e-10
9.86016672e-07	3.595701e-10
9.87001246e-07	5.212610e-10
9.87986804e-07	3.341865e-10
9.88973345e-07	4.795055e-10
9.89960871e-07	4.401747e-10
9.90949384e-07	4.938704e-10
9.91938884e-07	4.480669e-10
9.92929371e-07	4.912895e-10
9.93920848e-07	6.598467e-10
9.94913315e-07	5.032805e-10
9.95906773e-07	4.600216e-10
9.96901223e-07	4.438422e-10
9.97896665e-07	6.293853e-10
9.98893102e-07	6.677513e-10
9.99890534e-07	6.198499e-10
1.00088896e-06	3.692760e-10
1.00188839e-06	3.754995e-10
1.00288881e-06	5.606838e-10
1.00389023e-06	6.778298e-10
1.00489265e-06	5.423797e-10
1.00589607e-06	5.386270e-10
1.00690050e-06	6.877398e-10
1.00790593e-06	6.246426e-10
1.00891236e-06	7.249759e-10
1.00991979e-06	6.969824e-10
1.01092824e-06	4.619652e-10
1.01193769e-06	7.052069e-10
1.01294814e-06	5.739464e-10
1.01395961e-06	6.722638e-10
1.01497209e-06	7.194281e-10
1.01598557e-06	7.609597e-10
1.01700007e-06	6.666119e-10
1.01801558e-06	6.753727e-10
1.01903211e-06	8.015648e-10
1.02004965e-06	4.908776e-10
1.02106821e-06	7.872930e-10
1.02208778e-06	7.801563e-10
1.02310838e-06	6.490173e-10
1.02412999e-06	7.193698e-10
1.02515262e-06	7.728720e-10
1.02617627e-06	6.646639e-10
1.02720095e-06	7.947291e-10
1.02822665e-06	7.289618e-10
1.02925337e-06	7.364328e-10
1.03028112e-06	7.453849e-10
1.03130989e-06	8.295150e-10
1.03233969e-06	7.730578e-10
1.03337052e-06	8.375475e-10
1.03440238e-06	9.053509e-10
1.03543527e-06	8.567255e-10
1.03646919e-06	9.129819e-10
1.03750414e-06	7.744464e-10
1.03854013e-06	8.322828e-10
1.03957715e-06	8.995871e-10
1.04061521e-06	9.119680e-10
1.04165430e-06	7.983706e-10
1.04269443e-06	8.069084e-10
1.04373560e-06	8.690744e-10
1.04477781e-06	8.436516e-10
1.04582106e-06	9.277966e-10
1.04686535e-06	7.343929e-10
1.04791068e-06	7.925742e-10
1.04895706e-06	8.797810e-10
1.05000448e-06	8.473964e-10
1.05105295e-06	8.166174e-10
1.05210246e-06	8.071474e-10
1.05315303e-06	9.999765e-10
1.05420464e-06	9.981128e-10
1.05525730e-06	1.050629e-09
1.05631102e-06	9.758977e-10
1.05736578e-06	1.029334e-09
1.05842160e-06	1.050629e-09
1.05947847e-06	9.295526e-10
1.06053640e-06	8.863100e-10
1.06159539e-06	9.934852e-10
1.06265543e-06	1.023498e-09
1.06371653e-06	9.829849e-10
1.06477869e-06	1.083053e-09
1.06584191e-06	9.904951e-10
1.06690619e-06	9.851659e-10
1.06797154e-06	1.026558e-09
1.06903795e-06	8.874235e-10
1.07010542e-06	1.076412e-09
1.07117396e-06	9.254275e-10
1.07224357e-06	1.123690e-09
1.07331424e-06	1.093320e-09
1.07438599e-06	1.183100e-09
1.07545880e-06	1.126349e-09
1.07653269e-06	9.717668e-10
1.07760765e-06	1.021587e-09
1.07868368e-06	6.133610e-10
1.07976078e-06	9.990203e-10
1.08083896e-06	1.106268e-09
1.08191822e-06	1.085908e-09
1.08299856e-06	1.132487e-09
1.08407997e-06	1.123885e-09
1.08516247e-06	1.040082e-09
1.08624604e-06	8.932667e-10
1.08733070e-06	9.062541e-10
1.08841644e-06	9.978451e-10
1.08950326e-06	8.083981e-10
1.09059117e-06	9.352010e-10
1.09168017e-06	3.617183e-10
1.09277025e-06	3.813672e-10
1.09386142e-06	4.253868e-10
1.09495368e-06	4.024428e-10
1.09604703e-06	2.139705e-10
1.09714148e-06	4.589139e-10
1.09823701e-06	7.521468e-10
1.09933364e-06	7.116338e-10
1.10043137e-06	3.975146e-10
1.10153019e-06	4.885641e-10
1.10263011e-06	5.188747e-10
1.10373113e-06	9.262657e-10
1.10483324e-06	5.624636e-10
1.10593646e-06	4.053775e-10
1.10704078e-06	6.467636e-10
1.10814620e-06	5.045362e-10
1.10925273e-06	4.436403e-10
1.11036036e-06	1.275118e-10
1.11146909e-06	5.583520e-10
1.11257893e-06	5.743294e-10
1.11368989e-06	5.319465e-10
1.11480195e-06	1.395396e-10
1.11591512e-06	7.225676e-10
1.11702940e-06	2.822314e-10
1.11814480e-06	6.657710e-10
1.11926130e-06	2.066698e-10
1.12037893e-06	5.902122e-11
1.12149767e-06	6.817291e-10
1.12261752e-06	6.834032e-10
1.12373850e-06	6.143981e-10
1.12486059e-06	6.142219e-10
1.12598381e-06	6.427688e-10
1.12710815e-06	7.177860e-10
1.12823361e-06	2.043305e-10
1.12936019e-06	1.222805e-10
1.13048790e-06	6.283346e-10
1.13161673e-06	4.080704e-10
1.13274669e-06	8.196531e-10
1.13387778e-06	7.247570e-10
1.13501000e-06	4.245360e-10
1.13614335e-06	4.708747e-10
1.13727783e-06	5.616134e-10
1.13841345e-06	8.191975e-10
1.13955019e-06	7.754836e-10
1.14068808e-06	6.863991e-10
1.14182710e-06	4.607243e-10
1.14296725e-06	4.828012e-10
1.14410855e-06	1.691841e-10
1.14525098e-06	6.282360e-10
1.14639456e-06	2.956800e-10
1.14753928e-06	5.186332e-10
1.14868514e-06	3.511136e-10
1.14983214e-06	1.781647e-10
1.15098029e-06	4.165447e-10
1.15212959e-06	8.015711e-10
1.15328003e-06	2.416883e-10
1.15443162e-06	3.269780e-10
1.15558437e-06	4.292250e-10
1.15673826e-06	6.840927e-10
1.15789331e-06	4.158394e-10
1.15904951e-06	6.681637e-10
1.16020686e-06	5.611509e-10
1.16136537e-06	5.600914e-10
1.16252504e-06	7.082244e-11
1.16368586e-06	8.426427e-11
1.16484784e-06	3.838955e-10
1.16601099e-06	6.456657e-10
1.16717529e-06	4.128326e-10
1.16834076e-06	9.201043e-11
1.16950739e-06	1.164531e-10
1.17067519e-06	3.341480e-10
1.17184415e-06	7.226779e-10
1.17301428e-06	5.075547e-10
1.17418558e-06	5.262301e-10
1.17535805e-06	6.290420e-10
1.17653168e-06	4.769035e-10
1.17770650e-06	4.300348e-10
1.17888248e-06	3.410342e-10
1.18005964e-06	3.020931e-10
1.18123797e-06	5.675553e-10
1.18241748e-06	9.955964e-11
1.18359817e-06	3.582886e-10
1.18478003e-06	5.152922e-10
1.18596308e-06	1.913728e-10
1.18714731e-06	9.120569e-10
1.18833272e-06	7.178043e-10
1.18951931e-06	3.610217e-10
1.19070709e-06	4.386480e-10
1.19189606e-06	6.217979e-10
1.19308621e-06	8.650414e-10
1.19427755e-06	7.180313e-10
1.19547008e-06	9.109609e-10
1.19666380e-06	7.927250e-10
1.19785872e-06	7.752018e-10
1.19905482e-06	4.659518e-10
1.20025212e-06	9.517592e-10
1.20145062e-06	8.451703e-10
1.20265031e-06	7.859511e-10
1.20385120e-06	1.080515e-09
1.20505329e-06	6.889969e-10
1.20625658e-06	6.965294e-10
1.20746108e-06	9.061660e-10
1.20866677e-06	9.414273e-10
1.20987367e-06	4.177177e-10
1.21108177e-06	8.594845e-10
1.21229108e-06	6.674212e-10
1.21350160e-06	8.732889e-10
1.21471333e-06	9.643904e-10
1.21592626e-06	6.456487e-10
1.21714041e-06	8.937069e-10
1.21835577e-06	1.069770e-09
1.21957234e-06	1.210392e-09
1.22079013e-06	7.312648e-10
1.22200914e-06	1.003092e-09
1.22322936e-06	8.538916e-10
1.22445080e-06	1.090887e-09
1.22567346e-06	9.079122e-10
1.22689734e-06	8.977813e-10
1.22812244e-06	1.034980e-09
1.22934876e-06	8.506622e-10
1.23057631e-06	8.081172e-10
1.23180509e-06	6.777930e-10
1.23303509e-06	1.055896e-09
1.23426633e-06	8.928855e-10
1.23549879e-06	9.142104e-10
1.23673248e-06	7.875432e-10
1.23796740e-06	1.008227e-09
1.23920356e-06	1.139610e-09
1.24044095e-06	9.740793e-10
1.24167957e-06	1.204504e-09
1.24291944e-06	9.533653e-10
1.24416054e-06	1.003101e-09
1.24540288e-06	1.309323e-09
1.24664646e-06	1.294382e-09
1.24789128e-06	1.270944e-09
1.24913735e-06	1.320204e-09
1.25038466e-06	1.351908e-09
1.25163321e-06	1.257329e-09
1.25288301e-06	1.358027e-09
1.25413407e-06	1.360923e-09
1.25538636e-06	9.118449e-10
1.25663991e-06	1.246931e-09
1.25789472e-06	1.099515e-09
1.25915077e-06	1.433036e-09
1.26040808e-06	9.763043e-10
1.26166664e-06	1.295191e-09
1.26292646e-06	1.439950e-09
1.26418754e-06	1.337801e-09
1.26544988e-06	1.366511e-09
1.26671348e-06	1.486708e-09
1.26797834e-06	1.533024e-09
1.26924446e-06	1.343389e-09
1.27051185e-06	5.881577e-10
1.27178050e-06	1.527214e-09
1.27305042e-06	1.198650e-09
1.27432161e-06	1.696000e-09
1.27559407e-06	1.452002e-09
1.27686780e-06	1.250963e-09
1.27814280e-06	1.524101e-09
1.27941907e-06	1.231926e-09
1.28069662e-06	1.256640e-09
1.28197544e-06	1.221477e-09
1.28325554e-06	6.122471e-10
1.28453692e-06	1.247078e-09
1.28581958e-06	1.434894e-09
1.28710351e-06	1.598799e-09
1.28838874e-06	1.399710e-09
1.28967524e-06	8.646224e-10
1.29096303e-06	1.410786e-09
1.29225210e-06	1.390748e-09
1.29354246e-06	1.712486e-09
1.29483411e-06	1.041579e-09
1.29612705e-06	1.414426e-09
1.29742128e-06	1.258338e-09
1.29871681e-06	1.563766e-09
1.30001362e-06	1.798971e-09
1.30131174e-06	1.296828e-09
1.30261114e-06	1.256766e-09
1.30391185e-06	1.347478e-09
1.30521385e-06	1.426556e-09
1.30651716e-06	1.240821e-09
1.30782176e-06	1.234137e-09
1.30912767e-06	3.301678e-10
1.31043489e-06	8.543250e-10
1.31174340e-06	6.264606e-10
1.31305323e-06	1.394296e-09
1.31436436e-06	1.113916e-09
1.31567680e-06	1.364600e-09
1.31699055e-06	7.816027e-10
1.31830562e-06	1.130273e-09
1.31962199e-06	1.007968e-09
1.32093969e-06	1.014704e-09
1.32225869e-06	1.216017e-09
1.32357902e-06	1.121272e-09
1.32490066e-06	1.069781e-09
1.32622362e-06	5.898344e-10
1.32754791e-06	1.600952e-09
1.32887351e-06	5.976671e-10
1.33020044e-06	4.588764e-10
1.33152870e-06	1.156455e-09
1.33285828e-06	3.417931e-10
1.33418918e-06	6.636210e-10
1.33552142e-06	6.785667e-10
1.33685499e-06	4.515163e-10
1.33818989e-06	3.806715e-10
1.33952612e-06	5.729742e-10
1.34086369e-06	6.534683e-10
1.34220259e-06	9.166261e-10
1.34354283e-06	1.994618e-10
1.34488441e-06	1.072183e-10
1.34622732e-06	6.416930e-10
1.34757158e-06	3.063385e-10
1.34891718e-06	4.308097e-10
1.35026412e-06	1.879221e-10
1.35161241e-06	1.574134e-10
1.35296205e-06	3.088929e-10
1.35431303e-06	2.201427e-10
1.35566536e-06	1.626800e-10
1.35701905e-06	3.015053e-10
1.35837408e-06	1.254891e-10
1.35973047e-06	3.308544e-10
1.36108821e-06	1.116411e-10
1.36244730e-06	2.011951e-10
1.36380776e-06	5.430040e-10
1.36516957e-06	4.590459e-10
1.36653274e-06	2.805480e-10
1.36789728e-06	2.649135e-10
1.36926317e-06	2.072465e-10
1.37063043e-06	2.239442e-10
1.37199906e-06	4.397867e-10
1.37336905e-06	5.553241e-10
1.37474041e-06	4.184437e-10
1.37611314e-06	2.619318e-10
1.37748724e-06	6.945732e-10
1.37886271e-06	3.273344e-10
1.38023956e-06	2.230670e-10
1.38161778e-06	6.403247e-10
1.38299737e-06	3.171575e-10
1.38437835e-06	2.153493e-10
1.38576070e-06	1.944425e-10
1.38714443e-06	3.896282e-10
1.38852955e-06	5.574433e-10
1.38991605e-06	1.303021e-10
1.39130393e-06	5.248260e-10
1.39269320e-06	1.505623e-10
1.39408385e-06	6.232904e-10
1.39547590e-06	3.164042e-10
1.39686933e-06	3.329646e-10
1.39826416e-06	4.961130e-10
1.39966038e-06	1.422977e-10
1.40105799e-06	1.516830e-10
1.40245700e-06	5.484714e-10
1.40385740e-06	5.034642e-10
1.40525921e-06	1.857678e-10
1.40666241e-06	1.576003e-10
1.40806702e-06	4.749738e-10
1.40947302e-06	3.110271e-10
1.41088043e-06	2.138025e-10
1.41228925e-06	3.406483e-10
1.41369947e-06	2.863035e-10
1.41511110e-06	4.663734e-10
1.41652415e-06	7.193422e-10
1.41793860e-06	3.457517e-10
1.41935446e-06	2.283438e-10
1.42077174e-06	1.383713e-10
1.42219043e-06	1.978935e-10
1.42361054e-06	1.648045e-10
1.42503207e-06	2.847751e-10
1.42645502e-06	4.585729e-10
1.42787939e-06	3.183781e-10
1.42930518e-06	1.974654e-10
1.43073239e-06	4.971339e-10
1.43216103e-06	2.129670e-10
1.43359110e-06	4.428245e-10
1.43502259e-06	4.521686e-10
1.43645551e-06	3.337365e-10
1.43788987e-06	3.625907e-10
1.43932565e-06	4.637477e-10
1.44076287e-06	3.554930e-10
1.44220153e-06	4.344092e-10
1.44364162e-06	6.329331e-10
1.44508315e-06	2.856629e-10
1.44652612e-06	4.733589e-10
1.44797053e-06	3.208343e-10
1.44941638e-06	5.653488e-10
1.45086368e-06	2.350928e-10
1.45231242e-06	4.987206e-10
1.45376261e-06	2.564317e-10
1.45521424e-06	5.363806e-10
1.45666733e-06	1.561544e-10
1.45812186e-06	1.881260e-10
1.45957785e-06	2.212912e-10
1.46103529e-06	5.736717e-10
1.46249419e-06	2.634318e-10
1.46395455e-06	2.626732e-10
1.46541636e-06	6.363548e-10
1.46687963e-06	2.967109e-10
1.46834437e-06	4.157526e-10
1.46981056e-06	4.895017e-10
1.47127822e-06	5.894211e-10
1.47274735e-06	7.684569e-10
1.47421794e-06	2.661501e-10
1.47569000e-06	2.478793e-10
1.47716353e-06	4.168482e-10
1.47863854e-06	2.306471e-10
1.48011501e-06	3.673872e-10
1.48159296e-06	5.179775e-10
1.48307239e-06	8.490128e-10
1.48455329e-06	2.865545e-10
1.48603567e-06	4.181482e-10
1.48751953e-06	6.066789e-10
1.48900488e-06	7.187409e-10
1.49049170e-06	3.936203e-10
1.49198001e-06	6.215728e-10
1.49346981e-06	2.514417e-10
1.49496110e-06	9.258904e-10
1.49645387e-06	2.801778e-10
1.49794813e-06	8.033122e-10
1.49944389e-06	7.455509e-10
1.50094114e-06	5.340951e-10
1.50243989e-06	5.196918e-10
1.50394013e-06	5.141373e-10
1.50544187e-06	5.751507e-10
1.50694511e-06	4.868239e-10
1.50844985e-06	6.767464e-10
1.50995609e-06	5.856014e-10
1.51146384e-06	5.689747e-10
1.51297309e-06	8.894940e-10
1.51448385e-06	5.997228e-10
1.51599612e-06	8.844437e-10
1.51750990e-06	4.223276e-10
1.51902519e-06	3.005479e-10
1.52054199e-06	6.871024e-10
1.52206031e-06	3.979794e-10
1.52358014e-06	6.139087e-10
1.52510149e-06	5.971562e-10
1.52662436e-06	1.023909e-09
1.52814875e-06	5.496336e-10
1.52967467e-06	1.256495e-09
1.53120210e-06	2.786373e-10
1.53273107e-06	8.058733e-10
1.53426156e-06	4.686984e-10
1.53579357e-06	6.601204e-10
1.53732712e-06	2.899235e-10
1.53886220e-06	7.442743e-10
1.54039881e-06	9.243625e-10
1.54193695e-06	8.003959e-10
1.54347663e-06	8.786686e-10
1.54501785e-06	1.205834e-09
1.54656061e-06	4.968836e-10
1.54810491e-06	1.011538e-09
1.54965075e-06	6.744639e-10
1.55119813e-06	9.449648e-10
1.55274706e-06	9.767804e-10
1.55429754e-06	1.118507e-09
1.55584956e-06	1.019594e-09
1.55740313e-06	7.288571e-10
1.55895826e-06	1.019520e-09
1.56051494e-06	1.118001e-09
1.56207317e-06	1.109069e-09
1.56363296e-06	1.150872e-09
1.56519430e-06	7.140310e-10
1.56675721e-06	1.119085e-09
1.56832167e-06	1.098291e-09
1.56988770e-06	1.145187e-09
1.57145529e-06	1.002067e-09
1.57302445e-06	5.976409e-10
1.57459517e-06	1.188545e-09
1.57616746e-06	1.055783e-09
1.57774132e-06	1.310568e-09
1.57931676e-06	1.253519e-09
1.58089376e-06	1.359493e-09
1.58247234e-06	6.190386e-10
1.58405250e-06	1.091519e-09
1.58563424e-06	1.244938e-09
1.58721755e-06	1.029748e-09
1.58880245e-06	1.490124e-09
1.59038892e-06	7.023910e-10
1.59197699e-06	1.101676e-09
1.59356663e-06	1.472667e-09
1.59515787e-06	1.609025e-09
1.59675069e-06	1.350436e-09
1.59834511e-06	1.041012e-09
1.59994111e-06	1.298805e-09
1.60153872e-06	1.273439e-09
1.60313791e-06	1.098251e-09
1.60473870e-06	1.629026e-09
1.60634109e-06	1.385022e-09
1.60794509e-06	1.509487e-09
1.60955068e-06	1.466424e-09
1.61115787e-06	1.471310e-09
1.61276668e-06	1.427044e-09
1.61437708e-06	1.578206e-09
1.61598910e-06	1.438486e-09
1.61760272e-06	1.581544e-09
1.61921796e-06	1.345549e-09
1.62083481e-06	1.569012e-09
1.62245327e-06	1.464612e-09
1.62407335e-06	1.345707e-09
1.62569505e-06	1.491062e-09
1.62731837e-06	1.485673e-09
1.62894330e-06	1.689681e-09
1.63056986e-06	1.604314e-09
1.63219805e-06	4.980033e-10
1.63382786e-06	1.671919e-09
1.63545930e-06	1.474105e-09
1.63709236e-06	1.486958e-09
1.63872706e-06	1.531977e-09
1.64036339e-06	1.418164e-09
1.64200135e-06	1.919346e-09
1.64364095e-06	1.701663e-09
1.64528219e-06	1.598273e-09
1.64692506e-06	1.603382e-09
1.64856958e-06	1.668076e-09
1.65021574e-06	1.730546e-09
1.65186354e-06	1.558164e-09
1.65351299e-06	1.808957e-09
1.65516408e-06	1.775585e-09
1.65681682e-06	1.813669e-09
1.65847122e-06	1.706355e-09
1.66012726e-06	1.625834e-09
1.66178496e-06	1.668602e-09
1.66344431e-06	1.754697e-09
1.66510532e-06	1.813868e-09
1.66676799e-06	1.632029e-09
1.66843232e-06	1.766770e-09
1.67009831e-06	1.270783e-09
1.67176597e-06	1.146766e-09
1.67343529e-06	1.712084e-09
1.67510628e-06	1.690026e-09
1.67677893e-06	1.784761e-09
1.67845326e-06	1.191856e-09
1.68012926e-06	1.788249e-09
1.68180693e-06	2.045649e-09
1.68348627e-06	1.467223e-09
1.68516730e-06	1.592594e-09
1.68685000e-06	9.729741e-10
1.68853438e-06	1.692722e-09
1.69022045e-06	1.856772e-09
1.69190819e-06	1.258720e-09
1.69359763e-06	1.905973e-09
1.69528875e-06	1.225376e-09
1.69698156e-06	1.588924e-09
1.69867605e-06	1.856270e-09
1.70037225e-06	1.555429e-09
1.70207013e-06	1.723827e-09
1.70376971e-06	1.145804e-09
1.70547099e-06	1.481347e-09
1.70717396e-06	1.698822e-09
1.70887864e-06	1.566243e-09
1.71058502e-06	1.905174e-09
1.71229310e-06	1.621041e-09
1.71400289e-06	1.329554e-09
1.71571438e-06	1.106794e-09
1.71742759e-06	1.102871e-09
1.71914250e-06	1.093177e-09
1.72085913e-06	9.745481e-10
1.72257747e-06	1.130770e-09
1.72429753e-06	1.652174e-09
1.72601931e-06	1.506601e-09
1.72774280e-06	1.116936e-09
1.72946801e-06	1.007758e-09
1.73119495e-06	1.256928e-09
1.73292362e-06	1.199936e-09
1.73465400e-06	1.172097e-09
1.73638612e-06	1.463957e-09
1.73811997e-06	1.302763e-09
1.73985554e-06	7.080452e-10
1.74159285e-06	1.351844e-09
1.74333190e-06	1.371960e-09
1.74507268e-06	8.939970e-10
1.74681520e-06	3.339596e-10
1.74855946e-06	1.628536e-09
1.75030546e-06	4.674724e-10
1.75205321e-06	5.358204e-10
1.75380270e-06	1.084055e-09
1.75555393e-06	4.024958e-10
1.75730692e-06	5.766877e-10
1.75906165e-06	1.462021e-09
1.76081814e-06	1.254992e-09
1.76257638e-06	1.243200e-09
1.76433638e-06	1.242378e-09
1.76609814e-06	1.274167e-09
1.76786165e-06	3.284930e-10
1.76962693e-06	1.547218e-09
1.77139397e-06	1.058973e-09
1.77316277e-06	8.278341e-10
1.77493334e-06	8.205699e-10
1.77670567e-06	9.691792e-10
1.77847978e-06	5.886095e-10
1.78025566e-06	9.014637e-10
1.78203331e-06	6.430904e-10
1.78381274e-06	8.730569e-10
1.78559394e-06	1.137745e-09
1.78737692e-06	1.109154e-09
1.78916168e-06	9.821361e-10
1.79094823e-06	7.268525e-10
1.79273655e-06	5.685757e-10
1.79452667e-06	1.344942e-09
1.79631857e-06	3.420241e-10
1.79811226e-06	8.603289e-10
1.79990774e-06	1.080153e-09
1.80170502e-06	6.150870e-10
1.80350409e-06	5.732510e-10
1.80530495e-06	1.053542e-09
1.80710762e-06	5.534855e-10
1.80891208e-06	5.267431e-10
1.81071835e-06	3.984451e-10
1.81252641e-06	4.028915e-10
1.81433629e-06	7.912870e-10
1.81614797e-06	1.291876e-09
1.81796146e-06	6.951137e-10
1.81977676e-06	7.461057e-10
1.82159388e-06	5.586137e-10
1.82341281e-06	4.357910e-10
1.82523355e-06	8.131087e-10
1.82705612e-06	7.334170e-10
1.82888050e-06	3.737821e-10
1.83070670e-06	8.144511e-10
1.83253473e-06	4.238576e-10
1.83436459e-06	1.291316e-09
1.83619627e-06	4.283096e-10
1.83802978e-06	9.555628e-10
1.83986512e-06	3.883787e-10
1.84170229e-06	1.170709e-09
1.84354130e-06	4.797055e-10
1.84538214e-06	1.109627e-09
1.84722483e-06	4.140233e-10
1.84906935e-06	1.335605e-09
1.85091571e-06	1.081872e-09
1.85276392e-06	1.334371e-09
1.85461397e-06	8.629681e-10
1.85646588e-06	8.055090e-10
1.85831963e-06	8.575528e-10
1.86017523e-06	8.040892e-10
1.86203268e-06	7.271979e-10
1.86389199e-06	9.282313e-10
1.86575315e-06	9.799892e-10
1.86761618e-06	7.126611e-10
1.86948106e-06	1.149178e-09
1.87134781e-06	8.581363e-10
1.87321642e-06	8.243805e-10
1.87508689e-06	1.039233e-09
1.87695924e-06	1.007155e-09
1.87883345e-06	9.024060e-10
1.88070954e-06	1.299972e-09
1.88258749e-06	1.185336e-09
1.88446733e-06	1.081730e-09
1.88634904e-06	1.525026e-09
1.88823263e-06	1.098012e-09
1.89011810e-06	6.689091e-10
1.89200545e-06	1.054974e-09
1.89389469e-06	4.125537e-10
1.89578581e-06	1.355230e-09
1.89767882e-06	1.008966e-09
1.89957373e-06	1.090533e-09
1.90147052e-06	4.614595e-10
1.90336921e-06	6.744818e-10
1.90526980e-06	9.648010e-10
1.90717228e-06	6.098950e-10
1.90907666e-06	1.264514e-09
1.91098294e-06	1.055717e-09
1.91289113e-06	7.773499e-10
1.91480122e-06	1.279647e-09
1.91671322e-06	8.844195e-10
1.91862713e-06	1.252355e-09
1.92054295e-06	1.135179e-09
1.92246069e-06	8.736165e-10
1.92438033e-06	1.204959e-09
1.92630190e-06	8.938924e-10
1.92822538e-06	1.061126e-09
1.93015079e-06	1.249387e-09
1.93207812e-06	1.300983e-09
1.93400737e-06	7.524323e-10
1.93593855e-06	1.026063e-09
1.93787165e-06	9.302345e-10
1.93980669e-06	5.035549e-10
1.94174366e-06	1.340515e-09
1.94368256e-06	9.977494e-10
1.94562340e-06	1.142940e-09
1.94756618e-06	8.092492e-10
1.94951089e-06	1.057204e-09
1.95145755e-06	1.205908e-09
1.95340615e-06	4.636533e-10
1.95535670e-06	8.898324e-10
1.95730920e-06	8.449569e-10
1.95926364e-06	1.382952e-09
1.96122004e-06	1.083075e-09
1.96317839e-06	1.187372e-09
1.96513870e-06	7.111571e-10
1.96710096e-06	1.201546e-09
1.96906519e-06	1.134362e-09
1.97103137e-06	9.136391e-10
1.97299952e-06	7.796641e-10
1.97496963e-06	1.249104e-09
1.97694171e-06	1.016285e-09
1.97891576e-06	1.552026e-09
1.98089178e-06	1.145135e-09
1.98286978e-06	7.527398e-10
1.98484975e-06	7.741183e-10
1.98683169e-06	8.029372e-10
1.98881562e-06	1.453374e-09
1.99080152e-06	5.320959e-10
1.99278941e-06	7.874928e-10
1.99477929e-06	1.254367e-09
1.99677115e-06	7.995401e-10
1.99876500e-06	1.298348e-09
2.00076084e-06	1.364207e-09
2.00275867e-06	1.270912e-09
2.00475850e-06	1.164221e-09
2.00676033e-06	1.406160e-09
2.00876415e-06	4.790855e-10
2.01076998e-06	8.078413e-10
2.01277780e-06	1.308993e-09
2.01478764e-06	1.125373e-09
2.01679948e-06	6.883399e-10
2.01881333e-06	5.173134e-10
2.02082919e-06	1.163709e-09
2.02284706e-06	1.085440e-09
2.02486695e-06	8.574972e-10
2.02688885e-06	1.179591e-09
2.02891278e-06	8.955351e-10
2.03093872e-06	8.649984e-10
2.03296669e-06	1.010608e-09
2.03499668e-06	1.025948e-09
2.03702870e-06	1.274351e-09
2.03906275e-06	1.076457e-09
2.04109883e-06	1.214798e-09
2.04313694e-06	1.222604e-09
2.04517709e-06	1.466840e-09
2.04721927e-06	1.193424e-09
2.04926350e-06	1.463413e-09
2.05130976e-06	1.468182e-09
2.05335807e-06	7.359687e-10
2.05540843e-06	1.580305e-09
2.05746083e-06	1.347924e-09
2.05951528e-06	1.485041e-09
2.06157178e-06	8.739210e-10
2.06363034e-06	1.334103e-09
2.06569095e-06	1.461829e-09
2.06775362e-06	8.397283e-10
2.06981835e-06	1.669971e-09
2.07188514e-06	1.412499e-09
2.07395399e-06	1.388113e-09
2.07602491e-06	1.306290e-09
2.07809790e-06	1.502072e-09
2.08017296e-06	1.515398e-09
2.08225009e-06	1.650799e-09
2.08432929e-06	1.173437e-09
2.08641057e-06	9.462087e-10
2.08849393e-06	1.161199e-09
2.09057937e-06	1.286605e-09
2.09266689e-06	1.663852e-09
2.09475649e-06	1.216282e-09
2.09684818e-06	1.284345e-09
2.09894197e-06	1.505894e-09
2.10103784e-06	1.388887e-09
2.10313580e-06	1.549263e-09
2.10523586e-06	1.498484e-09
2.10733802e-06	1.233052e-09
2.10944227e-06	1.679881e-09
2.11154863e-06	1.180978e-09
2.11365709e-06	1.461272e-09
2.11576765e-06	1.639562e-09
2.11788032e-06	1.575932e-09
2.11999511e-06	1.302104e-09
2.12211200e-06	1.657511e-09
2.12423101e-06	1.701517e-09
2.12635213e-06	1.584031e-09
2.12847537e-06	1.085441e-09
2.13060073e-06	1.401743e-09
2.13272822e-06	1.596647e-09
2.13485783e-06	1.547696e-09
2.13698956e-06	1.314236e-09
2.13912342e-06	1.698664e-09
2.14125942e-06	1.389641e-09
2.14339754e-06	1.051540e-09
2.14553781e-06	1.739319e-09
2.14768021e-06	1.776837e-09
2.14982474e-06	1.294676e-09
2.15197142e-06	1.659189e-09
2.15412025e-06	1.623835e-09
2.15627122e-06	1.758544e-09
2.15842433e-06	1.817971e-09
2.16057960e-06	1.415781e-09
2.16273702e-06	1.769723e-09
2.16489659e-06	1.644028e-09
2.16705832e-06	1.746924e-09
2.16922221e-06	1.699734e-09
2.17138826e-06	1.317715e-09
2.17355647e-06	1.748154e-09
2.17572684e-06	1.384689e-09
2.17789939e-06	1.750710e-09
2.18007410e-06	1.629755e-09
2.18225099e-06	1.598460e-09
2.18443005e-06	1.396192e-09
2.18661128e-06	1.315441e-09
2.18879469e-06	1.682671e-09
2.19098028e-06	1.539847e-09
2.19316806e-06	1.734172e-09
2.19535802e-06	1.642415e-09
2.19755017e-06	1.650913e-09
2.19974450e-06	1.705759e-09
2.20194103e-06	1.607055e-09
2.20413975e-06	1.592437e-09
2.20634066e-06	1.628049e-09
2.20854377e-06	1.152288e-09
2.21074909e-06	1.281684e-09
2.21295660e-06	1.639847e-09
2.21516632e-06	1.666621e-09
2.21737825e-06	1.624865e-09
2.21959238e-06	8.086382e-10
2.22180873e-06	1.500546e-09
2.22402729e-06	1.697785e-09
2.22624806e-06	1.667358e-09
2.22847105e-06	1.657605e-09
2.23069626e-06	1.756576e-09
2.23292369e-06	8.721984e-10
2.23515335e-06	1.671180e-09
2.23738523e-06	1.699383e-09
2.23961935e-06	1.765746e-09
2.24185569e-06	1.009571e-09
2.24409427e-06	1.741651e-09
2.24633508e-06	1.606109e-09
2.24857813e-06	1.717367e-09
2.25082341e-06	1.602270e-09
2.25307094e-06	1.705096e-09
2.25532072e-06	1.649178e-09
2.25757274e-06	1.706924e-09
2.25982701e-06	1.682341e-09
2.26208353e-06	1.758683e-09
2.26434231e-06	1.477690e-09
2.26660334e-06	1.606911e-09
2.26886662e-06	1.593525e-09
2.27113217e-06	1.694841e-09
2.27339998e-06	1.604596e-09
2.27567005e-06	1.672259e-09
2.27794240e-06	1.650054e-09
2.28021700e-06	1.383934e-09
2.28249389e-06	1.375951e-09
2.28477304e-06	1.702812e-09
2.28705447e-06	1.585119e-09
2.28933818e-06	1.697848e-09
2.29162417e-06	1.465057e-09
2.29391244e-06	7.674904e-10
2.29620300e-06	1.499530e-09
2.29849584e-06	1.133682e-09
2.30079097e-06	1.528891e-09
2.30308840e-06	1.233907e-09
2.30538812e-06	1.579223e-09
2.30769013e-06	1.424380e-09
2.30999445e-06	1.248461e-09
2.31230106e-06	1.536393e-09
2.31460998e-06	1.583261e-09
2.31692121e-06	1.615584e-09
2.31923474e-06	1.663101e-09
2.32155058e-06	1.627272e-09
2.32386873e-06	1.571441e-09
2.32618920e-06	1.544296e-09
2.32851199e-06	9.787552e-10
2.33083709e-06	1.605329e-09
2.33316452e-06	1.407333e-09
2.33549427e-06	1.374274e-09
2.33782635e-06	1.499893e-09
2.34016076e-06	1.523356e-09
2.34249749e-06	1.448921e-09
2.34483656e-06	8.683196e-10
2.34717797e-06	1.639659e-09
2.34952171e-06	1.172657e-09
2.35186780e-06	1.684105e-09
2.35421623e-06	1.591645e-09
2.35656700e-06	1.639508e-09
2.35892012e-06	1.426111e-09
2.36127559e-06	1.541904e-09
2.36363341e-06	1.641452e-09
2.36599358e-06	1.621996e-09
2.36835612e-06	1.682131e-09
2.37072101e-06	1.408634e-09
2.37308826e-06	8.584179e-10
2.37545788e-06	1.460111e-09
2.37782986e-06	1.701363e-09
2.38020421e-06	1.534193e-09
2.38258093e-06	1.286516e-09
2.38496003e-06	1.397860e-09
2.38734150e-06	1.380268e-09
2.38972535e-06	1.633416e-09
2.39211158e-06	1.241801e-09
2.39450019e-06	1.533525e-09
2.39689119e-06	1.487014e-09
2.39928457e-06	1.651436e-09
2.40168035e-06	1.164186e-09
2.40407851e-06	1.010394e-09
2.40647907e-06	1.701950e-09
2.40888203e-06	1.289012e-09
2.41128739e-06	1.566895e-09
2.41369515e-06	1.088129e-09
2.41610531e-06	7.617111e-10
2.41851788e-06	1.232804e-09
2.42093286e-06	1.593395e-09
2.42335026e-06	7.496778e-10
2.42577006e-06	1.044783e-09
2.42819228e-06	1.292846e-09
2.43061692e-06	1.220194e-09
2.43304398e-06	1.618565e-09
2.43547347e-06	1.345000e-09
2.43790538e-06	9.384951e-10
2.44033972e-06	1.529813e-09
2.44277649e-06	1.587027e-09
2.44521569e-06	1.442963e-09
2.44765733e-06	1.267651e-09
2.45010140e-06	1.125345e-09
2.45254792e-06	1.162571e-09
2.45499688e-06	1.311476e-09
2.45744829e-06	1.691239e-09
2.45990214e-06	1.024369e-09
2.46235844e-06	1.653879e-09
2.46481720e-06	1.627289e-09
2.46727841e-06	1.612303e-09
2.46974208e-06	1.117016e-09
2.47220821e-06	1.172580e-09
2.47467680e-06	1.276238e-09
2.47714786e-06	1.321760e-09
2.47962138e-06	1.135615e-09
2.48209737e-06	1.246769e-09
2.48457584e-06	9.903660e-10
2.48705678e-06	7.819296e-10
2.48954020e-06	7.347752e-10
2.49202610e-06	1.118795e-09
2.49451448e-06	1.251315e-09
2.49700534e-06	9.307251e-10
2.49949870e-06	1.185283e-09
2.50199454e-06	1.601346e-09
2.50449287e-06	9.888941e-10
2.50699370e-06	1.276024e-09
2.50949703e-06	1.357567e-09
2.51200285e-06	7.456935e-10
2.51451118e-06	1.115589e-09
2.51702201e-06	1.438035e-09
2.51953535e-06	8.412253e-10
2.52205120e-06	1.152268e-09
2.52456956e-06	9.475492e-10
2.52709044e-06	1.208775e-09
2.52961383e-06	1.144358e-09
2.53213975e-06	1.419662e-09
2.53466818e-06	7.870193e-10
2.53719914e-06	1.294755e-09
2.53973263e-06	8.070894e-10
2.54226865e-06	1.275244e-09
2.54480720e-06	1.424496e-09
2.54734828e-06	1.342710e-09
2.54989190e-06	1.187380e-09
2.55243806e-06	1.140979e-09
2.55498677e-06	1.160754e-09
2.55753802e-06	1.311960e-09
2.56009181e-06	7.673715e-10
2.56264816e-06	8.305895e-10
2.56520706e-06	1.178709e-09
2.56776851e-06	7.822678e-10
2.57033253e-06	1.620774e-09
2.57289910e-06	1.362686e-09
2.57546823e-06	1.177561e-09
2.57803993e-06	8.227613e-10
2.58061420e-06	1.390641e-09
2.58319104e-06	9.706315e-10
2.58577045e-06	1.249139e-09
2.58835244e-06	1.009431e-09
2.59093701e-06	1.477935e-09
2.59352415e-06	1.159084e-09
2.59611388e-06	8.819887e-10
2.59870620e-06	1.471837e-09
2.60130110e-06	9.625778e-10
2.60389860e-06	1.195307e-09
2.60649869e-06	8.657368e-10
2.60910137e-06	9.117377e-10
2.61170666e-06	1.482500e-09
2.61431454e-06	1.537363e-09
2.61692503e-06	1.058611e-09
2.61953813e-06	1.524593e-09
2.62215384e-06	1.216048e-09
2.62477215e-06	1.431746e-09
2.62739309e-06	1.025080e-09
2.63001663e-06	1.555175e-09
2.63264280e-06	9.160132e-10
2.63527160e-06	1.529042e-09
2.63790301e-06	1.578186e-09
2.64053706e-06	8.119266e-10
2.64317373e-06	8.284651e-10
2.64581304e-06	8.417236e-10
2.64845498e-06	9.520612e-10
2.65109956e-06	9.760463e-10
2.65374678e-06	1.573722e-09
2.65639665e-06	1.261316e-09
2.65904916e-06	1.444922e-09
2.66170431e-06	1.491254e-09
2.66436213e-06	1.398996e-09
2.66702259e-06	1.005641e-09
2.66968571e-06	8.876752e-10
2.67235149e-06	1.513393e-09
2.67501993e-06	1.285202e-09
2.67769104e-06	1.008706e-09
2.68036481e-06	1.139547e-09
2.68304126e-06	8.828026e-10
2.68572037e-06	8.226321e-10
2.68840216e-06	1.299878e-09
2.69108663e-06	8.262657e-10
2.69377378e-06	8.336466e-10
2.69646362e-06	9.519934e-10
2.69915613e-06	1.563362e-09
2.70185134e-06	9.040055e-10
2.70454924e-06	8.643457e-10
2.70724983e-06	9.909617e-10
2.70995312e-06	9.995644e-10
2.71265911e-06	1.422063e-09
2.71536780e-06	8.648308e-10
2.71807920e-06	1.254388e-09
2.72079330e-06	1.065921e-09
2.72351011e-06	1.172498e-09
2.72622964e-06	1.037794e-09
2.72895188e-06	8.459979e-10
2.73167684e-06	8.878568e-10
2.73440452e-06	1.236177e-09
2.73713492e-06	1.383732e-09
2.73986805e-06	1.052543e-09
2.74260391e-06	1.572251e-09
2.74534251e-06	1.001550e-09
2.74808383e-06	9.008948e-10
2.75082790e-06	1.258597e-09
2.75357470e-06	1.586307e-09
2.75632425e-06	1.517037e-09
2.75907654e-06	1.755621e-09
2.76183158e-06	1.583770e-09
2.76458937e-06	1.009194e-09
2.76734991e-06	1.182132e-09
2.77011322e-06	8.882283e-10
2.77287928e-06	1.116594e-09
2.77564810e-06	1.463858e-09
2.77841969e-06	1.011100e-09
2.78119404e-06	9.511793e-10
2.78397117e-06	1.319692e-09
2.78675106e-06	1.043337e-09
2.78953374e-06	8.758377e-10
2.79231919e-06	9.183357e-10
2.79510743e-06	1.140873e-09
2.79789844e-06	9.205166e-10
2.80069225e-06	8.689418e-10
2.80348884e-06	9.499204e-10
2.80628823e-06	1.413666e-09
2.80909041e-06	9.389288e-10
2.81189540e-06	1.410931e-09
2.81470318e-06	8.694395e-10
2.81751376e-06	9.279969e-10
2.82032715e-06	1.075544e-09
2.82314336e-06	8.865430e-10
2.82596237e-06	9.839349e-10
2.82878420e-06	1.058409e-09
2.83160884e-06	1.093203e-09
2.83443631e-06	1.149785e-09
2.83726660e-06	8.791378e-10
2.84009972e-06	1.034312e-09
2.84293566e-06	1.020420e-09
2.84577444e-06	1.212576e-09
2.84861605e-06	8.948508e-10
2.85146050e-06	9.394922e-10
2.85430779e-06	1.272096e-09
2.85715792e-06	1.085577e-09
2.86001090e-06	1.370211e-09
2.86286672e-06	1.529454e-09
2.86572540e-06	8.874779e-10
2.86858693e-06	9.669158e-10
2.87145132e-06	9.740179e-10
2.87431857e-06	1.661189e-09
2.87718869e-06	9.622150e-10
2.88006167e-06	1.489239e-09
2.88293752e-06	9.721973e-10
2.88581624e-06	1.178472e-09
2.88869783e-06	9.583410e-10
2.89158230e-06	1.094999e-09
2.89446965e-06	1.185226e-09
2.89735989e-06	1.362910e-09
2.90025301e-06	1.043653e-09
2.90314902e-06	1.731076e-09
2.90604792e-06	1.328130e-09
2.90894972e-06	9.325534e-10
2.91185441e-06	1.006245e-09
2.91476201e-06	1.178390e-09
2.91767251e-06	1.336072e-09
2.92058591e-06	9.191413e-10
2.92350222e-06	1.122329e-09
2.92642145e-06	1.008462e-09
2.92934359e-06	1.351241e-09
2.93226865e-06	1.317762e-09
2.93519663e-06	1.337172e-09
2.93812753e-06	9.988777e-10
2.94106136e-06	1.502648e-09
2.94399812e-06	1.355498e-09
2.94693781e-06	1.225147e-09
2.94988043e-06	1.626787e-09
2.95282600e-06	1.820628e-09
2.95577451e-06	1.140051e-09
2.95872596e-06	1.300533e-09
2.96168035e-06	1.441268e-09
2.96463770e-06	1.522041e-09
2.96759800e-06	1.489533e-09
2.97056126e-06	1.036325e-09
2.97352747e-06	1.153400e-09
2.97649665e-06	1.420940e-09
2.97946879e-06	1.107963e-09
2.98244390e-06	9.792677e-10
2.98542198e-06	1.139441e-09
2.98840304e-06	1.458264e-09
2.99138707e-06	1.037451e-09
2.99437408e-06	1.178215e-09
2.99736407e-06	1.688796e-09
3.00035705e-06	1.368121e-09
3.00335302e-06	1.029763e-09
3.00635198e-06	1.329505e-09
3.00935393e-06	1.459121e-09
3.01235888e-06	1.462546e-09
3.01536684e-06	1.659439e-09
3.01837779e-06	1.180124e-09
3.02139175e-06	1.410332e-09
3.02440873e-06	1.216198e-09
3.02742871e-06	1.573604e-09
3.03045171e-06	1.271585e-09
3.03347773e-06	1.106539e-09
3.03650677e-06	1.373536e-09
3.03953883e-06	1.312085e-09
3.04257392e-06	1.068870e-09
3.04561205e-06	1.707054e-09
3.04865320e-06	1.347091e-09
3.05169740e-06	1.393341e-09
3.05474463e-06	1.396042e-09
3.05779491e-06	1.547852e-09
3.06084823e-06	1.289812e-09
3.06390460e-06	1.006393e-09
3.06696402e-06	1.294096e-09
3.07002650e-06	1.343913e-09
3.07309203e-06	1.033976e-09
3.07616063e-06	1.626980e-09
3.07923229e-06	1.432946e-09
3.08230702e-06	1.408543e-09
3.08538481e-06	1.225761e-09
3.08846569e-06	1.311137e-09
3.09154963e-06	1.187759e-09
3.09463666e-06	1.155960e-09
3.09772677e-06	1.215004e-09
3.10081996e-06	1.216753e-09
3.10391625e-06	1.522510e-09
3.10701562e-06	1.037843e-09
3.11011809e-06	1.126941e-09
3.11322366e-06	1.423205e-09
3.11633233e-06	1.234058e-09
3.11944410e-06	1.484896e-09
3.12255898e-06	1.103301e-09
3.12567698e-06	1.435885e-09
3.12879808e-06	1.356609e-09
3.13192230e-06	1.362643e-09
3.13504964e-06	1.192730e-09
3.13818010e-06	1.140862e-09
3.14131369e-06	1.179338e-09
3.14445041e-06	1.504613e-09
3.14759026e-06	1.386110e-09
3.15073325e-06	1.111970e-09
3.15387937e-06	1.345360e-09
3.15702864e-06	1.339924e-09
3.16018105e-06	1.203230e-09
3.16333660e-06	1.040384e-09
3.16649531e-06	1.418417e-09
3.16965718e-06	1.610874e-09
3.17282220e-06	1.324260e-09
3.17599038e-06	1.217012e-09
3.17916172e-06	1.172336e-09
3.18233623e-06	1.703068e-09
3.18551391e-06	1.329041e-09
3.18869477e-06	1.179530e-09
3.19187880e-06	1.478220e-09
3.19506601e-06	1.317954e-09
3.19825640e-06	1.324234e-09
3.20144997e-06	1.086923e-09
3.20464674e-06	1.095662e-09
3.20784670e-06	1.528111e-09
3.21104985e-06	1.182063e-09
3.21425621e-06	1.420367e-09
3.21746576e-06	1.394313e-09
3.22067852e-06	1.253520e-09
3.22389449e-06	1.049816e-09
3.22711366e-06	1.412206e-09
3.23033606e-06	1.605858e-09
3.23356167e-06	1.317180e-09
3.23679050e-06	1.243956e-09
3.24002255e-06	1.703446e-09
3.24325783e-06	1.074235e-09
3.24649635e-06	1.512910e-09
3.24973809e-06	1.542098e-09
3.25298308e-06	1.424598e-09
3.25623130e-06	1.675385e-09
3.25948277e-06	1.092640e-09
3.26273748e-06	1.722889e-09
3.26599545e-06	1.677553e-09
3.26925667e-06	1.244735e-09
3.27252114e-06	1.865653e-09
3.27578887e-06	1.249345e-09
3.27905987e-06	1.679793e-09
3.28233413e-06	1.318457e-09
3.28561167e-06	1.309338e-09
3.28889247e-06	1.798378e-09
3.29217655e-06	1.377490e-09
3.29546391e-06	1.665969e-09
3.29875455e-06	1.379995e-09
3.30204848e-06	1.846912e-09
3.30534570e-06	1.302520e-09
3.30864621e-06	1.312715e-09
3.31195002e-06	1.005334e-09
3.31525712e-06	1.438555e-09
3.31856753e-06	1.488040e-09
3.32188124e-06	1.319048e-09
3.32519826e-06	1.463173e-09
3.32851860e-06	1.230481e-09
3.33184225e-06	1.224231e-09
3.33516921e-06	1.598711e-09
3.33849950e-06	1.297760e-09
3.34183312e-06	1.276182e-09
3.34517006e-06	1.327582e-09
3.34851034e-06	1.392893e-09
3.35185395e-06	1.663490e-09
3.35520090e-06	1.513160e-09
3.35855119e-06	1.378727e-09
3.36190483e-06	1.428801e-09
3.36526182e-06	1.432718e-09
3.36862216e-06	1.499964e-09
3.37198585e-06	1.726103e-09
3.37535290e-06	1.845871e-09
3.37872332e-06	1.639376e-09
3.38209710e-06	1.590931e-09
3.38547425e-06	1.401786e-09
3.38885477e-06	1.752783e-09
3.39223867e-06	1.301344e-09
3.39562594e-06	1.583507e-09
3.39901660e-06	1.647655e-09
3.40241065e-06	1.678959e-09
3.40580808e-06	1.731306e-09
3.40920890e-06	1.329578e-09
3.41261313e-06	1.268759e-09
3.41602075e-06	1.565732e-09
3.41943177e-06	1.606842e-09
3.42284620e-06	1.630011e-09
3.42626404e-06	1.339083e-09
3.42968529e-06	1.337352e-09
3.43310996e-06	1.518259e-09
3.43653804e-06	1.152619e-09
3.43996956e-06	1.646430e-09
3.44340449e-06	1.609969e-09
3.44684286e-06	1.313747e-09
3.45028466e-06	1.751469e-09
3.45372990e-06	1.580965e-09
3.45717857e-06	1.521791e-09
3.46063070e-06	1.842678e-09
3.46408626e-06	1.579570e-09
3.46754528e-06	1.295784e-09
3.47100775e-06	1.091162e-09
3.47447368e-06	1.633145e-09
3.47794307e-06	1.263430e-09
3.48141593e-06	1.319291e-09
3.48489225e-06	1.187883e-09
3.48837205e-06	1.631434e-09
3.49185532e-06	1.570765e-09
3.49534206e-06	1.575993e-09
3.49883229e-06	1.746628e-09
3.50232600e-06	1.866577e-09
3.50582321e-06	1.833334e-09
3.50932390e-06	1.746265e-09
3.51282809e-06	1.765192e-09
3.51633578e-06	1.280045e-09
3.51984697e-06	1.714843e-09
3.52336167e-06	1.894587e-09
3.52687988e-06	1.085476e-09
3.53040160e-06	1.871346e-09
3.53392683e-06	1.747541e-09
3.53745559e-06	1.756130e-09
3.54098787e-06	1.564420e-09
3.54452368e-06	1.547227e-09
3.54806302e-06	1.962328e-09
3.55160589e-06	1.700211e-09
3.55515230e-06	1.655645e-09
3.55870225e-06	1.704789e-09
3.56225575e-06	1.811777e-09
3.56581279e-06	1.718818e-09
3.56937339e-06	1.689499e-09
3.57293754e-06	1.756338e-09
3.57650525e-06	1.733836e-09
3.58007652e-06	1.908546e-09
3.58365136e-06	1.882409e-09
3.58722977e-06	1.858060e-09
3.59081175e-06	1.893122e-09
3.59439731e-06	2.002508e-09
3.59798645e-06	1.229544e-09
3.60157917e-06	1.237853e-09
3.60517548e-06	1.821937e-09
3.60877538e-06	1.601573e-09
3.61237888e-06	1.431059e-09
3.61598597e-06	1.597100e-09
3.61959667e-06	1.933001e-09
3.62321097e-06	1.738989e-09
3.62682888e-06	1.518302e-09
3.63045040e-06	1.646763e-09
3.63407554e-06	1.593551e-09
3.63770430e-06	1.341186e-09
3.64133669e-06	2.008573e-09
3.64497270e-06	2.067553e-09
3.64861234e-06	1.712680e-09
3.65225561e-06	1.408400e-09
3.65590252e-06	2.162129e-09
3.65955308e-06	1.949475e-09
3.66320728e-06	1.848694e-09
3.66686512e-06	2.018621e-09
3.67052662e-06	2.001926e-09
3.67419178e-06	1.436075e-09
3.67786060e-06	1.847883e-09
3.68153308e-06	1.865174e-09
3.68520923e-06	2.247096e-09
3.68888904e-06	1.653544e-09
3.69257254e-06	2.078943e-09
3.69625971e-06	1.335066e-09
3.69995056e-06	1.701521e-09
3.70364510e-06	2.020657e-09
3.70734332e-06	1.718172e-09
3.71104524e-06	1.708048e-09
3.71475086e-06	2.010763e-09
3.71846018e-06	1.933197e-09
3.72217320e-06	1.779806e-09
3.72588992e-06	1.971262e-09
3.72961036e-06	2.075624e-09
3.73333452e-06	1.979307e-09
3.73706239e-06	1.951438e-09
3.74079399e-06	2.171260e-09
3.74452931e-06	1.965276e-09
3.74826836e-06	1.376400e-09
3.75201114e-06	2.084877e-09
3.75575766e-06	2.023088e-09
3.75950793e-06	2.156798e-09
3.76326194e-06	2.230088e-09
3.76701969e-06	2.188148e-09
3.77078120e-06	1.820501e-09
3.77454647e-06	1.873010e-09
3.77831549e-06	1.829817e-09
3.78208828e-06	1.712730e-09
3.78586483e-06	1.863651e-09
3.78964516e-06	2.328730e-09
3.79342926e-06	1.373752e-09
3.79721714e-06	2.356236e-09
3.80100880e-06	2.258127e-09
3.80480425e-06	2.166324e-09
3.80860349e-06	2.229748e-09
3.81240652e-06	2.324855e-09
3.81621335e-06	2.069387e-09
3.82002398e-06	2.343034e-09
3.82383842e-06	2.195431e-09
3.82765666e-06	2.270170e-09
3.83147872e-06	1.899139e-09
3.83530459e-06	2.334863e-09
3.83913428e-06	2.196912e-09
3.84296780e-06	2.325567e-09
3.84680515e-06	1.681273e-09
3.85064633e-06	2.012098e-09
3.85449134e-06	2.345133e-09
3.85834019e-06	2.209927e-09
3.86219289e-06	1.978855e-09
3.86604943e-06	1.819969e-09
3.86990982e-06	2.306477e-09
3.87377407e-06	2.103475e-09
3.87764218e-06	2.208953e-09
3.88151415e-06	2.344986e-09
3.88538998e-06	2.102538e-09
3.88926969e-06	2.180533e-09
3.89315327e-06	2.347192e-09
3.89704073e-06	1.934770e-09
3.90093207e-06	2.339739e-09
3.90482729e-06	2.335218e-09
3.90872641e-06	2.315509e-09
3.91262941e-06	2.249293e-09
3.91653632e-06	2.189920e-09
3.92044713e-06	1.878339e-09
3.92436184e-06	1.851842e-09
3.92828046e-06	2.339389e-09
3.93220299e-06	1.507606e-09
3.93612944e-06	2.161388e-09
3.94005981e-06	1.963461e-09
3.94399411e-06	2.339632e-09
3.94793233e-06	1.992696e-09
3.95187449e-06	1.929504e-09
3.95582058e-06	2.441551e-09
3.95977062e-06	2.190604e-09
3.96372460e-06	1.632986e-09
3.96768252e-06	2.105861e-09
3.97164440e-06	2.101954e-09
3.97561023e-06	1.723132e-09
3.97958003e-06	2.187450e-09
3.98355379e-06	2.117688e-09
3.98753151e-06	2.172910e-09
3.99151321e-06	1.697113e-09
3.99549888e-06	2.257463e-09
3.99948854e-06	1.460683e-09
4.00348217e-06	2.361651e-09
