2.99769222e-07	1.685034e-16
3.00068553e-07	3.088943e-16
3.00368182e-07	3.180935e-16
3.00668111e-07	3.275515e-16
3.00968339e-07	3.372750e-16
3.01268867e-07	3.472711e-16
3.01569695e-07	3.575467e-16
3.01870824e-07	3.681094e-16
3.02172253e-07	3.789666e-16
3.02473983e-07	3.901259e-16
3.02776015e-07	4.015953e-16
3.03078348e-07	4.133827e-16
3.03380983e-07	4.254965e-16
3.03683920e-07	4.379450e-16
3.03987160e-07	4.507370e-16
3.04290702e-07	4.638813e-16
3.04594547e-07	4.773869e-16
3.04898696e-07	4.912631e-16
3.05203149e-07	5.055195e-16
3.05507906e-07	5.201658e-16
3.05812967e-07	5.352118e-16
3.06118332e-07	5.506678e-16
3.06424003e-07	5.665443e-16
3.06729978e-07	5.828519e-16
3.07036260e-07	5.996015e-16
3.07342847e-07	6.168043e-16
3.07649740e-07	6.344718e-16
3.07956940e-07	6.526156e-16
3.08264446e-07	6.712478e-16
3.08572260e-07	6.903805e-16
3.08880380e-07	7.100263e-16
3.09188809e-07	7.301982e-16
3.09497545e-07	7.509090e-16
3.09806590e-07	7.721724e-16
3.10115944e-07	7.940021e-16
3.10425606e-07	8.164120e-16
3.10735577e-07	8.394164e-16
3.11045858e-07	8.630303e-16
3.11356449e-07	8.872685e-16
3.11667350e-07	9.121464e-16
3.11978561e-07	9.376798e-16
3.12290084e-07	9.638847e-16
3.12601917e-07	9.907775e-16
3.12914061e-07	1.018375e-15
3.13226518e-07	1.046694e-15
3.13539286e-07	1.075753e-15
3.13852367e-07	1.105570e-15
3.14165760e-07	1.136162e-15
3.14479466e-07	1.167548e-15
3.14793485e-07	1.199749e-15
3.15107818e-07	1.232782e-15
3.15422465e-07	1.266669e-15
3.15737426e-07	1.301430e-15
3.16052702e-07	1.337086e-15
3.16368292e-07	1.373657e-15
3.16684197e-07	1.411167e-15
3.17000418e-07	1.449637e-15
3.17316955e-07	1.489090e-15
3.17633808e-07	1.529549e-15
3.17950977e-07	1.571039e-15
3.18268463e-07	1.613583e-15
3.18586266e-07	1.657207e-15
3.18904386e-07	1.701935e-15
3.19222824e-07	1.747795e-15
3.19541579e-07	1.794811e-15
3.19860654e-07	1.843012e-15
3.20180046e-07	1.892425e-15
3.20499758e-07	1.943078e-15
3.20819789e-07	1.995000e-15
3.21140139e-07	2.048220e-15
3.21460810e-07	2.102769e-15
3.21781800e-07	2.158677e-15
3.22103111e-07	2.215976e-15
3.22424743e-07	2.274697e-15
3.22746696e-07	2.334874e-15
3.23068971e-07	2.396539e-15
3.23391567e-07	2.459727e-15
3.23714485e-07	2.524472e-15
3.24037726e-07	2.590811e-15
3.24361290e-07	2.658778e-15
3.24685177e-07	2.728412e-15
3.25009387e-07	2.799749e-15
3.25333921e-07	2.872829e-15
3.25658779e-07	2.947691e-15
3.25983961e-07	3.024374e-15
3.26309468e-07	3.102920e-15
3.26635300e-07	3.183371e-15
3.26961458e-07	3.265770e-15
3.27287941e-07	3.350158e-15
3.27614750e-07	3.436582e-15
3.27941886e-07	3.525087e-15
3.28269348e-07	3.615718e-15
3.28597137e-07	3.708522e-15
3.28925253e-07	3.803548e-15
3.29253697e-07	3.900845e-15
3.29582469e-07	4.000463e-15
3.29911570e-07	4.102454e-15
3.30240998e-07	4.206867e-15
3.30570756e-07	4.313758e-15
3.30900844e-07	4.423180e-15
3.31231260e-07	4.535188e-15
3.31562007e-07	4.649839e-15
3.31893084e-07	4.767190e-15
3.32224491e-07	4.887299e-15
3.32556230e-07	5.010227e-15
3.32888300e-07	5.136034e-15
3.33220701e-07	5.264781e-15
3.33553434e-07	5.396534e-15
3.33886500e-07	5.531355e-15
3.34219898e-07	5.669310e-15
3.34553629e-07	5.810468e-15
3.34887693e-07	5.954895e-15
3.35222091e-07	6.102661e-15
3.35556822e-07	6.253838e-15
3.35891888e-07	6.408498e-15
3.36227289e-07	6.566714e-15
3.36563024e-07	6.728562e-15
3.36899095e-07	6.894118e-15
3.37235501e-07	7.063460e-15
3.37572243e-07	7.236667e-15
3.37909321e-07	7.413821e-15
3.38246736e-07	7.595004e-15
3.38584488e-07	7.780301e-15
3.38922578e-07	7.969796e-15
3.39261004e-07	8.163577e-15
3.39599769e-07	8.361733e-15
3.39938872e-07	8.564355e-15
3.40278313e-07	8.771534e-15
3.40618094e-07	8.983365e-15
3.40958214e-07	9.199944e-15
3.41298673e-07	9.421367e-15
3.41639473e-07	9.647734e-15
3.41980612e-07	9.879146e-15
3.42322093e-07	1.011571e-14
3.42663914e-07	1.035752e-14
3.43006076e-07	1.060469e-14
3.43348581e-07	1.085734e-14
3.43691427e-07	1.111556e-14
3.44034616e-07	1.137947e-14
3.44378147e-07	1.164919e-14
3.44722021e-07	1.192483e-14
3.45066239e-07	1.220652e-14
3.45410800e-07	1.249437e-14
3.45755706e-07	1.278850e-14
3.46100956e-07	1.308905e-14
3.46446550e-07	1.339614e-14
3.46792490e-07	1.370989e-14
3.47138775e-07	1.403045e-14
3.47485406e-07	1.435795e-14
3.47832383e-07	1.469252e-14
3.48179707e-07	1.503430e-14
3.48527377e-07	1.538344e-14
3.48875395e-07	1.574008e-14
3.49223760e-07	1.610437e-14
3.49572472e-07	1.647645e-14
3.49921534e-07	1.685648e-14
3.50270943e-07	1.724461e-14
3.50620702e-07	1.764101e-14
3.50970809e-07	1.804582e-14
3.51321267e-07	1.845922e-14
3.51672074e-07	1.888137e-14
3.52023232e-07	1.931244e-14
3.52374740e-07	1.975259e-14
3.52726599e-07	2.020201e-14
3.53078810e-07	2.066088e-14
3.53431372e-07	2.112937e-14
3.53784286e-07	2.160766e-14
3.54137553e-07	2.209595e-14
3.54491173e-07	2.259442e-14
3.54845145e-07	2.310327e-14
3.55199471e-07	2.362268e-14
3.55554151e-07	2.415283e-14
3.55909185e-07	2.469398e-14
3.56264573e-07	2.524640e-14
3.56620317e-07	2.581014e-14
3.56976415e-07	2.638549e-14
3.57332870e-07	2.697266e-14
3.57689680e-07	2.757187e-14
3.58046846e-07	2.818336e-14
3.58404369e-07	2.880735e-14
3.58762249e-07	2.944405e-14
3.59120487e-07	3.009372e-14
3.59479082e-07	3.075660e-14
3.59838035e-07	3.143290e-14
3.60197347e-07	3.212286e-14
3.60557017e-07	3.282637e-14
3.60917046e-07	3.354494e-14
3.61277436e-07	3.427768e-14
3.61638184e-07	3.502504e-14
3.61999294e-07	3.578737e-14
3.62360763e-07	3.656483e-14
3.62722594e-07	3.735808e-14
3.63084786e-07	3.816713e-14
3.63447339e-07	3.899215e-14
3.63810255e-07	3.983370e-14
3.64173533e-07	4.069183e-14
3.64537174e-07	4.156707e-14
3.64901178e-07	4.245954e-14
3.65265545e-07	4.336963e-14
3.65630276e-07	4.429763e-14
3.65995372e-07	4.524391e-14
3.66360832e-07	4.620873e-14
3.66726656e-07	4.719246e-14
3.67092847e-07	4.819536e-14
3.67459402e-07	4.921794e-14
3.67826324e-07	5.026018e-14
3.68193613e-07	5.132301e-14
3.68561267e-07	5.240638e-14
3.68929290e-07	5.351073e-14
3.69297679e-07	5.463615e-14
3.69666437e-07	5.578376e-14
3.70035562e-07	5.695300e-14
3.70405056e-07	5.814529e-14
3.70774920e-07	5.936000e-14
3.71145152e-07	6.059800e-14
3.71515754e-07	6.185982e-14
3.71886726e-07	6.314537e-14
3.72258069e-07	6.445598e-14
3.72629783e-07	6.579178e-14
3.73001867e-07	6.715224e-14
3.73374323e-07	6.853884e-14
3.73747152e-07	6.995154e-14
3.74120352e-07	7.139061e-14
3.74493925e-07	7.285690e-14
3.74867871e-07	7.435069e-14
3.75242191e-07	7.587358e-14
3.75616884e-07	7.742319e-14
3.75991951e-07	7.900382e-14
3.76367393e-07	8.061295e-14
3.76743210e-07	8.225115e-14
3.77119402e-07	8.391794e-14
3.77495970e-07	8.562197e-14
3.77872913e-07	8.735455e-14
3.78250233e-07	8.911823e-14
3.78627930e-07	9.091527e-14
3.79006004e-07	9.274529e-14
3.79384456e-07	9.460865e-14
3.79763285e-07	9.650536e-14
3.80142493e-07	9.843922e-14
3.80522079e-07	1.004063e-13
3.80902045e-07	1.024103e-13
3.81282390e-07	1.044512e-13
3.81663114e-07	1.065258e-13
3.82044219e-07	1.086403e-13
3.82425704e-07	1.107976e-13
3.82807570e-07	1.129902e-13
3.83189818e-07	1.152231e-13
3.83572447e-07	1.174933e-13
3.83955458e-07	1.198090e-13
3.84338852e-07	1.221625e-13
3.84722629e-07	1.245585e-13
3.85106789e-07	1.270013e-13
3.85491332e-07	1.294856e-13
3.85876259e-07	1.320138e-13
3.86261571e-07	1.345871e-13
3.86647268e-07	1.372040e-13
3.87033349e-07	1.398711e-13
3.87419816e-07	1.425834e-13
3.87806669e-07	1.453424e-13
3.88193909e-07	1.481535e-13
3.88581535e-07	1.510069e-13
3.88969548e-07	1.539185e-13
3.89357948e-07	1.568803e-13
3.89746737e-07	1.598880e-13
3.90135913e-07	1.629565e-13
3.90525478e-07	1.660707e-13
3.90915433e-07	1.692410e-13
3.91305776e-07	1.724694e-13
3.91696509e-07	1.757575e-13
3.92087633e-07	1.790961e-13
3.92479147e-07	1.824938e-13
3.92871052e-07	1.859493e-13
3.93263348e-07	1.894670e-13
3.93656036e-07	1.930435e-13
3.94049116e-07	1.966787e-13
3.94442589e-07	2.003732e-13
3.94836455e-07	2.041459e-13
3.95230713e-07	2.079577e-13
3.95625366e-07	2.118514e-13
3.96020412e-07	2.158133e-13
3.96415854e-07	2.198567e-13
3.96811689e-07	2.239486e-13
3.97207921e-07	2.281144e-13
3.97604547e-07	2.323491e-13
3.98001570e-07	2.366536e-13
3.98398990e-07	2.410218e-13
3.98796806e-07	2.454859e-13
3.99195019e-07	2.499993e-13
3.99593630e-07	2.546214e-13
3.99992639e-07	2.592933e-13
4.00392047e-07	2.640496e-13
4.00791853e-07	2.688967e-13
4.01192059e-07	2.738116e-13
4.01592664e-07	2.788158e-13
4.01993669e-07	2.838953e-13
4.02395074e-07	2.890547e-13
4.02796881e-07	2.943133e-13
4.03199088e-07	2.996535e-13
4.03601698e-07	3.050675e-13
4.04004709e-07	3.105943e-13
4.04408123e-07	3.161963e-13
4.04811939e-07	3.218727e-13
4.05216159e-07	3.276801e-13
4.05620782e-07	3.335750e-13
4.06025810e-07	3.395492e-13
4.06431241e-07	3.455866e-13
4.06837078e-07	3.517956e-13
4.07243320e-07	3.580633e-13
4.07649967e-07	3.644648e-13
4.08057021e-07	3.709423e-13
4.08464481e-07	3.775313e-13
4.08872348e-07	3.841998e-13
4.09280622e-07	3.910212e-13
4.09689304e-07	3.979225e-13
4.10098394e-07	4.049375e-13
4.10507892e-07	4.119960e-13
4.10917800e-07	4.193060e-13
4.11328116e-07	4.261223e-13
4.11738843e-07	4.341152e-13
4.12149979e-07	4.415280e-13
4.12561526e-07	4.494018e-13
4.12973484e-07	4.572731e-13
4.13385854e-07	4.652465e-13
4.13798635e-07	4.733120e-13
4.14211828e-07	4.814829e-13
4.14625434e-07	4.897655e-13
4.15039453e-07	4.983308e-13
4.15453885e-07	5.069033e-13
4.15868731e-07	5.156270e-13
4.16283991e-07	5.245722e-13
4.16699666e-07	5.335503e-13
4.17115756e-07	5.427237e-13
4.17532262e-07	5.519762e-13
4.17949183e-07	5.614351e-13
4.18366521e-07	5.710138e-13
4.18784276e-07	5.806531e-13
4.19202447e-07	5.905913e-13
4.19621036e-07	6.004493e-13
4.20040044e-07	6.108482e-13
4.20459469e-07	6.211745e-13
4.20879314e-07	6.315687e-13
4.21299577e-07	6.423441e-13
4.21720260e-07	6.527488e-13
4.22141364e-07	6.638365e-13
4.22562887e-07	6.752444e-13
4.22984832e-07	6.858547e-13
4.23407198e-07	6.978943e-13
4.23829986e-07	7.094641e-13
4.24253196e-07	7.214244e-13
4.24676828e-07	7.336339e-13
4.25100884e-07	7.458011e-13
4.25525363e-07	7.580985e-13
4.25950266e-07	7.707961e-13
4.26375593e-07	7.835133e-13
4.26801345e-07	7.965502e-13
4.27227522e-07	8.095359e-13
4.27654124e-07	8.229723e-13
4.28081153e-07	8.364533e-13
4.28508608e-07	8.502635e-13
4.28936489e-07	8.639378e-13
4.29364798e-07	8.779341e-13
4.29793535e-07	8.926856e-13
4.30222700e-07	9.072661e-13
4.30652293e-07	9.219632e-13
4.31082315e-07	9.369511e-13
4.31512767e-07	9.523316e-13
4.31943648e-07	9.677315e-13
4.32374960e-07	9.833928e-13
4.32806703e-07	9.991798e-13
4.33238876e-07	1.015046e-12
4.33671481e-07	1.031668e-12
4.34104518e-07	1.048315e-12
4.34537988e-07	1.064897e-12
4.34971890e-07	1.082041e-12
4.35406226e-07	1.099514e-12
4.35840995e-07	1.116671e-12
4.36276198e-07	1.134825e-12
4.36711836e-07	1.152602e-12
4.37147909e-07	1.171078e-12
4.37584417e-07	1.190050e-12
4.38021362e-07	1.208869e-12
4.38458742e-07	1.227816e-12
4.38896560e-07	1.247411e-12
4.39334814e-07	1.266692e-12
4.39773506e-07	1.286767e-12
4.40212636e-07	1.307354e-12
4.40652205e-07	1.327902e-12
4.41092212e-07	1.348550e-12
4.41532659e-07	1.369604e-12
4.41973546e-07	1.390894e-12
4.42414873e-07	1.412749e-12
4.42856641e-07	1.434075e-12
4.43298849e-07	1.456127e-12
4.43741500e-07	1.479630e-12
4.44184592e-07	1.502518e-12
4.44628127e-07	1.525903e-12
4.45072105e-07	1.549461e-12
4.45516526e-07	1.573213e-12
4.45961390e-07	1.586329e-12
4.46406699e-07	1.622276e-12
4.46852453e-07	1.647236e-12
4.47298652e-07	1.672281e-12
4.47745296e-07	1.698328e-12
4.48192386e-07	1.724284e-12
4.48639923e-07	1.747471e-12
4.49087906e-07	1.776763e-12
4.49536337e-07	1.804548e-12
4.49985216e-07	1.831742e-12
4.50434543e-07	1.859520e-12
4.50884319e-07	1.887441e-12
4.51334543e-07	1.916056e-12
4.51785218e-07	1.944757e-12
4.52236342e-07	1.973766e-12
4.52687917e-07	2.004114e-12
4.53139942e-07	2.034140e-12
4.53592419e-07	2.064938e-12
4.54045348e-07	2.095562e-12
4.54498729e-07	2.124641e-12
4.54952563e-07	2.159282e-12
4.55406850e-07	2.191674e-12
4.55861591e-07	2.223949e-12
4.56316785e-07	2.257474e-12
4.56772435e-07	2.291339e-12
4.57228539e-07	2.324978e-12
4.57685098e-07	2.359132e-12
4.58142114e-07	2.393878e-12
4.58599586e-07	2.429271e-12
4.59057514e-07	2.464567e-12
4.59515900e-07	2.501848e-12
4.59974744e-07	2.538669e-12
4.60434046e-07	2.575273e-12
4.60893806e-07	2.612650e-12
4.61354026e-07	2.652184e-12
4.61814705e-07	2.690803e-12
4.62275844e-07	2.729967e-12
4.62737444e-07	2.769309e-12
4.63199504e-07	2.810001e-12
4.63662026e-07	2.850652e-12
4.64125010e-07	2.891578e-12
4.64588456e-07	2.932398e-12
4.65052364e-07	2.974944e-12
4.65516737e-07	3.016325e-12
4.65981572e-07	3.063214e-12
4.66446872e-07	3.105504e-12
4.66912637e-07	3.147281e-12
4.67378866e-07	3.196320e-12
4.67845561e-07	3.239190e-12
4.68312722e-07	3.289036e-12
4.68780350e-07	3.326598e-12
4.69248445e-07	3.383592e-12
4.69717007e-07	3.428396e-12
4.70186036e-07	3.481051e-12
4.70655535e-07	3.528191e-12
4.71125502e-07	3.565770e-12
4.71595938e-07	3.630780e-12
4.72066844e-07	3.682155e-12
4.72538220e-07	3.733163e-12
4.73010067e-07	3.786295e-12
4.73482385e-07	3.840166e-12
4.73955175e-07	3.884959e-12
4.74428437e-07	3.947897e-12
4.74902171e-07	4.000373e-12
4.75376378e-07	4.055116e-12
4.75851059e-07	4.110222e-12
4.76326214e-07	4.173537e-12
4.76801844e-07	4.234208e-12
4.77277948e-07	4.286857e-12
4.77754528e-07	4.343888e-12
4.78231583e-07	4.408848e-12
4.78709115e-07	4.471618e-12
4.79187124e-07	4.532441e-12
4.79665610e-07	4.592905e-12
4.80144574e-07	4.642508e-12
4.80624016e-07	4.723503e-12
4.81103937e-07	4.784421e-12
4.81584337e-07	4.852230e-12
4.82065217e-07	4.915871e-12
4.82546577e-07	4.991247e-12
4.83028417e-07	5.047877e-12
4.83510739e-07	5.086517e-12
4.83993543e-07	5.177168e-12
4.84476828e-07	5.240473e-12
4.84960596e-07	5.325526e-12
4.85444847e-07	5.399995e-12
4.85929582e-07	5.482658e-12
4.86414801e-07	5.553235e-12
4.86900504e-07	5.629246e-12
4.87386692e-07	5.703588e-12
4.87873366e-07	5.728103e-12
4.88360525e-07	5.863151e-12
4.88848171e-07	5.935968e-12
4.89336304e-07	6.012236e-12
4.89824925e-07	6.032070e-12
4.90314033e-07	6.180187e-12
4.90803630e-07	6.253481e-12
4.91293716e-07	6.348016e-12
4.91784291e-07	6.434064e-12
4.92275355e-07	6.517145e-12
4.92766911e-07	6.598604e-12
4.93258957e-07	6.699019e-12
4.93751494e-07	6.784627e-12
4.94244523e-07	6.852217e-12
4.94738045e-07	6.957966e-12
4.95232059e-07	7.051585e-12
4.95726566e-07	7.147817e-12
4.96221568e-07	7.236855e-12
4.96717063e-07	7.329062e-12
4.97213054e-07	7.415781e-12
4.97709539e-07	7.519513e-12
4.98206521e-07	7.627784e-12
4.98703999e-07	7.721289e-12
4.99201973e-07	7.814192e-12
4.99700445e-07	7.920820e-12
5.00199414e-07	8.037771e-12
5.00698882e-07	8.149267e-12
5.01198848e-07	8.238843e-12
5.01699314e-07	8.346823e-12
5.02200279e-07	8.445499e-12
5.02701745e-07	8.574702e-12
5.03203711e-07	8.658744e-12
5.03706178e-07	8.780316e-12
5.04209148e-07	8.912533e-12
5.04712619e-07	9.009991e-12
5.05216594e-07	9.139871e-12
5.05721071e-07	9.233360e-12
5.06226052e-07	9.376621e-12
5.06731538e-07	9.465696e-12
5.07237528e-07	9.597513e-12
5.07744023e-07	9.738410e-12
5.08251025e-07	9.836125e-12
5.08758532e-07	9.943720e-12
5.09266546e-07	1.011225e-11
5.09775068e-07	1.024360e-11
5.10284097e-07	1.035391e-11
5.10793635e-07	1.037742e-11
5.11303681e-07	1.060140e-11
5.11814237e-07	1.072685e-11
5.12325302e-07	1.076946e-11
5.12836878e-07	1.098845e-11
5.13348965e-07	1.110858e-11
5.13861563e-07	1.128944e-11
5.14374672e-07	1.139507e-11
5.14888295e-07	1.161119e-11
5.15402430e-07	1.174672e-11
5.15917078e-07	1.189719e-11
5.16432240e-07	1.202693e-11
5.16947917e-07	1.216866e-11
5.17464109e-07	1.232477e-11
5.17980816e-07	1.248433e-11
5.18498039e-07	1.266931e-11
5.19015778e-07	1.281208e-11
5.19534035e-07	1.299277e-11
5.20052809e-07	1.315230e-11
5.20572101e-07	1.328054e-11
5.21091911e-07	1.346655e-11
5.21612241e-07	1.362421e-11
5.22133090e-07	1.382470e-11
5.22654459e-07	1.396806e-11
5.23176349e-07	1.412938e-11
5.23698760e-07	1.432121e-11
5.24221693e-07	1.437558e-11
5.24745148e-07	1.464267e-11
5.25269125e-07	1.485121e-11
5.25793626e-07	1.504247e-11
5.26318650e-07	1.523158e-11
5.26844199e-07	1.535718e-11
5.27370272e-07	1.557687e-11
5.27896871e-07	1.560765e-11
5.28423996e-07	1.598590e-11
5.28951647e-07	1.616370e-11
5.29479824e-07	1.632292e-11
5.30008530e-07	1.656928e-11
5.30537763e-07	1.676339e-11
5.31067524e-07	1.693445e-11
5.31597815e-07	1.716145e-11
5.32128635e-07	1.737903e-11
5.32659985e-07	1.753598e-11
5.33191866e-07	1.775775e-11
5.33724278e-07	1.799077e-11
5.34257221e-07	1.818270e-11
5.34790697e-07	1.841331e-11
5.35324705e-07	1.865062e-11
5.35859247e-07	1.883471e-11
5.36394322e-07	1.896418e-11
5.36929932e-07	1.933338e-11
5.37466076e-07	1.954009e-11
5.38002756e-07	1.980425e-11
5.38539972e-07	1.999156e-11
5.39077724e-07	2.011542e-11
5.39616013e-07	2.018397e-11
5.40154839e-07	2.055373e-11
5.40694204e-07	2.087351e-11
5.41234107e-07	2.118872e-11
5.41774550e-07	2.132346e-11
5.42315532e-07	2.141886e-11
5.42857054e-07	2.177255e-11
5.43399117e-07	2.178894e-11
5.43941721e-07	2.192785e-11
5.44484867e-07	2.267052e-11
5.45028555e-07	2.288969e-11
5.45572786e-07	2.324544e-11
5.46117561e-07	2.337549e-11
5.46662879e-07	2.348165e-11
5.47208743e-07	2.393159e-11
5.47755151e-07	2.428113e-11
5.48302105e-07	2.444485e-11
5.48849605e-07	2.487019e-11
5.49397651e-07	2.513800e-11
5.49946245e-07	2.550268e-11
5.50495387e-07	2.563149e-11
5.51045077e-07	2.610079e-11
5.51595316e-07	2.606834e-11
5.52146104e-07	2.671733e-11
5.52697443e-07	2.667202e-11
5.53249331e-07	2.722997e-11
5.53801771e-07	2.705547e-11
5.54354763e-07	2.776042e-11
5.54908307e-07	2.826938e-11
5.55462403e-07	2.845799e-11
5.56017053e-07	2.879743e-11
5.56572257e-07	2.878993e-11
5.57128015e-07	2.929989e-11
5.57684328e-07	2.957885e-11
5.58241196e-07	3.020785e-11
5.58798621e-07	3.058883e-11
5.59356602e-07	3.086958e-11
5.59915140e-07	3.121750e-11
5.60474236e-07	3.144427e-11
5.61033890e-07	3.187765e-11
5.61594104e-07	3.211149e-11
5.62154876e-07	3.271289e-11
5.62716209e-07	3.292932e-11
5.63278102e-07	3.337877e-11
5.63840556e-07	3.352961e-11
5.64403571e-07	3.406919e-11
5.64967149e-07	3.453536e-11
5.65531290e-07	3.476064e-11
5.66095994e-07	3.495504e-11
5.66661262e-07	3.558368e-11
5.67227094e-07	3.591306e-11
5.67793491e-07	3.603154e-11
5.68360454e-07	3.500885e-11
5.68927983e-07	3.678853e-11
5.69496079e-07	3.726792e-11
5.70064741e-07	3.765793e-11
5.70633972e-07	3.780397e-11
5.71203771e-07	3.809992e-11
5.71774140e-07	3.815016e-11
5.72345077e-07	3.891201e-11
5.72916585e-07	4.000598e-11
5.73488663e-07	4.053510e-11
5.74061313e-07	4.067840e-11
5.74634535e-07	4.092221e-11
5.75208328e-07	4.131467e-11
5.75782695e-07	4.209386e-11
5.76357636e-07	4.233971e-11
5.76933150e-07	4.306400e-11
5.77509239e-07	4.341806e-11
5.78085904e-07	4.300261e-11
5.78663144e-07	4.397217e-11
5.79240960e-07	4.388478e-11
5.79819354e-07	4.517656e-11
5.80398325e-07	4.479567e-11
5.80977874e-07	4.586183e-11
5.81558002e-07	4.517648e-11
5.82138709e-07	4.741083e-11
5.82719997e-07	4.741865e-11
5.83301864e-07	4.804929e-11
5.83884313e-07	4.737664e-11
5.84467343e-07	4.824543e-11
5.85050955e-07	4.907440e-11
5.85635150e-07	5.004953e-11
5.86219928e-07	4.948582e-11
5.86805291e-07	4.828417e-11
5.87391238e-07	5.128901e-11
5.87977770e-07	5.150753e-11
5.88564887e-07	5.196441e-11
5.89152591e-07	4.726419e-11
5.89740882e-07	5.179679e-11
5.90329760e-07	5.083354e-11
5.90919226e-07	5.391923e-11
5.91509281e-07	5.469256e-11
5.92099925e-07	5.269847e-11
5.92691158e-07	5.534400e-11
5.93282982e-07	5.557207e-11
5.93875397e-07	5.608209e-11
5.94468404e-07	5.662176e-11
5.95062003e-07	5.682145e-11
5.95656194e-07	5.867910e-11
5.96250979e-07	5.877965e-11
5.96846358e-07	5.598530e-11
5.97442331e-07	5.950298e-11
5.98038899e-07	5.968977e-11
5.98636063e-07	6.176249e-11
5.99233823e-07	6.070766e-11
5.99832181e-07	6.278501e-11
6.00431135e-07	5.662806e-11
6.01030688e-07	6.345832e-11
6.01630839e-07	6.350667e-11
6.02231590e-07	6.346391e-11
6.02832941e-07	6.596029e-11
6.03434892e-07	6.688717e-11
6.04037444e-07	6.530263e-11
6.04640598e-07	6.408459e-11
6.05244354e-07	6.730531e-11
6.05848713e-07	6.773657e-11
6.06453675e-07	6.853303e-11
6.07059241e-07	7.068292e-11
6.07665413e-07	7.115270e-11
6.08272189e-07	7.269863e-11
6.08879571e-07	7.403583e-11
6.09487560e-07	7.454404e-11
6.10096156e-07	7.549693e-11
6.10705360e-07	7.447484e-11
6.11315172e-07	7.706683e-11
6.11925592e-07	7.744359e-11
6.12536623e-07	7.696635e-11
6.13148263e-07	7.983122e-11
6.13760515e-07	7.947182e-11
6.14373377e-07	7.808149e-11
6.14986852e-07	8.138224e-11
6.15600939e-07	8.282253e-11
6.16215639e-07	8.244856e-11
6.16830953e-07	8.099314e-11
6.17446882e-07	8.473324e-11
6.18063426e-07	8.550846e-11
6.18680585e-07	8.723933e-11
6.19298360e-07	8.649856e-11
6.19916753e-07	8.653626e-11
6.20535763e-07	8.916326e-11
6.21155390e-07	8.820901e-11
6.21775637e-07	9.209122e-11
6.22396503e-07	9.170041e-11
6.23017989e-07	9.337451e-11
6.23640096e-07	9.185109e-11
6.24262823e-07	9.371349e-11
6.24886173e-07	9.493735e-11
6.25510145e-07	9.648295e-11
6.26134740e-07	9.405557e-11
6.26759959e-07	9.500328e-11
6.27385802e-07	9.713073e-11
6.28012270e-07	9.598014e-11
6.28639363e-07	9.753205e-11
6.29267083e-07	1.026190e-10
6.29895429e-07	1.015117e-10
6.30524403e-07	1.005644e-10
6.31154005e-07	1.016603e-10
6.31784236e-07	1.031189e-10
6.32415096e-07	1.014708e-10
6.33046586e-07	9.997420e-11
6.33678706e-07	1.086649e-10
6.34311458e-07	1.093363e-10
6.34944842e-07	1.089352e-10
6.35578858e-07	1.111807e-10
6.36213507e-07	1.129908e-10
6.36848789e-07	1.132914e-10
6.37484706e-07	1.102282e-10
6.38121259e-07	1.128310e-10
6.38758446e-07	1.127219e-10
6.39396270e-07	1.170296e-10
6.40034731e-07	1.177638e-10
6.40673830e-07	1.174784e-10
6.41313566e-07	1.178490e-10
6.41953941e-07	1.197514e-10
6.42594956e-07	1.219894e-10
6.43236611e-07	1.189096e-10
6.43878907e-07	1.204739e-10
6.44521844e-07	1.163317e-10
6.45165423e-07	1.237674e-10
6.45809644e-07	1.250202e-10
6.46454509e-07	1.241678e-10
6.47100018e-07	1.205506e-10
6.47746171e-07	1.209096e-10
6.48392970e-07	1.253408e-10
6.49040414e-07	1.321783e-10
6.49688505e-07	1.289246e-10
6.50337243e-07	1.340516e-10
6.50986629e-07	1.334249e-10
6.51636663e-07	1.241293e-10
6.52287347e-07	1.295093e-10
6.52938680e-07	1.290156e-10
6.53590663e-07	1.343159e-10
6.54243298e-07	1.356343e-10
6.54896584e-07	1.405065e-10
6.55550522e-07	1.391070e-10
6.56205114e-07	1.322809e-10
6.56860359e-07	1.364852e-10
6.57516258e-07	1.300079e-10
6.58172813e-07	1.428454e-10
6.58830023e-07	9.506123e-11
6.59487889e-07	1.306112e-10
6.60146412e-07	1.456245e-10
6.60805592e-07	1.532451e-10
6.61465431e-07	1.492615e-10
6.62125929e-07	1.535333e-10
6.62787086e-07	9.316667e-11
6.63448904e-07	1.267578e-10
6.64111382e-07	1.567193e-10
6.64774522e-07	1.432351e-10
6.65438324e-07	1.552570e-10
6.66102789e-07	1.584871e-10
6.66767917e-07	1.525635e-10
6.67433710e-07	1.506158e-10
6.68100167e-07	1.606768e-10
6.68767290e-07	1.639829e-10
6.69435079e-07	1.655008e-10
6.70103534e-07	1.686829e-10
6.70772657e-07	1.574850e-10
6.71442449e-07	1.727437e-10
6.72112909e-07	1.670390e-10
6.72784039e-07	1.759810e-10
6.73455838e-07	1.767481e-10
6.74128309e-07	1.614532e-10
6.74801451e-07	1.597691e-10
6.75475265e-07	1.737620e-10
6.76149752e-07	1.835905e-10
6.76824913e-07	1.651715e-10
6.77500748e-07	1.811456e-10
6.78177257e-07	1.842271e-10
6.78854443e-07	1.826552e-10
6.79532304e-07	1.816516e-10
6.80210842e-07	1.879555e-10
6.80890058e-07	1.896203e-10
6.81569952e-07	1.824900e-10
6.82250525e-07	1.864880e-10
6.82931777e-07	1.979754e-10
6.83613710e-07	1.955599e-10
6.84296323e-07	1.978585e-10
6.84979619e-07	2.023204e-10
6.85663596e-07	1.941674e-10
6.86348257e-07	2.036214e-10
6.87033601e-07	2.038150e-10
6.87719629e-07	1.424593e-10
6.88406343e-07	1.915513e-10
6.89093742e-07	2.033826e-10
6.89781828e-07	2.019149e-10
6.90470600e-07	1.995126e-10
6.91160061e-07	1.881575e-10
6.91850210e-07	1.852260e-10
6.92541048e-07	1.452676e-10
6.93232576e-07	1.849828e-10
6.93924794e-07	1.975957e-10
6.94617704e-07	1.919367e-10
6.95311305e-07	1.978472e-10
6.96005599e-07	2.022998e-10
6.96700587e-07	1.985538e-10
6.97396268e-07	2.018883e-10
6.98092644e-07	2.082833e-10
6.98789716e-07	2.154955e-10
6.99487483e-07	2.195739e-10
7.00185947e-07	2.020536e-10
7.00885109e-07	2.022971e-10
7.01584968e-07	2.213030e-10
7.02285527e-07	2.150999e-10
7.02986785e-07	2.008041e-10
7.03688744e-07	2.156919e-10
7.04391403e-07	2.117262e-10
7.05094764e-07	2.083678e-10
7.05798827e-07	2.358604e-10
7.06503593e-07	2.326563e-10
7.07209063e-07	1.954113e-10
7.07915238e-07	2.288580e-10
7.08622117e-07	2.239104e-10
7.09329703e-07	1.864134e-10
7.10037995e-07	2.256759e-10
7.10746994e-07	2.065882e-10
7.11456701e-07	2.349264e-10
7.12167117e-07	1.975740e-10
7.12878242e-07	2.228412e-10
7.13590078e-07	2.246655e-10
7.14302624e-07	2.017864e-10
7.15015881e-07	2.218813e-10
7.15729851e-07	1.981757e-10
7.16444534e-07	1.990327e-10
7.17159931e-07	2.175079e-10
7.17876041e-07	2.057468e-10
7.18592867e-07	2.094983e-10
7.19310409e-07	2.050781e-10
7.20028667e-07	2.108477e-10
7.20747642e-07	1.988260e-10
7.21467335e-07	1.702623e-10
7.22187747e-07	2.139836e-10
7.22908878e-07	2.158209e-10
7.23630730e-07	1.580231e-10
7.24353302e-07	1.913074e-10
7.25076595e-07	2.152049e-10
7.25800611e-07	2.007786e-10
7.26525350e-07	1.984432e-10
7.27250813e-07	2.179215e-10
7.27976999e-07	2.346554e-10
7.28703911e-07	2.193622e-10
7.29431549e-07	2.108801e-10
7.30159914e-07	1.957333e-10
7.30889005e-07	1.883175e-10
7.31618825e-07	2.394146e-10
7.32349374e-07	1.949143e-10
7.33080652e-07	2.299471e-10
7.33812660e-07	2.307781e-10
7.34545399e-07	2.389958e-10
7.35278870e-07	2.364945e-10
7.36013073e-07	2.296717e-10
7.36748009e-07	1.705542e-10
7.37483680e-07	2.354701e-10
7.38220084e-07	2.220668e-10
7.38957224e-07	2.452034e-10
7.39695101e-07	2.702168e-10
7.40433714e-07	2.223616e-10
7.41173064e-07	2.299761e-10
7.41913153e-07	1.762606e-10
7.42653981e-07	2.496994e-10
7.43395548e-07	2.630949e-10
7.44137856e-07	6.499683e-11
7.44880905e-07	2.568629e-10
7.45624697e-07	1.465675e-10
7.46369230e-07	2.379049e-10
7.47114508e-07	2.156046e-10
7.47860529e-07	2.708118e-10
7.48607296e-07	2.473824e-10
7.49354808e-07	2.762332e-10
7.50103066e-07	2.719587e-10
7.50852072e-07	2.155681e-10
7.51601826e-07	2.370308e-10
7.52352328e-07	2.530011e-10
7.53103580e-07	2.352069e-10
7.53855582e-07	2.592776e-10
7.54608334e-07	2.736072e-10
7.55361839e-07	2.762584e-10
7.56116095e-07	2.672472e-10
7.56871105e-07	2.560504e-10
7.57626869e-07	2.743243e-10
7.58383388e-07	2.847538e-10
7.59140662e-07	2.530377e-10
7.59898692e-07	2.788803e-10
7.60657479e-07	2.689768e-10
7.61417023e-07	3.005356e-10
7.62177326e-07	3.103602e-10
7.62938389e-07	3.202450e-10
7.63700211e-07	3.259071e-10
7.64462794e-07	3.203429e-10
7.65226138e-07	2.831629e-10
7.65990245e-07	3.210985e-10
7.66755115e-07	3.262059e-10
7.67520748e-07	3.072230e-10
7.68287146e-07	3.373537e-10
7.69054309e-07	3.191802e-10
7.69822238e-07	2.968880e-10
7.70590934e-07	2.851437e-10
7.71360398e-07	3.187847e-10
7.72130630e-07	2.979191e-10
7.72901631e-07	3.572518e-10
7.73673402e-07	3.292354e-10
7.74445944e-07	3.426735e-10
7.75219257e-07	3.459681e-10
7.75993342e-07	3.559649e-10
7.76768200e-07	3.494092e-10
7.77543832e-07	3.261198e-10
7.78320238e-07	3.545142e-10
7.79097420e-07	3.123762e-10
7.79875377e-07	3.603076e-10
7.80654112e-07	3.757458e-10
7.81433624e-07	3.663808e-10
7.82213914e-07	3.756108e-10
7.82994984e-07	3.813458e-10
7.83776833e-07	3.373690e-10
7.84559463e-07	3.565222e-10
7.85342875e-07	3.708832e-10
7.86127069e-07	3.817727e-10
7.86912046e-07	3.321694e-10
7.87697807e-07	3.867913e-10
7.88484352e-07	3.698494e-10
7.89271683e-07	3.694394e-10
7.90059800e-07	3.703792e-10
7.90848704e-07	3.989438e-10
7.91638396e-07	4.013615e-10
7.92428876e-07	4.072539e-10
7.93220146e-07	4.063259e-10
7.94012205e-07	4.070848e-10
7.94805056e-07	4.070203e-10
7.95598698e-07	4.147960e-10
7.96393133e-07	3.945033e-10
7.97188361e-07	4.342718e-10
7.97984383e-07	4.045486e-10
7.98781200e-07	4.172406e-10
7.99578813e-07	4.268787e-10
8.00377222e-07	4.014824e-10
8.01176428e-07	4.233018e-10
8.01976433e-07	4.283411e-10
8.02777236e-07	4.303349e-10
8.03578839e-07	3.520783e-10
8.04381242e-07	3.962111e-10
8.05184446e-07	4.246145e-10
8.05988453e-07	3.890726e-10
8.06793262e-07	2.851662e-10
8.07598875e-07	2.487670e-10
8.08405293e-07	3.805080e-10
8.09212515e-07	3.293812e-10
8.10020544e-07	3.470565e-10
8.10829379e-07	3.093226e-10
8.11639023e-07	3.061927e-10
8.12449474e-07	2.510500e-10
8.13260735e-07	2.649917e-10
8.14072806e-07	3.692449e-10
8.14885688e-07	2.295007e-10
8.15699382e-07	2.397747e-10
8.16513888e-07	3.910169e-10
8.17329207e-07	3.893242e-10
8.18145341e-07	3.981012e-10
8.18962289e-07	3.707985e-10
8.19780053e-07	3.548780e-10
8.20598634e-07	3.493011e-10
8.21418032e-07	4.058490e-10
8.22238248e-07	4.197960e-10
8.23059284e-07	3.558057e-11
8.23881139e-07	3.804421e-10
8.24703815e-07	3.079215e-10
8.25527312e-07	4.082916e-10
8.26351632e-07	3.633403e-10
8.27176774e-07	4.158395e-10
8.28002741e-07	4.810600e-10
8.28829533e-07	3.107067e-10
8.29657150e-07	2.635197e-10
8.30485593e-07	4.456685e-10
8.31314864e-07	3.748758e-10
8.32144962e-07	4.950110e-10
8.32975890e-07	4.838279e-10
8.33807647e-07	4.459230e-10
8.34640235e-07	2.798176e-10
8.35473654e-07	1.787756e-10
8.36307906e-07	3.607143e-10
8.37142990e-07	3.886835e-10
8.37978908e-07	4.245424e-10
8.38815661e-07	3.119708e-10
8.39653250e-07	4.414881e-10
8.40491675e-07	3.529427e-10
8.41330937e-07	3.866654e-10
8.42171037e-07	4.159398e-10
8.43011976e-07	4.032662e-10
8.43853755e-07	4.200004e-10
8.44696374e-07	4.792000e-10
8.45539834e-07	4.350394e-10
8.46384137e-07	2.230829e-10
8.47229283e-07	4.365165e-10
8.48075273e-07	4.279076e-10
8.48922108e-07	4.842108e-10
8.49769788e-07	4.804164e-10
8.50618314e-07	4.441065e-10
8.51467688e-07	4.663680e-10
8.52317910e-07	4.555771e-10
8.53168981e-07	4.979971e-10
8.54020902e-07	5.119244e-10
8.54873674e-07	4.422566e-10
8.55727297e-07	3.467131e-10
8.56581772e-07	3.928417e-10
8.57437101e-07	4.545283e-10
8.58293284e-07	4.524039e-10
8.59150321e-07	5.237077e-10
8.60008215e-07	4.223588e-10
8.60866965e-07	5.309331e-10
8.61726572e-07	5.191138e-10
8.62587038e-07	5.305986e-10
8.63448363e-07	5.249728e-10
8.64310548e-07	5.338146e-10
8.65173595e-07	5.318801e-10
8.66037502e-07	5.158927e-10
8.66902273e-07	5.908760e-10
8.67767907e-07	5.093569e-10
8.68634405e-07	6.289711e-10
8.69501769e-07	5.056017e-10
8.70369999e-07	5.154570e-10
8.71239096e-07	3.732919e-10
8.72109060e-07	6.100693e-10
8.72979893e-07	5.975127e-10
8.73851596e-07	6.409854e-10
8.74724169e-07	6.145682e-10
8.75597614e-07	5.552810e-10
8.76471930e-07	6.112818e-10
8.77347120e-07	6.786304e-10
8.78223184e-07	5.496642e-10
8.79100122e-07	6.514578e-10
8.79977936e-07	6.659215e-10
8.80856627e-07	6.027638e-10
8.81736195e-07	6.224278e-10
8.82616641e-07	6.580033e-10
8.83497966e-07	5.975572e-10
8.84380172e-07	6.306738e-10
8.85263258e-07	6.879655e-10
8.86147226e-07	6.086005e-10
8.87032077e-07	5.878892e-10
8.87917812e-07	6.563213e-10
8.88804430e-07	6.214579e-10
8.89691935e-07	6.468185e-10
8.90580325e-07	6.856395e-10
8.91469602e-07	5.150870e-10
8.92359768e-07	5.297834e-10
8.93250822e-07	5.440214e-10
8.94142766e-07	6.645424e-10
8.95035601e-07	5.865718e-10
8.95929327e-07	5.728268e-10
8.96823946e-07	5.302572e-10
8.97719458e-07	2.226363e-10
8.98615864e-07	6.330136e-10
8.99513165e-07	6.568072e-10
9.00411362e-07	6.891835e-10
9.01310456e-07	6.435680e-10
9.02210448e-07	6.547948e-10
9.03111339e-07	5.639141e-10
9.04013129e-07	5.520390e-10
9.04915820e-07	6.253867e-10
9.05819412e-07	5.705941e-10
9.06723906e-07	6.910878e-10
9.07629303e-07	5.285444e-10
9.08535605e-07	7.313956e-10
9.09442811e-07	5.271798e-10
9.10350924e-07	6.563965e-10
9.11259943e-07	7.292073e-10
9.12169869e-07	6.661350e-10
9.13080705e-07	3.463262e-10
9.13992450e-07	7.190956e-10
9.14905105e-07	7.394743e-10
9.15818672e-07	7.151581e-11
9.16733151e-07	4.355854e-10
9.17648543e-07	2.429170e-10
9.18564849e-07	6.177478e-10
9.19482070e-07	4.343193e-10
9.20400207e-07	4.537208e-10
9.21319260e-07	4.673966e-10
9.22239232e-07	4.636948e-10
9.23160122e-07	2.162723e-10
9.24081931e-07	3.204031e-10
9.25004661e-07	7.046459e-10
9.25928313e-07	6.577162e-11
9.26852887e-07	4.782915e-10
9.27778384e-07	2.433401e-10
9.28704805e-07	5.499101e-11
9.29632151e-07	2.413573e-10
9.30560423e-07	5.322670e-10
9.31489622e-07	5.839830e-10
9.32419749e-07	7.394493e-11
9.33350805e-07	9.547306e-11
9.34282790e-07	2.302866e-10
9.35215706e-07	3.736941e-10
9.36149554e-07	3.431035e-10
9.37084334e-07	5.116390e-10
9.38020047e-07	2.473724e-11
9.38956695e-07	1.168459e-10
9.39894278e-07	2.924666e-10
9.40832797e-07	5.650310e-10
9.41772253e-07	5.762209e-11
9.42712648e-07	2.039839e-10
9.43653981e-07	1.116889e-10
9.44596255e-07	1.412878e-10
9.45539469e-07	3.963284e-10
9.46483625e-07	4.629030e-10
9.47428724e-07	1.830182e-10
9.48374767e-07	3.073297e-10
9.49321755e-07	3.114948e-10
9.50269687e-07	3.180540e-10
9.51218567e-07	4.701099e-10
9.52168394e-07	2.743697e-10
9.53119169e-07	2.561364e-10
9.54070894e-07	5.671178e-10
9.55023569e-07	4.868239e-10
9.55977196e-07	2.189143e-10
9.56931774e-07	8.909089e-11
9.57887306e-07	4.800074e-10
9.58843792e-07	4.282183e-10
9.59801233e-07	2.291721e-10
9.60759630e-07	1.383239e-10
9.61718984e-07	3.746810e-10
9.62679296e-07	1.304924e-10
9.63640567e-07	9.529972e-11
9.64602798e-07	4.486032e-10
9.65565990e-07	3.075608e-10
9.66530143e-07	4.906481e-10
9.67495259e-07	3.530319e-10
9.68461339e-07	1.730603e-10
9.69428384e-07	2.054498e-10
9.70396394e-07	5.884774e-10
9.71365371e-07	5.152304e-10
9.72335315e-07	4.211282e-10
9.73306228e-07	3.298640e-10
9.74278110e-07	1.140902e-10
9.75250963e-07	1.863278e-10
9.76224787e-07	4.860739e-10
9.77199584e-07	3.666914e-10
9.78175354e-07	3.568976e-10
9.79152098e-07	3.198428e-10
9.80129818e-07	5.460498e-10
9.81108514e-07	4.391133e-10
9.82088187e-07	4.319472e-10
9.83068838e-07	4.367270e-10
9.84050469e-07	3.684535e-10
9.85033080e-07	2.942756e-10
9.86016672e-07	3.386679e-10
9.87001246e-07	4.949283e-10
9.87986804e-07	3.164156e-10
9.88973345e-07	4.535233e-10
9.89960871e-07	4.151919e-10
9.90949384e-07	4.674506e-10
9.91938884e-07	4.224198e-10
9.92929371e-07	4.647625e-10
9.93920848e-07	6.269520e-10
9.94913315e-07	4.756987e-10
9.95906773e-07	4.344824e-10
9.96901223e-07	4.198380e-10
9.97896665e-07	5.964488e-10
9.98893102e-07	6.357429e-10
9.99890534e-07	5.865122e-10
1.00088896e-06	3.515946e-10
1.00188839e-06	3.569980e-10
1.00288881e-06	5.315175e-10
1.00389023e-06	6.436730e-10
1.00489265e-06	5.131553e-10
1.00589607e-06	5.115084e-10
1.00690050e-06	6.519267e-10
1.00790593e-06	5.922562e-10
1.00891236e-06	6.903721e-10
1.00991979e-06	6.625389e-10
1.01092824e-06	4.390631e-10
1.01193769e-06	6.717573e-10
1.01294814e-06	5.437293e-10
1.01395961e-06	6.393710e-10
1.01497209e-06	6.851530e-10
1.01598557e-06	7.289517e-10
1.01700007e-06	6.328493e-10
1.01801558e-06	6.439127e-10
1.01903211e-06	7.670897e-10
1.02004965e-06	4.673104e-10
1.02106821e-06	7.542386e-10
1.02208778e-06	7.453986e-10
1.02310838e-06	6.189688e-10
1.02412999e-06	6.874756e-10
1.02515262e-06	7.392803e-10
1.02617627e-06	6.328458e-10
1.02720095e-06	7.619720e-10
1.02822665e-06	6.955929e-10
1.02925337e-06	7.045496e-10
1.03028112e-06	7.125746e-10
1.03130989e-06	7.952828e-10
1.03233969e-06	7.396695e-10
1.03337052e-06	8.046476e-10
1.03440238e-06	8.711826e-10
1.03543527e-06	8.221787e-10
1.03646919e-06	8.778734e-10
1.03750414e-06	7.421163e-10
1.03854013e-06	7.969472e-10
1.03957715e-06	8.659249e-10
1.04061521e-06	8.776836e-10
1.04165430e-06	7.623507e-10
1.04269443e-06	7.718332e-10
1.04373560e-06	8.345467e-10
1.04477781e-06	8.095020e-10
1.04582106e-06	8.932503e-10
1.04686535e-06	7.024913e-10
1.04791068e-06	7.589925e-10
1.04895706e-06	8.432032e-10
1.05000448e-06	8.117521e-10
1.05105295e-06	7.833192e-10
1.05210246e-06	7.768002e-10
1.05315303e-06	9.651150e-10
1.05420464e-06	9.639858e-10
1.05525730e-06	1.015080e-09
1.05631102e-06	9.400885e-10
1.05736578e-06	9.944822e-10
1.05842160e-06	1.015296e-09
1.05947847e-06	8.937806e-10
1.06053640e-06	8.516273e-10
1.06159539e-06	9.564821e-10
1.06265543e-06	9.874137e-10
1.06371653e-06	9.470966e-10
1.06477869e-06	1.045399e-09
1.06584191e-06	9.525290e-10
1.06690619e-06	9.487228e-10
1.06797154e-06	9.910203e-10
1.06903795e-06	8.513099e-10
1.07010542e-06	1.039778e-09
1.07117396e-06	8.865272e-10
1.07224357e-06	1.086183e-09
1.07331424e-06	1.058426e-09
1.07438599e-06	1.148639e-09
1.07545880e-06	1.089585e-09
1.07653269e-06	9.328638e-10
1.07760765e-06	9.838490e-10
1.07868368e-06	5.851201e-10
1.07976078e-06	9.593116e-10
1.08083896e-06	1.068517e-09
1.08191822e-06	1.047304e-09
1.08299856e-06	1.095077e-09
1.08407997e-06	1.083126e-09
1.08516247e-06	9.993930e-10
1.08624604e-06	8.522015e-10
1.08733070e-06	8.631411e-10
1.08841644e-06	9.553603e-10
1.08950326e-06	7.701522e-10
1.09059117e-06	8.898502e-10
1.09168017e-06	3.505756e-10
1.09277025e-06	3.673502e-10
1.09386142e-06	4.107564e-10
1.09495368e-06	3.878863e-10
1.09604703e-06	2.139055e-10
1.09714148e-06	4.413524e-10
1.09823701e-06	7.147862e-10
1.09933364e-06	6.745264e-10
1.10043137e-06	3.852277e-10
1.10153019e-06	4.693080e-10
1.10263011e-06	4.971110e-10
1.10373113e-06	8.778503e-10
1.10483324e-06	5.349786e-10
1.10593646e-06	3.916420e-10
1.10704078e-06	6.159825e-10
1.10814620e-06	4.810259e-10
1.10925273e-06	4.278678e-10
1.11036036e-06	1.309769e-10
1.11146909e-06	5.293654e-10
1.11257893e-06	5.454313e-10
1.11368989e-06	5.064057e-10
1.11480195e-06	1.434313e-10
1.11591512e-06	6.876094e-10
1.11702940e-06	2.791207e-10
1.11814480e-06	6.325100e-10
1.11926130e-06	2.073139e-10
1.12037893e-06	6.566437e-11
1.12149767e-06	6.469984e-10
1.12261752e-06	6.457073e-10
1.12373850e-06	5.825052e-10
1.12486059e-06	5.843069e-10
1.12598381e-06	6.139720e-10
1.12710815e-06	6.808330e-10
1.12823361e-06	2.052062e-10
1.12936019e-06	1.273811e-10
1.13048790e-06	6.014538e-10
1.13161673e-06	3.954413e-10
1.13274669e-06	7.785707e-10
1.13387778e-06	6.868689e-10
1.13501000e-06	4.140724e-10
1.13614335e-06	4.547378e-10
1.13727783e-06	5.410230e-10
1.13841345e-06	7.780843e-10
1.13955019e-06	7.355689e-10
1.14068808e-06	6.563064e-10
1.14182710e-06	4.473224e-10
1.14296725e-06	4.682307e-10
1.14410855e-06	1.726709e-10
1.14525098e-06	6.045633e-10
1.14639456e-06	2.932303e-10
1.14753928e-06	5.003653e-10
1.14868514e-06	3.437935e-10
1.14983214e-06	1.838011e-10
1.15098029e-06	4.056615e-10
1.15212959e-06	7.641958e-10
1.15328003e-06	2.413814e-10
1.15443162e-06	3.229282e-10
1.15558437e-06	4.168514e-10
1.15673826e-06	6.522070e-10
1.15789331e-06	4.051919e-10
1.15904951e-06	6.404799e-10
1.16020686e-06	5.433874e-10
1.16136537e-06	5.398643e-10
1.16252504e-06	7.882115e-11
1.16368586e-06	9.139092e-11
1.16484784e-06	3.749791e-10
1.16601099e-06	6.210776e-10
1.16717529e-06	4.046848e-10
1.16834076e-06	1.001551e-10
1.16950739e-06	1.241305e-10
1.17067519e-06	3.329693e-10
1.17184415e-06	6.915220e-10
1.17301428e-06	4.942127e-10
1.17418558e-06	5.097546e-10
1.17535805e-06	6.058581e-10
1.17653168e-06	4.644870e-10
1.17770650e-06	4.212963e-10
1.17888248e-06	3.367434e-10
1.18005964e-06	3.006615e-10
1.18123797e-06	5.501932e-10
1.18241748e-06	1.064328e-10
1.18359817e-06	3.575293e-10
1.18478003e-06	5.017804e-10
1.18596308e-06	1.947674e-10
1.18714731e-06	8.695906e-10
1.18833272e-06	6.908145e-10
1.18951931e-06	3.579838e-10
1.19070709e-06	4.299943e-10
1.19189606e-06	6.019630e-10
1.19308621e-06	8.292011e-10
1.19427755e-06	6.934734e-10
1.19547008e-06	8.733277e-10
1.19666380e-06	7.622478e-10
1.19785872e-06	7.452296e-10
1.19905482e-06	4.575017e-10
1.20025212e-06	9.134592e-10
1.20145062e-06	8.126089e-10
1.20265031e-06	7.561123e-10
1.20385120e-06	1.034699e-09
1.20505329e-06	6.674630e-10
1.20625658e-06	6.739936e-10
1.20746108e-06	8.705062e-10
1.20866677e-06	9.040342e-10
1.20987367e-06	4.113260e-10
1.21108177e-06	8.283226e-10
1.21229108e-06	6.479809e-10
1.21350160e-06	8.404933e-10
1.21471333e-06	9.258469e-10
1.21592626e-06	6.285382e-10
1.21714041e-06	8.608895e-10
1.21835577e-06	1.025476e-09
1.21957234e-06	1.159069e-09
1.22079013e-06	7.092230e-10
1.22200914e-06	9.620648e-10
1.22322936e-06	8.252448e-10
1.22445080e-06	1.046479e-09
1.22567346e-06	8.711288e-10
1.22689734e-06	8.667079e-10
1.22812244e-06	9.973136e-10
1.22934876e-06	8.210960e-10
1.23057631e-06	7.822805e-10
1.23180509e-06	6.576016e-10
1.23303509e-06	1.013743e-09
1.23426633e-06	8.617700e-10
1.23549879e-06	8.824479e-10
1.23673248e-06	7.586370e-10
1.23796740e-06	9.727200e-10
1.23920356e-06	1.096858e-09
1.24044095e-06	9.399033e-10
1.24167957e-06	1.159988e-09
1.24291944e-06	9.209687e-10
1.24416054e-06	9.661306e-10
1.24540288e-06	1.260080e-09
1.24664646e-06	1.244472e-09
1.24789128e-06	1.222401e-09
1.24913735e-06	1.269880e-09
1.25038466e-06	1.302379e-09
1.25163321e-06	1.212076e-09
1.25288301e-06	1.308656e-09
1.25413407e-06	1.307601e-09
1.25538636e-06	8.804113e-10
1.25663991e-06	1.198404e-09
1.25789472e-06	1.059752e-09
1.25915077e-06	1.377985e-09
1.26040808e-06	9.435697e-10
1.26166664e-06	1.248105e-09
1.26292646e-06	1.385185e-09
1.26418754e-06	1.285379e-09
1.26544988e-06	1.315057e-09
1.26671348e-06	1.432232e-09
1.26797834e-06	1.475345e-09
1.26924446e-06	1.290242e-09
1.27051185e-06	5.752074e-10
1.27178050e-06	1.471398e-09
1.27305042e-06	1.152847e-09
1.27432161e-06	1.632939e-09
1.27559407e-06	1.397369e-09
1.27686780e-06	1.199928e-09
1.27814280e-06	1.468984e-09
1.27941907e-06	1.184924e-09
1.28069662e-06	1.211319e-09
1.28197544e-06	1.179567e-09
1.28325554e-06	5.993921e-10
1.28453692e-06	1.197556e-09
1.28581958e-06	1.384962e-09
1.28710351e-06	1.541520e-09
1.28838874e-06	1.339291e-09
1.28967524e-06	8.361949e-10
1.29096303e-06	1.354969e-09
1.29225210e-06	1.331849e-09
1.29354246e-06	1.652073e-09
1.29483411e-06	1.004443e-09
1.29612705e-06	1.356481e-09
1.29742128e-06	1.199905e-09
1.29871681e-06	1.503474e-09
1.30001362e-06	1.736201e-09
1.30131174e-06	1.244150e-09
1.30261114e-06	1.206332e-09
1.30391185e-06	1.296423e-09
1.30521385e-06	1.370124e-09
1.30651716e-06	1.195999e-09
1.30782176e-06	1.189028e-09
1.30912767e-06	3.351043e-10
1.31043489e-06	8.287164e-10
1.31174340e-06	6.177193e-10
1.31305323e-06	1.337370e-09
1.31436436e-06	1.075091e-09
1.31567680e-06	1.313443e-09
1.31699055e-06	7.639834e-10
1.31830562e-06	1.081330e-09
1.31962199e-06	9.776443e-10
1.32093969e-06	9.771128e-10
1.32225869e-06	1.170996e-09
1.32357902e-06	1.081942e-09
1.32490066e-06	1.033780e-09
1.32622362e-06	5.888872e-10
1.32754791e-06	1.537665e-09
1.32887351e-06	5.933942e-10
1.33020044e-06	4.598304e-10
1.33152870e-06	1.108227e-09
1.33285828e-06	3.493107e-10
1.33418918e-06	6.589889e-10
1.33552142e-06	6.730579e-10
1.33685499e-06	4.516633e-10
1.33818989e-06	3.849589e-10
1.33952612e-06	5.759553e-10
1.34086369e-06	6.493644e-10
1.34220259e-06	8.954881e-10
1.34354283e-06	2.100661e-10
1.34488441e-06	1.175025e-10
1.34622732e-06	6.402876e-10
1.34757158e-06	3.148186e-10
1.34891718e-06	4.394937e-10
1.35026412e-06	2.024376e-10
1.35161241e-06	1.691147e-10
1.35296205e-06	3.197391e-10
1.35431303e-06	2.330690e-10
1.35566536e-06	1.742673e-10
1.35701905e-06	3.168134e-10
1.35837408e-06	1.376112e-10
1.35973047e-06	3.408109e-10
1.36108821e-06	1.220233e-10
1.36244730e-06	2.153918e-10
1.36380776e-06	5.421494e-10
1.36516957e-06	4.643344e-10
1.36653274e-06	2.918703e-10
1.36789728e-06	2.764476e-10
1.36926317e-06	2.199195e-10
1.37063043e-06	2.356253e-10
1.37199906e-06	4.447201e-10
1.37336905e-06	5.547941e-10
1.37474041e-06	4.238876e-10
1.37611314e-06	2.712618e-10
1.37748724e-06	6.914282e-10
1.37886271e-06	3.358045e-10
1.38023956e-06	2.379875e-10
1.38161778e-06	6.359177e-10
1.38299737e-06	3.295221e-10
1.38437835e-06	2.284139e-10
1.38576070e-06	2.087247e-10
1.38714443e-06	3.978743e-10
1.38852955e-06	5.601002e-10
1.38991605e-06	1.426667e-10
1.39130393e-06	5.266336e-10
1.39269320e-06	1.643379e-10
1.39408385e-06	6.239931e-10
1.39547590e-06	3.295323e-10
1.39686933e-06	3.407254e-10
1.39826416e-06	4.999631e-10
1.39966038e-06	1.554317e-10
1.40105799e-06	1.653529e-10
1.40245700e-06	5.520393e-10
1.40385740e-06	5.093327e-10
1.40525921e-06	1.991022e-10
1.40666241e-06	1.705161e-10
1.40806702e-06	4.809107e-10
1.40947302e-06	3.289207e-10
1.41088043e-06	2.275937e-10
1.41228925e-06	3.573880e-10
1.41369947e-06	2.977660e-10
1.41511110e-06	4.743397e-10
1.41652415e-06	7.156627e-10
1.41793860e-06	3.553509e-10
1.41935446e-06	2.442251e-10
1.42077174e-06	1.507182e-10
1.42219043e-06	2.144990e-10
1.42361054e-06	1.793679e-10
1.42503207e-06	2.978804e-10
1.42645502e-06	4.672686e-10
1.42787939e-06	3.291629e-10
1.42930518e-06	2.122648e-10
1.43073239e-06	5.013008e-10
1.43216103e-06	2.275881e-10
1.43359110e-06	4.507032e-10
1.43502259e-06	4.580829e-10
1.43645551e-06	3.438024e-10
1.43788987e-06	3.728293e-10
1.43932565e-06	4.707401e-10
1.44076287e-06	3.671329e-10
1.44220153e-06	4.428673e-10
1.44364162e-06	6.348871e-10
1.44508315e-06	3.004698e-10
1.44652612e-06	4.805491e-10
1.44797053e-06	3.326464e-10
1.44941638e-06	5.693464e-10
1.45086368e-06	2.488872e-10
1.45231242e-06	5.056498e-10
1.45376261e-06	2.723359e-10
1.45521424e-06	5.397981e-10
1.45666733e-06	1.696663e-10
1.45812186e-06	2.045786e-10
1.45957785e-06	2.360831e-10
1.46103529e-06	5.775031e-10
1.46249419e-06	2.799244e-10
1.46395455e-06	2.764218e-10
1.46541636e-06	6.442865e-10
1.46687963e-06	3.100257e-10
1.46834437e-06	4.271342e-10
1.46981056e-06	5.002827e-10
1.47127822e-06	5.916418e-10
1.47274735e-06	7.662066e-10
1.47421794e-06	2.796223e-10
1.47569000e-06	2.626877e-10
1.47716353e-06	4.266706e-10
1.47863854e-06	2.451986e-10
1.48011501e-06	3.786950e-10
1.48159296e-06	5.254318e-10
1.48307239e-06	8.450325e-10
1.48455329e-06	3.009324e-10
1.48603567e-06	4.264324e-10
1.48751953e-06	6.140414e-10
1.48900488e-06	7.206400e-10
1.49049170e-06	4.040753e-10
1.49198001e-06	6.249991e-10
1.49346981e-06	2.671831e-10
1.49496110e-06	9.194722e-10
1.49645387e-06	2.953050e-10
1.49794813e-06	8.004146e-10
1.49944389e-06	7.470084e-10
1.50094114e-06	5.413934e-10
1.50243989e-06	5.279166e-10
1.50394013e-06	5.203329e-10
1.50544187e-06	5.836385e-10
1.50694511e-06	4.938628e-10
1.50844985e-06	6.796874e-10
1.50995609e-06	5.909285e-10
1.51146384e-06	5.732660e-10
1.51297309e-06	8.855588e-10
1.51448385e-06	6.028277e-10
1.51599612e-06	8.789608e-10
1.51750990e-06	4.337590e-10
1.51902519e-06	3.165631e-10
1.52054199e-06	6.898425e-10
1.52206031e-06	4.113988e-10
1.52358014e-06	6.176336e-10
1.52510149e-06	6.023226e-10
1.52662436e-06	1.015992e-09
1.52814875e-06	5.557486e-10
1.52967467e-06	1.235812e-09
1.53120210e-06	2.961813e-10
1.53273107e-06	8.053202e-10
1.53426156e-06	4.775104e-10
1.53579357e-06	6.655187e-10
1.53732712e-06	3.068829e-10
1.53886220e-06	7.439736e-10
1.54039881e-06	9.210404e-10
1.54193695e-06	8.012165e-10
1.54347663e-06	8.787554e-10
1.54501785e-06	1.191316e-09
1.54656061e-06	5.060387e-10
1.54810491e-06	1.004109e-09
1.54965075e-06	6.783984e-10
1.55119813e-06	9.411343e-10
1.55274706e-06	9.706508e-10
1.55429754e-06	1.108150e-09
1.55584956e-06	1.012938e-09
1.55740313e-06	7.328693e-10
1.55895826e-06	1.013131e-09
1.56051494e-06	1.105096e-09
1.56207317e-06	1.098990e-09
1.56363296e-06	1.139532e-09
1.56519430e-06	7.168981e-10
1.56675721e-06	1.106434e-09
1.56832167e-06	1.087881e-09
1.56988770e-06	1.133078e-09
1.57145529e-06	9.952012e-10
1.57302445e-06	6.045064e-10
1.57459517e-06	1.174983e-09
1.57616746e-06	1.048383e-09
1.57774132e-06	1.292054e-09
1.57931676e-06	1.236893e-09
1.58089376e-06	1.338190e-09
1.58247234e-06	6.255451e-10
1.58405250e-06	1.083460e-09
1.58563424e-06	1.228714e-09
1.58721755e-06	1.021808e-09
1.58880245e-06	1.462139e-09
1.59038892e-06	7.058054e-10
1.59197699e-06	1.093879e-09
1.59356663e-06	1.446084e-09
1.59515787e-06	1.575760e-09
1.59675069e-06	1.331799e-09
1.59834511e-06	1.034305e-09
1.59994111e-06	1.282266e-09
1.60153872e-06	1.259047e-09
1.60313791e-06	1.087638e-09
1.60473870e-06	1.592639e-09
1.60634109e-06	1.364594e-09
1.60794509e-06	1.481892e-09
1.60955068e-06	1.442209e-09
1.61115787e-06	1.445858e-09
1.61276668e-06	1.403408e-09
1.61437708e-06	1.548248e-09
1.61598910e-06	1.415917e-09
1.61760272e-06	1.551712e-09
1.61921796e-06	1.326611e-09
1.62083481e-06	1.539495e-09
1.62245327e-06	1.439258e-09
1.62407335e-06	1.326797e-09
1.62569505e-06	1.466351e-09
1.62731837e-06	1.458864e-09
1.62894330e-06	1.652723e-09
1.63056986e-06	1.574296e-09
1.63219805e-06	5.120637e-10
1.63382786e-06	1.636822e-09
1.63545930e-06	1.448610e-09
1.63709236e-06	1.458326e-09
1.63872706e-06	1.502943e-09
1.64036339e-06	1.394436e-09
1.64200135e-06	1.866278e-09
1.64364095e-06	1.660861e-09
1.64528219e-06	1.568362e-09
1.64692506e-06	1.569913e-09
1.64856958e-06	1.633518e-09
1.65021574e-06	1.692822e-09
1.65186354e-06	1.527137e-09
1.65351299e-06	1.764895e-09
1.65516408e-06	1.733642e-09
1.65681682e-06	1.768429e-09
1.65847122e-06	1.668680e-09
1.66012726e-06	1.593503e-09
1.66178496e-06	1.635472e-09
1.66344431e-06	1.712786e-09
1.66510532e-06	1.770645e-09
1.66676799e-06	1.600683e-09
1.66843232e-06	1.726023e-09
1.67009831e-06	1.256857e-09
1.67176597e-06	1.142176e-09
1.67343529e-06	1.673964e-09
1.67510628e-06	1.656485e-09
1.67677893e-06	1.743250e-09
1.67845326e-06	1.184394e-09
1.68012926e-06	1.746940e-09
1.68180693e-06	1.984965e-09
1.68348627e-06	1.443035e-09
1.68516730e-06	1.563786e-09
1.68685000e-06	9.714241e-10
1.68853438e-06	1.658659e-09
1.69022045e-06	1.810219e-09
1.69190819e-06	1.247770e-09
1.69359763e-06	1.856128e-09
1.69528875e-06	1.216138e-09
1.69698156e-06	1.558825e-09
1.69867605e-06	1.812680e-09
1.70037225e-06	1.530425e-09
1.70207013e-06	1.690445e-09
1.70376971e-06	1.142380e-09
1.70547099e-06	1.462882e-09
1.70717396e-06	1.667061e-09
1.70887864e-06	1.540726e-09
1.71058502e-06	1.856268e-09
1.71229310e-06	1.592482e-09
1.71400289e-06	1.313493e-09
1.71571438e-06	1.105440e-09
1.71742759e-06	1.100180e-09
1.71914250e-06	1.097449e-09
1.72085913e-06	9.756764e-10
1.72257747e-06	1.127666e-09
1.72429753e-06	1.620512e-09
1.72601931e-06	1.490883e-09
1.72774280e-06	1.118730e-09
1.72946801e-06	1.009127e-09
1.73119495e-06	1.257402e-09
1.73292362e-06	1.203744e-09
1.73465400e-06	1.168345e-09
1.73638612e-06	1.446953e-09
1.73811997e-06	1.294154e-09
1.73985554e-06	7.262720e-10
1.74159285e-06	1.344137e-09
1.74333190e-06	1.359163e-09
1.74507268e-06	8.984921e-10
1.74681520e-06	3.570047e-10
1.74855946e-06	1.601034e-09
1.75030546e-06	4.887982e-10
1.75205321e-06	5.529687e-10
1.75380270e-06	1.085719e-09
1.75555393e-06	4.240985e-10
1.75730692e-06	5.937534e-10
1.75906165e-06	1.453090e-09
1.76081814e-06	1.257503e-09
1.76257638e-06	1.247824e-09
1.76433638e-06	1.240371e-09
1.76609814e-06	1.266155e-09
1.76786165e-06	3.510251e-10
1.76962693e-06	1.524222e-09
1.77139397e-06	1.067510e-09
1.77316277e-06	8.375370e-10
1.77493334e-06	8.354569e-10
1.77670567e-06	9.773358e-10
1.77847978e-06	6.099723e-10
1.78025566e-06	9.094140e-10
1.78203331e-06	6.568794e-10
1.78381274e-06	8.829402e-10
1.78559394e-06	1.148249e-09
1.78737692e-06	1.117412e-09
1.78916168e-06	9.895561e-10
1.79094823e-06	7.454348e-10
1.79273655e-06	5.972519e-10
1.79452667e-06	1.338329e-09
1.79631857e-06	3.644753e-10
1.79811226e-06	8.692556e-10
1.79990774e-06	1.093899e-09
1.80170502e-06	6.363430e-10
1.80350409e-06	5.956700e-10
1.80530495e-06	1.058303e-09
1.80710762e-06	5.714057e-10
1.80891208e-06	5.501048e-10
1.81071835e-06	4.250803e-10
1.81252641e-06	4.287038e-10
1.81433629e-06	8.040206e-10
1.81614797e-06	1.293755e-09
1.81796146e-06	7.139675e-10
1.81977676e-06	7.667554e-10
1.82159388e-06	5.893941e-10
1.82341281e-06	4.649759e-10
1.82523355e-06	8.286495e-10
1.82705612e-06	7.587758e-10
1.82888050e-06	3.996389e-10
1.83070670e-06	8.366954e-10
1.83253473e-06	4.488781e-10
1.83436459e-06	1.292545e-09
1.83619627e-06	4.531957e-10
1.83802978e-06	9.714015e-10
1.83986512e-06	4.138288e-10
1.84170229e-06	1.180800e-09
1.84354130e-06	5.048321e-10
1.84538214e-06	1.117885e-09
1.84722483e-06	4.423019e-10
1.84906935e-06	1.336481e-09
1.85091571e-06	1.091074e-09
1.85276392e-06	1.339696e-09
1.85461397e-06	8.852943e-10
1.85646588e-06	8.213980e-10
1.85831963e-06	8.765369e-10
1.86017523e-06	8.202311e-10
1.86203268e-06	7.524828e-10
1.86389199e-06	9.502737e-10
1.86575315e-06	9.967601e-10
1.86761618e-06	7.318093e-10
1.86948106e-06	1.161679e-09
1.87134781e-06	8.719119e-10
1.87321642e-06	8.434289e-10
1.87508689e-06	1.058013e-09
1.87695924e-06	1.026020e-09
1.87883345e-06	9.257452e-10
1.88070954e-06	1.306359e-09
1.88258749e-06	1.193316e-09
1.88446733e-06	1.097287e-09
1.88634904e-06	1.520590e-09
1.88823263e-06	1.103968e-09
1.89011810e-06	6.877650e-10
1.89200545e-06	1.073780e-09
1.89389469e-06	4.398684e-10
1.89578581e-06	1.361884e-09
1.89767882e-06	1.023420e-09
1.89957373e-06	1.102642e-09
1.90147052e-06	4.882970e-10
1.90336921e-06	6.923113e-10
1.90526980e-06	9.816922e-10
1.90717228e-06	6.309305e-10
1.90907666e-06	1.272961e-09
1.91098294e-06	1.065686e-09
1.91289113e-06	7.930866e-10
1.91480122e-06	1.287075e-09
1.91671322e-06	9.062873e-10
1.91862713e-06	1.257129e-09
1.92054295e-06	1.153222e-09
1.92246069e-06	8.869818e-10
1.92438033e-06	1.220471e-09
1.92630190e-06	9.071788e-10
1.92822538e-06	1.071908e-09
1.93015079e-06	1.259204e-09
1.93207812e-06	1.312687e-09
1.93400737e-06	7.845499e-10
1.93593855e-06	1.046450e-09
1.93787165e-06	9.472506e-10
1.93980669e-06	5.340335e-10
1.94174366e-06	1.351817e-09
1.94368256e-06	1.017221e-09
1.94562340e-06	1.151029e-09
1.94756618e-06	8.319863e-10
1.94951089e-06	1.071060e-09
1.95145755e-06	1.217365e-09
1.95340615e-06	4.925469e-10
1.95535670e-06	9.122663e-10
1.95730920e-06	8.673711e-10
1.95926364e-06	1.388298e-09
1.96122004e-06	1.098493e-09
1.96317839e-06	1.198735e-09
1.96513870e-06	7.339133e-10
1.96710096e-06	1.208969e-09
1.96906519e-06	1.151473e-09
1.97103137e-06	9.361397e-10
1.97299952e-06	8.038916e-10
1.97496963e-06	1.255918e-09
1.97694171e-06	1.029020e-09
1.97891576e-06	1.550172e-09
1.98089178e-06	1.159007e-09
1.98286978e-06	7.772182e-10
1.98484975e-06	7.944493e-10
1.98683169e-06	8.212696e-10
1.98881562e-06	1.457928e-09
1.99080152e-06	5.618201e-10
1.99278941e-06	8.087497e-10
1.99477929e-06	1.265992e-09
1.99677115e-06	8.237598e-10
1.99876500e-06	1.311461e-09
2.00076084e-06	1.373610e-09
2.00275867e-06	1.279522e-09
2.00475850e-06	1.177290e-09
2.00676033e-06	1.415505e-09
2.00876415e-06	5.074374e-10
2.01076998e-06	8.312925e-10
2.01277780e-06	1.316785e-09
2.01478764e-06	1.133680e-09
2.01679948e-06	7.137043e-10
2.01881333e-06	5.460100e-10
2.02082919e-06	1.179616e-09
2.02284706e-06	1.103845e-09
2.02486695e-06	8.734270e-10
2.02688885e-06	1.189082e-09
2.02891278e-06	9.173350e-10
2.03093872e-06	8.858781e-10
2.03296669e-06	1.024469e-09
2.03499668e-06	1.040604e-09
2.03702870e-06	1.282234e-09
2.03906275e-06	1.087334e-09
2.04109883e-06	1.226400e-09
2.04313694e-06	1.229949e-09
2.04517709e-06	1.476517e-09
2.04721927e-06	1.203071e-09
2.04926350e-06	1.469294e-09
2.05130976e-06	1.471805e-09
2.05335807e-06	7.651082e-10
2.05540843e-06	1.583441e-09
2.05746083e-06	1.357026e-09
2.05951528e-06	1.488086e-09
2.06157178e-06	8.908348e-10
2.06363034e-06	1.345322e-09
2.06569095e-06	1.468196e-09
2.06775362e-06	8.577558e-10
2.06981835e-06	1.667573e-09
2.07188514e-06	1.420292e-09
2.07395399e-06	1.395446e-09
2.07602491e-06	1.315268e-09
2.07809790e-06	1.504504e-09
2.08017296e-06	1.517811e-09
2.08225009e-06	1.650076e-09
2.08432929e-06	1.182263e-09
2.08641057e-06	9.641912e-10
2.08849393e-06	1.171696e-09
2.09057937e-06	1.293933e-09
2.09266689e-06	1.661797e-09
2.09475649e-06	1.226024e-09
2.09684818e-06	1.291715e-09
2.09894197e-06	1.507904e-09
2.10103784e-06	1.392173e-09
2.10313580e-06	1.551063e-09
2.10523586e-06	1.507094e-09
2.10733802e-06	1.244412e-09
2.10944227e-06	1.677407e-09
2.11154863e-06	1.191186e-09
2.11365709e-06	1.464665e-09
2.11576765e-06	1.639086e-09
2.11788032e-06	1.579745e-09
2.11999511e-06	1.308811e-09
2.12211200e-06	1.655279e-09
2.12423101e-06	1.699831e-09
2.12635213e-06	1.585228e-09
2.12847537e-06	1.100664e-09
2.13060073e-06	1.408651e-09
2.13272822e-06	1.597502e-09
2.13485783e-06	1.549850e-09
2.13698956e-06	1.320958e-09
2.13912342e-06	1.695914e-09
2.14125942e-06	1.397951e-09
2.14339754e-06	1.067605e-09
2.14553781e-06	1.734917e-09
2.14768021e-06	1.771410e-09
2.14982474e-06	1.303778e-09
2.15197142e-06	1.659689e-09
2.15412025e-06	1.621983e-09
2.15627122e-06	1.754425e-09
2.15842433e-06	1.811230e-09
2.16057960e-06	1.421378e-09
2.16273702e-06	1.764518e-09
2.16489659e-06	1.642946e-09
2.16705832e-06	1.742181e-09
2.16922221e-06	1.697247e-09
2.17138826e-06	1.327366e-09
2.17355647e-06	1.744952e-09
2.17572684e-06	1.390293e-09
2.17789939e-06	1.747296e-09
2.18007410e-06	1.630975e-09
2.18225099e-06	1.600712e-09
2.18443005e-06	1.402876e-09
2.18661128e-06	1.326954e-09
2.18879469e-06	1.683608e-09
2.19098028e-06	1.544558e-09
2.19316806e-06	1.732125e-09
2.19535802e-06	1.643595e-09
2.19755017e-06	1.651815e-09
2.19974450e-06	1.703800e-09
2.20194103e-06	1.612589e-09
2.20413975e-06	1.597223e-09
2.20634066e-06	1.631009e-09
2.20854377e-06	1.170737e-09
2.21074909e-06	1.297213e-09
2.21295660e-06	1.645678e-09
2.21516632e-06	1.668714e-09
2.21737825e-06	1.629722e-09
2.21959238e-06	8.369231e-10
2.22180873e-06	1.508197e-09
2.22402729e-06	1.700760e-09
2.22624806e-06	1.671017e-09
2.22847105e-06	1.661578e-09
2.23069626e-06	1.755664e-09
2.23292369e-06	8.994793e-10
2.23515335e-06	1.673662e-09
2.23738523e-06	1.700742e-09
2.23961935e-06	1.765438e-09
2.24185569e-06	1.032158e-09
2.24409427e-06	1.743399e-09
2.24633508e-06	1.615475e-09
2.24857813e-06	1.720430e-09
2.25082341e-06	1.608018e-09
2.25307094e-06	1.707473e-09
2.25532072e-06	1.654298e-09
2.25757274e-06	1.711953e-09
2.25982701e-06	1.686802e-09
2.26208353e-06	1.760276e-09
2.26434231e-06	1.489407e-09
2.26660334e-06	1.616937e-09
2.26886662e-06	1.609236e-09
2.27113217e-06	1.698660e-09
2.27339998e-06	1.611654e-09
2.27567005e-06	1.676617e-09
2.27794240e-06	1.657063e-09
2.28021700e-06	1.402897e-09
2.28249389e-06	1.390344e-09
2.28477304e-06	1.709772e-09
2.28705447e-06	1.597859e-09
2.28933818e-06	1.704892e-09
2.29162417e-06	1.477655e-09
2.29391244e-06	7.999351e-10
2.29620300e-06	1.519144e-09
2.29849584e-06	1.170620e-09
2.30079097e-06	1.545560e-09
2.30308840e-06	1.253990e-09
2.30538812e-06	1.592195e-09
2.30769013e-06	1.443392e-09
2.30999445e-06	1.275307e-09
2.31230106e-06	1.551560e-09
2.31460998e-06	1.600133e-09
2.31692121e-06	1.628480e-09
2.31923474e-06	1.671066e-09
2.32155058e-06	1.638745e-09
2.32386873e-06	1.588886e-09
2.32618920e-06	1.560992e-09
2.32851199e-06	1.025560e-09
2.33083709e-06	1.617091e-09
2.33316452e-06	1.425322e-09
2.33549427e-06	1.408474e-09
2.33782635e-06	1.520081e-09
2.34016076e-06	1.545433e-09
2.34249749e-06	1.468898e-09
2.34483656e-06	9.033337e-10
2.34717797e-06	1.653364e-09
2.34952171e-06	1.212861e-09
2.35186780e-06	1.693285e-09
2.35421623e-06	1.608264e-09
2.35656700e-06	1.649851e-09
2.35892012e-06	1.448374e-09
2.36127559e-06	1.560550e-09
2.36363341e-06	1.653666e-09
2.36599358e-06	1.637058e-09
2.36835612e-06	1.692014e-09
2.37072101e-06	1.436413e-09
2.37308826e-06	9.007086e-10
2.37545788e-06	1.480056e-09
2.37782986e-06	1.713363e-09
2.38020421e-06	1.554364e-09
2.38258093e-06	1.313070e-09
2.38496003e-06	1.417080e-09
2.38734150e-06	1.400155e-09
2.38972535e-06	1.643195e-09
2.39211158e-06	1.267168e-09
2.39450019e-06	1.551517e-09
2.39689119e-06	1.508860e-09
2.39928457e-06	1.666397e-09
2.40168035e-06	1.183908e-09
2.40407851e-06	1.054958e-09
2.40647907e-06	1.715871e-09
2.40888203e-06	1.315576e-09
2.41128739e-06	1.584669e-09
2.41369515e-06	1.123586e-09
2.41610531e-06	7.977930e-10
2.41851788e-06	1.266662e-09
2.42093286e-06	1.609644e-09
2.42335026e-06	7.852468e-10
2.42577006e-06	1.072359e-09
2.42819228e-06	1.312823e-09
2.43061692e-06	1.248663e-09
2.43304398e-06	1.632661e-09
2.43547347e-06	1.375105e-09
2.43790538e-06	9.664078e-10
2.44033972e-06	1.545534e-09
2.44277649e-06	1.606819e-09
2.44521569e-06	1.460574e-09
2.44765733e-06	1.293647e-09
2.45010140e-06	1.151803e-09
2.45254792e-06	1.194753e-09
2.45499688e-06	1.335876e-09
2.45744829e-06	1.703895e-09
2.45990214e-06	1.056025e-09
2.46235844e-06	1.667473e-09
2.46481720e-06	1.639942e-09
2.46727841e-06	1.630863e-09
2.46974208e-06	1.144396e-09
2.47220821e-06	1.210232e-09
2.47467680e-06	1.304260e-09
2.47714786e-06	1.343907e-09
2.47962138e-06	1.156365e-09
2.48209737e-06	1.273344e-09
2.48457584e-06	1.020887e-09
2.48705678e-06	8.168467e-10
2.48954020e-06	7.678489e-10
2.49202610e-06	1.148264e-09
2.49451448e-06	1.273507e-09
2.49700534e-06	9.717876e-10
2.49949870e-06	1.212556e-09
2.50199454e-06	1.619709e-09
2.50449287e-06	1.030577e-09
2.50699370e-06	1.294524e-09
2.50949703e-06	1.382448e-09
2.51200285e-06	7.791238e-10
2.51451118e-06	1.146092e-09
2.51702201e-06	1.455268e-09
2.51953535e-06	8.773535e-10
2.52205120e-06	1.187701e-09
2.52456956e-06	9.820853e-10
2.52709044e-06	1.240843e-09
2.52961383e-06	1.175975e-09
2.53213975e-06	1.438877e-09
2.53466818e-06	8.212933e-10
2.53719914e-06	1.324648e-09
2.53973263e-06	8.416691e-10
2.54226865e-06	1.297799e-09
2.54480720e-06	1.447567e-09
2.54734828e-06	1.370155e-09
2.54989190e-06	1.219205e-09
2.55243806e-06	1.173361e-09
2.55498677e-06	1.187608e-09
2.55753802e-06	1.337654e-09
2.56009181e-06	8.008892e-10
2.56264816e-06	8.685196e-10
2.56520706e-06	1.213589e-09
2.56776851e-06	8.175332e-10
2.57033253e-06	1.632860e-09
2.57289910e-06	1.389783e-09
2.57546823e-06	1.200996e-09
2.57803993e-06	8.577906e-10
2.58061420e-06	1.412232e-09
2.58319104e-06	1.003664e-09
2.58577045e-06	1.269324e-09
2.58835244e-06	1.046148e-09
2.59093701e-06	1.501749e-09
2.59352415e-06	1.185919e-09
2.59611388e-06	9.169768e-10
2.59870620e-06	1.487311e-09
2.60130110e-06	9.954376e-10
2.60389860e-06	1.221726e-09
2.60649869e-06	9.009937e-10
2.60910137e-06	9.441833e-10
2.61170666e-06	1.504447e-09
2.61431454e-06	1.557905e-09
2.61692503e-06	1.092340e-09
2.61953813e-06	1.546149e-09
2.62215384e-06	1.243415e-09
2.62477215e-06	1.454909e-09
2.62739309e-06	1.065719e-09
2.63001663e-06	1.577760e-09
2.63264280e-06	9.486990e-10
2.63527160e-06	1.543660e-09
2.63790301e-06	1.595857e-09
2.64053706e-06	8.485968e-10
2.64317373e-06	8.646678e-10
2.64581304e-06	8.797869e-10
2.64845498e-06	9.870433e-10
2.65109956e-06	1.007136e-09
2.65374678e-06	1.594191e-09
2.65639665e-06	1.296226e-09
2.65904916e-06	1.461924e-09
2.66170431e-06	1.514226e-09
2.66436213e-06	1.423765e-09
2.66702259e-06	1.050073e-09
2.66968571e-06	9.217740e-10
2.67235149e-06	1.533283e-09
2.67501993e-06	1.312683e-09
2.67769104e-06	1.052318e-09
2.68036481e-06	1.164791e-09
2.68304126e-06	9.199067e-10
2.68572037e-06	8.575718e-10
2.68840216e-06	1.333270e-09
2.69108663e-06	8.614381e-10
2.69377378e-06	8.698562e-10
2.69646362e-06	9.921537e-10
2.69915613e-06	1.586255e-09
2.70185134e-06	9.403277e-10
2.70454924e-06	9.003805e-10
2.70724983e-06	1.028796e-09
2.70995312e-06	1.033392e-09
2.71265911e-06	1.448068e-09
2.71536780e-06	9.010493e-10
2.71807920e-06	1.282557e-09
2.72079330e-06	1.104432e-09
2.72351011e-06	1.201231e-09
2.72622964e-06	1.079248e-09
2.72895188e-06	8.819574e-10
2.73167684e-06	9.238454e-10
2.73440452e-06	1.262557e-09
2.73713492e-06	1.410675e-09
2.73986805e-06	1.086307e-09
2.74260391e-06	1.594002e-09
2.74534251e-06	1.039311e-09
2.74808383e-06	9.350578e-10
2.75082790e-06	1.283814e-09
2.75357470e-06	1.605218e-09
2.75632425e-06	1.539374e-09
2.75907654e-06	1.771568e-09
2.76183158e-06	1.605666e-09
2.76458937e-06	1.047656e-09
2.76734991e-06	1.216797e-09
2.77011322e-06	9.246116e-10
2.77287928e-06	1.149184e-09
2.77564810e-06	1.488519e-09
2.77841969e-06	1.047629e-09
2.78119404e-06	9.915893e-10
2.78397117e-06	1.344132e-09
2.78675106e-06	1.080182e-09
2.78953374e-06	9.121138e-10
2.79231919e-06	9.547213e-10
2.79510743e-06	1.173916e-09
2.79789844e-06	9.557861e-10
2.80069225e-06	9.047741e-10
2.80348884e-06	9.863358e-10
2.80628823e-06	1.432136e-09
2.80909041e-06	9.737929e-10
2.81189540e-06	1.427782e-09
2.81470318e-06	9.045280e-10
2.81751376e-06	9.639734e-10
2.82032715e-06	1.116149e-09
2.82314336e-06	9.227425e-10
2.82596237e-06	1.019247e-09
2.82878420e-06	1.091244e-09
2.83160884e-06	1.125339e-09
2.83443631e-06	1.182068e-09
2.83726660e-06	9.145141e-10
2.84009972e-06	1.070865e-09
2.84293566e-06	1.062060e-09
2.84577444e-06	1.245015e-09
2.84861605e-06	9.329042e-10
2.85146050e-06	9.763179e-10
2.85430779e-06	1.303159e-09
2.85715792e-06	1.117241e-09
2.86001090e-06	1.399537e-09
2.86286672e-06	1.544666e-09
2.86572540e-06	9.225761e-10
2.86858693e-06	1.001021e-09
2.87145132e-06	1.014858e-09
2.87431857e-06	1.681729e-09
2.87718869e-06	9.985206e-10
2.88006167e-06	1.508546e-09
2.88293752e-06	1.008363e-09
2.88581624e-06	1.210820e-09
2.88869783e-06	9.973357e-10
2.89158230e-06	1.131206e-09
2.89446965e-06	1.212772e-09
2.89735989e-06	1.386978e-09
2.90025301e-06	1.077964e-09
2.90314902e-06	1.743564e-09
2.90604792e-06	1.350583e-09
2.90894972e-06	9.685220e-10
2.91185441e-06	1.040297e-09
2.91476201e-06	1.212929e-09
2.91767251e-06	1.358073e-09
2.92058591e-06	9.550963e-10
2.92350222e-06	1.162276e-09
2.92642145e-06	1.045779e-09
2.92934359e-06	1.381712e-09
2.93226865e-06	1.346493e-09
2.93519663e-06	1.362836e-09
2.93812753e-06	1.036230e-09
2.94106136e-06	1.526707e-09
2.94399812e-06	1.381656e-09
2.94693781e-06	1.259522e-09
2.94988043e-06	1.648242e-09
2.95282600e-06	1.834595e-09
2.95577451e-06	1.171653e-09
2.95872596e-06	1.323795e-09
2.96168035e-06	1.459301e-09
2.96463770e-06	1.542015e-09
2.96759800e-06	1.514509e-09
2.97056126e-06	1.070076e-09
2.97352747e-06	1.185070e-09
2.97649665e-06	1.444783e-09
2.97946879e-06	1.139111e-09
2.98244390e-06	1.014537e-09
2.98542198e-06	1.173969e-09
2.98840304e-06	1.481014e-09
2.99138707e-06	1.077195e-09
2.99437408e-06	1.212718e-09
2.99736407e-06	1.704292e-09
3.00035705e-06	1.390490e-09
3.00335302e-06	1.061642e-09
3.00635198e-06	1.354422e-09
3.00935393e-06	1.481943e-09
3.01235888e-06	1.482773e-09
3.01536684e-06	1.679722e-09
3.01837779e-06	1.211004e-09
3.02139175e-06	1.433264e-09
3.02440873e-06	1.243759e-09
3.02742871e-06	1.597812e-09
3.03045171e-06	1.303167e-09
3.03347773e-06	1.141958e-09
3.03650677e-06	1.403086e-09
3.03953883e-06	1.334696e-09
3.04257392e-06	1.101667e-09
3.04561205e-06	1.725567e-09
3.04865320e-06	1.369363e-09
3.05169740e-06	1.414197e-09
3.05474463e-06	1.419921e-09
3.05779491e-06	1.569187e-09
3.06084823e-06	1.314028e-09
3.06390460e-06	1.038963e-09
3.06696402e-06	1.316038e-09
3.07002650e-06	1.374747e-09
3.07309203e-06	1.068364e-09
3.07616063e-06	1.646828e-09
3.07923229e-06	1.456197e-09
3.08230702e-06	1.431426e-09
3.08538481e-06	1.259103e-09
3.08846569e-06	1.341840e-09
3.09154963e-06	1.221264e-09
3.09463666e-06	1.191785e-09
3.09772677e-06	1.249186e-09
3.10081996e-06	1.244526e-09
3.10391625e-06	1.540824e-09
3.10701562e-06	1.074157e-09
3.11011809e-06	1.165249e-09
3.11322366e-06	1.443790e-09
3.11633233e-06	1.282864e-09
3.11944410e-06	1.512942e-09
3.12255898e-06	1.138792e-09
3.12567698e-06	1.458005e-09
3.12879808e-06	1.389050e-09
3.13192230e-06	1.404680e-09
3.13504964e-06	1.234514e-09
3.13818010e-06	1.173435e-09
3.14131369e-06	1.209738e-09
3.14445041e-06	1.528192e-09
3.14759026e-06	1.423199e-09
3.15073325e-06	1.144828e-09
3.15387937e-06	1.369911e-09
3.15702864e-06	1.370622e-09
3.16018105e-06	1.237832e-09
3.16333660e-06	1.078282e-09
3.16649531e-06	1.456855e-09
3.16965718e-06	1.634619e-09
3.17282220e-06	1.355964e-09
3.17599038e-06	1.250739e-09
3.17916172e-06	1.205049e-09
3.18233623e-06	1.726451e-09
3.18551391e-06	1.366981e-09
3.18869477e-06	1.209140e-09
3.19187880e-06	1.504847e-09
3.19506601e-06	1.361950e-09
3.19825640e-06	1.355773e-09
3.20144997e-06	1.121726e-09
3.20464674e-06	1.130648e-09
3.20784670e-06	1.554199e-09
3.21104985e-06	1.218431e-09
3.21425621e-06	1.451628e-09
3.21746576e-06	1.428942e-09
3.22067852e-06	1.293975e-09
3.22389449e-06	1.088567e-09
3.22711366e-06	1.443870e-09
3.23033606e-06	1.633827e-09
3.23356167e-06	1.349079e-09
3.23679050e-06	1.272681e-09
3.24002255e-06	1.728740e-09
3.24325783e-06	1.113386e-09
3.24649635e-06	1.537170e-09
3.24973809e-06	1.567612e-09
3.25298308e-06	1.449444e-09
3.25623130e-06	1.696943e-09
3.25948277e-06	1.128302e-09
3.26273748e-06	1.747215e-09
3.26599545e-06	1.696460e-09
3.26925667e-06	1.272879e-09
3.27252114e-06	1.879924e-09
3.27578887e-06	1.279379e-09
3.27905987e-06	1.701706e-09
3.28233413e-06	1.347095e-09
3.28561167e-06	1.343654e-09
3.28889247e-06	1.810478e-09
3.29217655e-06	1.405452e-09
3.29546391e-06	1.686440e-09
3.29875455e-06	1.405395e-09
3.30204848e-06	1.864560e-09
3.30534570e-06	1.331138e-09
3.30864621e-06	1.343330e-09
3.31195002e-06	1.040173e-09
3.31525712e-06	1.466815e-09
3.31856753e-06	1.516484e-09
3.32188124e-06	1.379316e-09
3.32519826e-06	1.508616e-09
3.32851860e-06	1.274710e-09
3.33184225e-06	1.264512e-09
3.33516921e-06	1.632403e-09
3.33849950e-06	1.340660e-09
3.34183312e-06	1.322694e-09
3.34517006e-06	1.367486e-09
3.34851034e-06	1.436471e-09
3.35185395e-06	1.692455e-09
3.35520090e-06	1.542688e-09
3.35855119e-06	1.414181e-09
3.36190483e-06	1.461906e-09
3.36526182e-06	1.466992e-09
3.36862216e-06	1.543205e-09
3.37198585e-06	1.749423e-09
3.37535290e-06	1.862350e-09
3.37872332e-06	1.658499e-09
3.38209710e-06	1.613984e-09
3.38547425e-06	1.429750e-09
3.38885477e-06	1.771180e-09
3.39223867e-06	1.331696e-09
3.39562594e-06	1.611448e-09
3.39901660e-06	1.664901e-09
3.40241065e-06	1.697969e-09
3.40580808e-06	1.747807e-09
3.40920890e-06	1.363602e-09
3.41261313e-06	1.299656e-09
3.41602075e-06	1.590737e-09
3.41943177e-06	1.641377e-09
3.42284620e-06	1.651378e-09
3.42626404e-06	1.366825e-09
3.42968529e-06	1.369351e-09
3.43310996e-06	1.540974e-09
3.43653804e-06	1.187772e-09
3.43996956e-06	1.669221e-09
3.44340449e-06	1.632075e-09
3.44684286e-06	1.347000e-09
3.45028466e-06	1.763302e-09
3.45372990e-06	1.609149e-09
3.45717857e-06	1.545559e-09
3.46063070e-06	1.856735e-09
3.46408626e-06	1.605445e-09
3.46754528e-06	1.326616e-09
3.47100775e-06	1.126745e-09
3.47447368e-06	1.653934e-09
3.47794307e-06	1.292902e-09
3.48141593e-06	1.350778e-09
3.48489225e-06	1.219939e-09
3.48837205e-06	1.658121e-09
3.49185532e-06	1.592918e-09
3.49534206e-06	1.608480e-09
3.49883229e-06	1.769657e-09
3.50232600e-06	1.876088e-09
3.50582321e-06	1.849663e-09
3.50932390e-06	1.763327e-09
3.51282809e-06	1.777570e-09
3.51633578e-06	1.308420e-09
3.51984697e-06	1.732579e-09
3.52336167e-06	1.904108e-09
3.52687988e-06	1.120905e-09
3.53040160e-06	1.886474e-09
3.53392683e-06	1.769979e-09
3.53745559e-06	1.771839e-09
3.54098787e-06	1.597207e-09
3.54452368e-06	1.573722e-09
3.54806302e-06	1.969311e-09
3.55160589e-06	1.723401e-09
3.55515230e-06	1.674534e-09
3.55870225e-06	1.726129e-09
3.56225575e-06	1.827683e-09
3.56581279e-06	1.732842e-09
3.56937339e-06	1.710099e-09
3.57293754e-06	1.770235e-09
3.57650525e-06	1.747163e-09
3.58007652e-06	1.913621e-09
3.58365136e-06	1.894519e-09
3.58722977e-06	1.869284e-09
3.59081175e-06	1.898569e-09
3.59439731e-06	2.004273e-09
3.59798645e-06	1.259272e-09
3.60157917e-06	1.268980e-09
3.60517548e-06	1.835767e-09
3.60877538e-06	1.618929e-09
3.61237888e-06	1.456383e-09
3.61598597e-06	1.616033e-09
3.61959667e-06	1.939218e-09
3.62321097e-06	1.762529e-09
3.62682888e-06	1.535112e-09
3.63045040e-06	1.665004e-09
3.63407554e-06	1.610344e-09
3.63770430e-06	1.364837e-09
3.64133669e-06	2.008005e-09
3.64497270e-06	2.065378e-09
3.64861234e-06	1.734394e-09
3.65225561e-06	1.427833e-09
3.65590252e-06	2.154444e-09
3.65955308e-06	1.955581e-09
3.66320728e-06	1.855974e-09
3.66686512e-06	2.018744e-09
3.67052662e-06	2.001598e-09
3.67419178e-06	1.455160e-09
3.67786060e-06	1.853495e-09
3.68153308e-06	1.869362e-09
3.68520923e-06	2.232116e-09
3.68888904e-06	1.663547e-09
3.69257254e-06	2.074672e-09
3.69625971e-06	1.357750e-09
3.69995056e-06	1.709259e-09
3.70364510e-06	2.017731e-09
3.70734332e-06	1.725755e-09
3.71104524e-06	1.713686e-09
3.71475086e-06	2.009541e-09
3.71846018e-06	1.934654e-09
3.72217320e-06	1.784416e-09
3.72588992e-06	1.973194e-09
3.72961036e-06	2.068541e-09
3.73333452e-06	1.983914e-09
3.73706239e-06	1.958180e-09
3.74079399e-06	2.160708e-09
3.74452931e-06	1.964770e-09
3.74826836e-06	1.396662e-09
3.75201114e-06	2.080877e-09
3.75575766e-06	2.020769e-09
3.75950793e-06	2.149637e-09
3.76326194e-06	2.217353e-09
3.76701969e-06	2.179598e-09
3.77078120e-06	1.829589e-09
3.77454647e-06	1.876856e-09
3.77831549e-06	1.833900e-09
3.78208828e-06	1.718121e-09
3.78586483e-06	1.863507e-09
3.78964516e-06	2.310562e-09
3.79342926e-06	1.395587e-09
3.79721714e-06	2.336881e-09
3.80100880e-06	2.244247e-09
3.80480425e-06	2.158193e-09
3.80860349e-06	2.217861e-09
3.81240652e-06	2.308048e-09
3.81621335e-06	2.062942e-09
3.82002398e-06	2.327465e-09
3.82383842e-06	2.187601e-09
3.82765666e-06	2.258891e-09
3.83147872e-06	1.900207e-09
3.83530459e-06	2.316444e-09
3.83913428e-06	2.185935e-09
3.84296780e-06	2.306867e-09
3.84680515e-06	1.687484e-09
3.85064633e-06	2.009934e-09
3.85449134e-06	2.327969e-09
3.85834019e-06	2.198110e-09
3.86219289e-06	1.975351e-09
3.86604943e-06	1.827826e-09
3.86990982e-06	2.291852e-09
3.87377407e-06	2.098849e-09
3.87764218e-06	2.195059e-09
3.88151415e-06	2.330389e-09
3.88538998e-06	2.097781e-09
3.88926969e-06	2.172858e-09
3.89315327e-06	2.329633e-09
3.89704073e-06	1.936384e-09
3.90093207e-06	2.320380e-09
3.90482729e-06	2.319800e-09
3.90872641e-06	2.299867e-09
3.91262941e-06	2.239058e-09
3.91653632e-06	2.178481e-09
3.92044713e-06	1.878502e-09
3.92436184e-06	1.853175e-09
3.92828046e-06	2.323964e-09
3.93220299e-06	1.522671e-09
3.93612944e-06	2.151520e-09
3.94005981e-06	1.962059e-09
3.94399411e-06	2.325050e-09
3.94793233e-06	1.990976e-09
3.95187449e-06	1.930155e-09
3.95582058e-06	2.419592e-09
3.95977062e-06	2.180115e-09
3.96372460e-06	1.641324e-09
3.96768252e-06	2.099869e-09
3.97164440e-06	2.096101e-09
3.97561023e-06	1.728781e-09
3.97958003e-06	2.179361e-09
3.98355379e-06	2.112179e-09
3.98753151e-06	2.165392e-09
3.99151321e-06	1.706650e-09
3.99549888e-06	2.245259e-09
3.99948854e-06	1.477931e-09
4.00348217e-06	2.345462e-09
