2.99769222e-07	3.395875e-16
3.00068553e-07	4.087227e-16
3.00368182e-07	4.202113e-16
3.00668111e-07	4.320061e-16
3.00968339e-07	4.441150e-16
3.01268867e-07	4.565457e-16
3.01569695e-07	4.693063e-16
3.01870824e-07	4.824050e-16
3.02172253e-07	4.958503e-16
3.02473983e-07	5.096508e-16
3.02776015e-07	5.238154e-16
3.03078348e-07	5.383529e-16
3.03380983e-07	5.532728e-16
3.03683920e-07	5.685843e-16
3.03987160e-07	5.842973e-16
3.04290702e-07	6.004215e-16
3.04594547e-07	6.169671e-16
3.04898696e-07	6.339445e-16
3.05203149e-07	6.513642e-16
3.05507906e-07	6.692370e-16
3.05812967e-07	6.875741e-16
3.06118332e-07	7.063866e-16
3.06424003e-07	7.256862e-16
3.06729978e-07	7.454848e-16
3.07036260e-07	7.657944e-16
3.07342847e-07	7.866274e-16
3.07649740e-07	8.079965e-16
3.07956940e-07	8.299146e-16
3.08264446e-07	8.523948e-16
3.08572260e-07	8.754509e-16
3.08880380e-07	8.990964e-16
3.09188809e-07	9.233456e-16
3.09497545e-07	9.482130e-16
3.09806590e-07	9.737133e-16
3.10115944e-07	9.998616e-16
3.10425606e-07	1.026673e-15
3.10735577e-07	1.054164e-15
3.11045858e-07	1.082350e-15
3.11356449e-07	1.111248e-15
3.11667350e-07	1.140874e-15
3.11978561e-07	1.171246e-15
3.12290084e-07	1.202382e-15
3.12601917e-07	1.234298e-15
3.12914061e-07	1.267014e-15
3.13226518e-07	1.300549e-15
3.13539286e-07	1.334920e-15
3.13852367e-07	1.370149e-15
3.14165760e-07	1.406255e-15
3.14479466e-07	1.443258e-15
3.14793485e-07	1.481180e-15
3.15107818e-07	1.520040e-15
3.15422465e-07	1.559862e-15
3.15737426e-07	1.600668e-15
3.16052702e-07	1.642479e-15
3.16368292e-07	1.685320e-15
3.16684197e-07	1.729214e-15
3.17000418e-07	1.774184e-15
3.17316955e-07	1.820257e-15
3.17633808e-07	1.867456e-15
3.17950977e-07	1.915808e-15
3.18268463e-07	1.965339e-15
3.18586266e-07	2.016075e-15
3.18904386e-07	2.068044e-15
3.19222824e-07	2.121274e-15
3.19541579e-07	2.175794e-15
3.19860654e-07	2.231632e-15
3.20180046e-07	2.288818e-15
3.20499758e-07	2.347383e-15
3.20819789e-07	2.407358e-15
3.21140139e-07	2.468773e-15
3.21460810e-07	2.531662e-15
3.21781800e-07	2.596056e-15
3.22103111e-07	2.661991e-15
3.22424743e-07	2.729500e-15
3.22746696e-07	2.798617e-15
3.23068971e-07	2.869380e-15
3.23391567e-07	2.941823e-15
3.23714485e-07	3.015984e-15
3.24037726e-07	3.091901e-15
3.24361290e-07	3.169613e-15
3.24685177e-07	3.249160e-15
3.25009387e-07	3.330580e-15
3.25333921e-07	3.413916e-15
3.25658779e-07	3.499209e-15
3.25983961e-07	3.586501e-15
3.26309468e-07	3.675837e-15
3.26635300e-07	3.767261e-15
3.26961458e-07	3.860818e-15
3.27287941e-07	3.956554e-15
3.27614750e-07	4.054516e-15
3.27941886e-07	4.154753e-15
3.28269348e-07	4.257313e-15
3.28597137e-07	4.362246e-15
3.28925253e-07	4.469604e-15
3.29253697e-07	4.579437e-15
3.29582469e-07	4.691799e-15
3.29911570e-07	4.806745e-15
3.30240998e-07	4.924327e-15
3.30570756e-07	5.044604e-15
3.30900844e-07	5.167633e-15
3.31231260e-07	5.293470e-15
3.31562007e-07	5.422176e-15
3.31893084e-07	5.553812e-15
3.32224491e-07	5.688438e-15
3.32556230e-07	5.826118e-15
3.32888300e-07	5.966916e-15
3.33220701e-07	6.110897e-15
3.33553434e-07	6.258128e-15
3.33886500e-07	6.408676e-15
3.34219898e-07	6.562611e-15
3.34553629e-07	6.720003e-15
3.34887693e-07	6.880924e-15
3.35222091e-07	7.045446e-15
3.35556822e-07	7.213644e-15
3.35891888e-07	7.385595e-15
3.36227289e-07	7.561376e-15
3.36563024e-07	7.741063e-15
3.36899095e-07	7.924740e-15
3.37235501e-07	8.112486e-15
3.37572243e-07	8.304385e-15
3.37909321e-07	8.500522e-15
3.38246736e-07	8.700984e-15
3.38584488e-07	8.905857e-15
3.38922578e-07	9.115233e-15
3.39261004e-07	9.329200e-15
3.39599769e-07	9.547853e-15
3.39938872e-07	9.771286e-15
3.40278313e-07	9.999595e-15
3.40618094e-07	1.023288e-14
3.40958214e-07	1.047124e-14
3.41298673e-07	1.071477e-14
3.41639473e-07	1.096358e-14
3.41980612e-07	1.121778e-14
3.42322093e-07	1.147747e-14
3.42663914e-07	1.174276e-14
3.43006076e-07	1.201376e-14
3.43348581e-07	1.229059e-14
3.43691427e-07	1.257335e-14
3.44034616e-07	1.286217e-14
3.44378147e-07	1.315717e-14
3.44722021e-07	1.345847e-14
3.45066239e-07	1.376619e-14
3.45410800e-07	1.408045e-14
3.45755706e-07	1.440140e-14
3.46100956e-07	1.472914e-14
3.46446550e-07	1.506382e-14
3.46792490e-07	1.540558e-14
3.47138775e-07	1.575454e-14
3.47485406e-07	1.611085e-14
3.47832383e-07	1.647466e-14
3.48179707e-07	1.684610e-14
3.48527377e-07	1.722532e-14
3.48875395e-07	1.761247e-14
3.49223760e-07	1.800771e-14
3.49572472e-07	1.841118e-14
3.49921534e-07	1.882305e-14
3.50270943e-07	1.924348e-14
3.50620702e-07	1.967262e-14
3.50970809e-07	2.011065e-14
3.51321267e-07	2.055773e-14
3.51672074e-07	2.101403e-14
3.52023232e-07	2.147973e-14
3.52374740e-07	2.195500e-14
3.52726599e-07	2.244003e-14
3.53078810e-07	2.293500e-14
3.53431372e-07	2.344009e-14
3.53784286e-07	2.395549e-14
3.54137553e-07	2.448140e-14
3.54491173e-07	2.501801e-14
3.54845145e-07	2.556553e-14
3.55199471e-07	2.612413e-14
3.55554151e-07	2.669401e-14
3.55909185e-07	2.727543e-14
3.56264573e-07	2.786867e-14
3.56620317e-07	2.847378e-14
3.56976415e-07	2.909106e-14
3.57332870e-07	2.972073e-14
3.57689680e-07	3.036300e-14
3.58046846e-07	3.101814e-14
3.58404369e-07	3.168635e-14
3.58762249e-07	3.236787e-14
3.59120487e-07	3.306295e-14
3.59479082e-07	3.377184e-14
3.59838035e-07	3.449477e-14
3.60197347e-07	3.523197e-14
3.60557017e-07	3.598334e-14
3.60917046e-07	3.675040e-14
3.61277436e-07	3.753227e-14
3.61638184e-07	3.832939e-14
3.61999294e-07	3.914214e-14
3.62360763e-07	3.997067e-14
3.62722594e-07	4.081565e-14
3.63084786e-07	4.167709e-14
3.63447339e-07	4.255519e-14
3.63810255e-07	4.345049e-14
3.64173533e-07	4.436307e-14
3.64537174e-07	4.529344e-14
3.64901178e-07	4.624176e-14
3.65265545e-07	4.720840e-14
3.65630276e-07	4.819367e-14
3.65995372e-07	4.919794e-14
3.66360832e-07	5.022150e-14
3.66726656e-07	5.126469e-14
3.67092847e-07	5.232780e-14
3.67459402e-07	5.341134e-14
3.67826324e-07	5.451530e-14
3.68193613e-07	5.564063e-14
3.68561267e-07	5.678726e-14
3.68929290e-07	5.795566e-14
3.69297679e-07	5.914592e-14
3.69666437e-07	6.035917e-14
3.70035562e-07	6.159485e-14
3.70405056e-07	6.285439e-14
3.70774920e-07	6.413718e-14
3.71145152e-07	6.544408e-14
3.71515754e-07	6.677564e-14
3.71886726e-07	6.813178e-14
3.72258069e-07	6.951383e-14
3.72629783e-07	7.092192e-14
3.73001867e-07	7.235555e-14
3.73374323e-07	7.381618e-14
3.73747152e-07	7.530380e-14
3.74120352e-07	7.681869e-14
3.74493925e-07	7.836170e-14
3.74867871e-07	7.993312e-14
3.75242191e-07	8.153454e-14
3.75616884e-07	8.316363e-14
3.75991951e-07	8.482464e-14
3.76367393e-07	8.651510e-14
3.76743210e-07	8.823560e-14
3.77119402e-07	8.998569e-14
3.77495970e-07	9.177388e-14
3.77872913e-07	9.359163e-14
3.78250233e-07	9.544148e-14
3.78627930e-07	9.732569e-14
3.79006004e-07	9.924386e-14
3.79384456e-07	1.011964e-13
3.79763285e-07	1.031833e-13
3.80142493e-07	1.052084e-13
3.80522079e-07	1.072677e-13
3.80902045e-07	1.093650e-13
3.81282390e-07	1.115002e-13
3.81663114e-07	1.136702e-13
3.82044219e-07	1.158812e-13
3.82425704e-07	1.181361e-13
3.82807570e-07	1.204273e-13
3.83189818e-07	1.227600e-13
3.83572447e-07	1.251310e-13
3.83955458e-07	1.275487e-13
3.84338852e-07	1.300052e-13
3.84722629e-07	1.325054e-13
3.85106789e-07	1.350537e-13
3.85491332e-07	1.376444e-13
3.85876259e-07	1.402803e-13
3.86261571e-07	1.429625e-13
3.86647268e-07	1.456894e-13
3.87033349e-07	1.484677e-13
3.87419816e-07	1.512923e-13
3.87806669e-07	1.541650e-13
3.88193909e-07	1.570909e-13
3.88581535e-07	1.600604e-13
3.88969548e-07	1.630892e-13
3.89357948e-07	1.661696e-13
3.89746737e-07	1.692971e-13
3.90135913e-07	1.724866e-13
3.90525478e-07	1.757232e-13
3.90915433e-07	1.790171e-13
3.91305776e-07	1.823704e-13
3.91696509e-07	1.857846e-13
3.92087633e-07	1.892508e-13
3.92479147e-07	1.927773e-13
3.92871052e-07	1.963630e-13
3.93263348e-07	2.000121e-13
3.93656036e-07	2.037215e-13
3.94049116e-07	2.074909e-13
3.94442589e-07	2.113210e-13
3.94836455e-07	2.152306e-13
3.95230713e-07	2.191810e-13
3.95625366e-07	2.232144e-13
3.96020412e-07	2.273175e-13
3.96415854e-07	2.315032e-13
3.96811689e-07	2.357391e-13
3.97207921e-07	2.400503e-13
3.97604547e-07	2.444318e-13
3.98001570e-07	2.488847e-13
3.98398990e-07	2.534027e-13
3.98796806e-07	2.580179e-13
3.99195019e-07	2.626842e-13
3.99593630e-07	2.674605e-13
3.99992639e-07	2.722882e-13
4.00392047e-07	2.772018e-13
4.00791853e-07	2.822075e-13
4.01192059e-07	2.872828e-13
4.01592664e-07	2.924488e-13
4.01993669e-07	2.976917e-13
4.02395074e-07	3.030163e-13
4.02796881e-07	3.084412e-13
4.03199088e-07	3.139495e-13
4.03601698e-07	3.195334e-13
4.04004709e-07	3.252314e-13
4.04408123e-07	3.310063e-13
4.04811939e-07	3.368576e-13
4.05216159e-07	3.428408e-13
4.05620782e-07	3.489135e-13
4.06025810e-07	3.550672e-13
4.06431241e-07	3.612862e-13
4.06837078e-07	3.676776e-13
4.07243320e-07	3.741297e-13
4.07649967e-07	3.807174e-13
4.08057021e-07	3.873828e-13
4.08464481e-07	3.941613e-13
4.08872348e-07	4.010212e-13
4.09280622e-07	4.080355e-13
4.09689304e-07	4.151316e-13
4.10098394e-07	4.223431e-13
4.10507892e-07	4.296003e-13
4.10917800e-07	4.371100e-13
4.11328116e-07	4.441294e-13
4.11738843e-07	4.523247e-13
4.12149979e-07	4.599455e-13
4.12561526e-07	4.680242e-13
4.12973484e-07	4.761042e-13
4.13385854e-07	4.842881e-13
4.13798635e-07	4.925666e-13
4.14211828e-07	5.009527e-13
4.14625434e-07	5.094528e-13
4.15039453e-07	5.182341e-13
4.15453885e-07	5.270276e-13
4.15868731e-07	5.359732e-13
4.16283991e-07	5.451412e-13
4.16699666e-07	5.543451e-13
4.17115756e-07	5.637459e-13
4.17532262e-07	5.732278e-13
4.17949183e-07	5.829185e-13
4.18366521e-07	5.927304e-13
4.18784276e-07	6.026057e-13
4.19202447e-07	6.127808e-13
4.19621036e-07	6.228792e-13
4.20040044e-07	6.335174e-13
4.20459469e-07	6.440871e-13
4.20879314e-07	6.547280e-13
4.21299577e-07	6.657486e-13
4.21720260e-07	6.764075e-13
4.22141364e-07	6.877460e-13
4.22562887e-07	6.994026e-13
4.22984832e-07	7.102824e-13
4.23407198e-07	7.225669e-13
4.23829986e-07	7.343967e-13
4.24253196e-07	7.466172e-13
4.24676828e-07	7.590867e-13
4.25100884e-07	7.715197e-13
4.25525363e-07	7.840877e-13
4.25950266e-07	7.970515e-13
4.26375593e-07	8.100407e-13
4.26801345e-07	8.233501e-13
4.27227522e-07	8.366123e-13
4.27654124e-07	8.503261e-13
4.28081153e-07	8.640875e-13
4.28508608e-07	8.781788e-13
4.28936489e-07	8.921427e-13
4.29364798e-07	9.064187e-13
4.29793535e-07	9.214595e-13
4.30222700e-07	9.363309e-13
4.30652293e-07	9.513205e-13
4.31082315e-07	9.666030e-13
4.31512767e-07	9.822796e-13
4.31943648e-07	9.979783e-13
4.32374960e-07	1.013941e-12
4.32806703e-07	1.030032e-12
4.33238876e-07	1.046208e-12
4.33671481e-07	1.063132e-12
4.34104518e-07	1.080090e-12
4.34537988e-07	1.096985e-12
4.34971890e-07	1.114446e-12
4.35406226e-07	1.132231e-12
4.35840995e-07	1.149709e-12
4.36276198e-07	1.168182e-12
4.36711836e-07	1.186281e-12
4.37147909e-07	1.205089e-12
4.37584417e-07	1.224382e-12
4.38021362e-07	1.243531e-12
4.38458742e-07	1.262813e-12
4.38896560e-07	1.282739e-12
4.39334814e-07	1.302358e-12
4.39773506e-07	1.322775e-12
4.40212636e-07	1.343698e-12
4.40652205e-07	1.364590e-12
4.41092212e-07	1.385583e-12
4.41532659e-07	1.406986e-12
4.41973546e-07	1.428627e-12
4.42414873e-07	1.450835e-12
4.42856641e-07	1.472525e-12
4.43298849e-07	1.494929e-12
4.43741500e-07	1.518784e-12
4.44184592e-07	1.542034e-12
4.44628127e-07	1.565785e-12
4.45072105e-07	1.589708e-12
4.45516526e-07	1.613828e-12
4.45961390e-07	1.627373e-12
4.46406699e-07	1.663630e-12
4.46852453e-07	1.688964e-12
4.47298652e-07	1.714386e-12
4.47745296e-07	1.740811e-12
4.48192386e-07	1.767147e-12
4.48639923e-07	1.790710e-12
4.49087906e-07	1.820402e-12
4.49536337e-07	1.848570e-12
4.49985216e-07	1.876157e-12
4.50434543e-07	1.904327e-12
4.50884319e-07	1.932645e-12
4.51334543e-07	1.961654e-12
4.51785218e-07	1.990759e-12
4.52236342e-07	2.020162e-12
4.52687917e-07	2.050921e-12
4.53139942e-07	2.081347e-12
4.53592419e-07	2.112555e-12
4.54045348e-07	2.143594e-12
4.54498729e-07	2.173069e-12
4.54952563e-07	2.208138e-12
4.55406850e-07	2.240946e-12
4.55861591e-07	2.273648e-12
4.56316785e-07	2.307584e-12
4.56772435e-07	2.341871e-12
4.57228539e-07	2.375942e-12
4.57685098e-07	2.410520e-12
4.58142114e-07	2.445700e-12
4.58599586e-07	2.481523e-12
4.59057514e-07	2.517256e-12
4.59515900e-07	2.554975e-12
4.59974744e-07	2.592231e-12
4.60434046e-07	2.629284e-12
4.60893806e-07	2.667098e-12
4.61354026e-07	2.707072e-12
4.61814705e-07	2.746143e-12
4.62275844e-07	2.785758e-12
4.62737444e-07	2.825553e-12
4.63199504e-07	2.866701e-12
4.63662026e-07	2.907800e-12
4.64125010e-07	2.949192e-12
4.64588456e-07	2.990485e-12
4.65052364e-07	3.033491e-12
4.65516737e-07	3.075368e-12
4.65981572e-07	3.122675e-12
4.66446872e-07	3.165437e-12
4.66912637e-07	3.207723e-12
4.67378866e-07	3.257203e-12
4.67845561e-07	3.300611e-12
4.68312722e-07	3.350859e-12
4.68780350e-07	3.389082e-12
4.69248445e-07	3.446380e-12
4.69717007e-07	3.491714e-12
4.70186036e-07	3.544810e-12
4.70655535e-07	3.592450e-12
4.71125502e-07	3.630915e-12
4.71595938e-07	3.696001e-12
4.72066844e-07	3.747861e-12
4.72538220e-07	3.799380e-12
4.73010067e-07	3.852987e-12
4.73482385e-07	3.907360e-12
4.73955175e-07	3.952778e-12
4.74428437e-07	4.016099e-12
4.74902171e-07	4.069114e-12
4.75376378e-07	4.124385e-12
4.75851059e-07	4.179990e-12
4.76326214e-07	4.243769e-12
4.76801844e-07	4.304919e-12
4.77277948e-07	4.358154e-12
4.77754528e-07	4.415631e-12
4.78231583e-07	4.481125e-12
4.78709115e-07	4.544401e-12
4.79187124e-07	4.605777e-12
4.79665610e-07	4.666792e-12
4.80144574e-07	4.716837e-12
4.80624016e-07	4.798393e-12
4.81103937e-07	4.859852e-12
4.81584337e-07	4.928156e-12
4.82065217e-07	4.992373e-12
4.82546577e-07	5.068208e-12
4.83028417e-07	5.125538e-12
4.83510739e-07	5.164853e-12
4.83993543e-07	5.255999e-12
4.84476828e-07	5.320081e-12
4.84960596e-07	5.405346e-12
4.85444847e-07	5.480316e-12
4.85929582e-07	5.563455e-12
4.86414801e-07	5.634530e-12
4.86900504e-07	5.711081e-12
4.87386692e-07	5.786019e-12
4.87873366e-07	5.812484e-12
4.88360525e-07	5.946569e-12
4.88848171e-07	6.020062e-12
4.89336304e-07	6.096964e-12
4.89824925e-07	6.118994e-12
4.90314033e-07	6.265847e-12
4.90803630e-07	6.339855e-12
4.91293716e-07	6.434796e-12
4.91784291e-07	6.521349e-12
4.92275355e-07	6.605041e-12
4.92766911e-07	6.687034e-12
4.93258957e-07	6.787943e-12
4.93751494e-07	6.874139e-12
4.94244523e-07	6.942614e-12
4.94738045e-07	7.048624e-12
4.95232059e-07	7.142791e-12
4.95726566e-07	7.239560e-12
4.96221568e-07	7.329251e-12
4.96717063e-07	7.422009e-12
4.97213054e-07	7.509410e-12
4.97709539e-07	7.613487e-12
4.98206521e-07	7.722347e-12
4.98703999e-07	7.816505e-12
4.99201973e-07	7.910220e-12
4.99700445e-07	8.017177e-12
5.00199414e-07	8.134602e-12
5.00698882e-07	8.246613e-12
5.01198848e-07	8.336812e-12
5.01699314e-07	8.445356e-12
5.02200279e-07	8.544713e-12
5.02701745e-07	8.674352e-12
5.03203711e-07	8.759265e-12
5.03706178e-07	8.881208e-12
5.04209148e-07	9.013886e-12
5.04712619e-07	9.112246e-12
5.05216594e-07	9.242311e-12
5.05721071e-07	9.336751e-12
5.06226052e-07	9.480263e-12
5.06731538e-07	9.570245e-12
5.07237528e-07	9.702611e-12
5.07744023e-07	9.843676e-12
5.08251025e-07	9.942633e-12
5.08758532e-07	1.005124e-11
5.09266546e-07	1.021944e-11
5.09775068e-07	1.035121e-11
5.10284097e-07	1.046228e-11
5.10793635e-07	1.048880e-11
5.11303681e-07	1.071107e-11
5.11814237e-07	1.083756e-11
5.12325302e-07	1.088075e-11
5.12836878e-07	1.110073e-11
5.13348965e-07	1.122151e-11
5.13861563e-07	1.140234e-11
5.14374672e-07	1.150854e-11
5.14888295e-07	1.172439e-11
5.15402430e-07	1.186080e-11
5.15917078e-07	1.201171e-11
5.16432240e-07	1.214205e-11
5.16947917e-07	1.228469e-11
5.17464109e-07	1.244123e-11
5.17980816e-07	1.260134e-11
5.18498039e-07	1.278649e-11
5.19015778e-07	1.293000e-11
5.19534035e-07	1.311111e-11
5.20052809e-07	1.327118e-11
5.20572101e-07	1.340026e-11
5.21091911e-07	1.358656e-11
5.21612241e-07	1.374507e-11
5.22133090e-07	1.394566e-11
5.22654459e-07	1.408973e-11
5.23176349e-07	1.425177e-11
5.23698760e-07	1.444391e-11
5.24221693e-07	1.450201e-11
5.24745148e-07	1.476686e-11
5.25269125e-07	1.497565e-11
5.25793626e-07	1.516755e-11
5.26318650e-07	1.535695e-11
5.26844199e-07	1.548363e-11
5.27370272e-07	1.570369e-11
5.27896871e-07	1.573614e-11
5.28423996e-07	1.611348e-11
5.28951647e-07	1.629189e-11
5.29479824e-07	1.645252e-11
5.30008530e-07	1.669865e-11
5.30537763e-07	1.689328e-11
5.31067524e-07	1.706503e-11
5.31597815e-07	1.729240e-11
5.32128635e-07	1.751034e-11
5.32659985e-07	1.766804e-11
5.33191866e-07	1.789065e-11
5.33724278e-07	1.812380e-11
5.34257221e-07	1.831674e-11
5.34790697e-07	1.854744e-11
5.35324705e-07	1.878506e-11
5.35859247e-07	1.897013e-11
5.36394322e-07	1.910093e-11
5.36929932e-07	1.946945e-11
5.37466076e-07	1.967684e-11
5.38002756e-07	1.994124e-11
5.38539972e-07	2.012941e-11
5.39077724e-07	2.025460e-11
5.39616013e-07	2.032939e-11
5.40154839e-07	2.069325e-11
5.40694204e-07	2.101391e-11
5.41234107e-07	2.132906e-11
5.41774550e-07	2.146553e-11
5.42315532e-07	2.156323e-11
5.42857054e-07	2.191606e-11
5.43399117e-07	2.193697e-11
5.43941721e-07	2.207840e-11
5.44484867e-07	2.281437e-11
5.45028555e-07	2.303409e-11
5.45572786e-07	2.338952e-11
5.46117561e-07	2.352078e-11
5.46662879e-07	2.362908e-11
5.47208743e-07	2.407835e-11
5.47755151e-07	2.442790e-11
5.48302105e-07	2.459490e-11
5.48849605e-07	2.501746e-11
5.49397651e-07	2.528540e-11
5.49946245e-07	2.565069e-11
5.50495387e-07	2.578046e-11
5.51045077e-07	2.624934e-11
5.51595316e-07	2.622068e-11
5.52146104e-07	2.686696e-11
5.52697443e-07	2.682378e-11
5.53249331e-07	2.738099e-11
5.53801771e-07	2.721547e-11
5.54354763e-07	2.791444e-11
5.54908307e-07	2.842110e-11
5.55462403e-07	2.861138e-11
5.56017053e-07	2.895131e-11
5.56572257e-07	2.894878e-11
5.57128015e-07	2.945537e-11
5.57684328e-07	2.973589e-11
5.58241196e-07	3.036206e-11
5.58798621e-07	3.074342e-11
5.59356602e-07	3.102509e-11
5.59915140e-07	3.137331e-11
5.60474236e-07	3.160196e-11
5.61033890e-07	3.203463e-11
5.61594104e-07	3.227031e-11
5.62154876e-07	3.286978e-11
5.62716209e-07	3.308776e-11
5.63278102e-07	3.353696e-11
5.63840556e-07	3.368828e-11
5.64403571e-07	3.422901e-11
5.64967149e-07	3.469416e-11
5.65531290e-07	3.492129e-11
5.66095994e-07	3.511806e-11
5.66661262e-07	3.574420e-11
5.67227094e-07	3.607374e-11
5.67793491e-07	3.619351e-11
5.68360454e-07	3.518488e-11
5.68927983e-07	3.695046e-11
5.69496079e-07	3.743285e-11
5.70064741e-07	3.782333e-11
5.70633972e-07	3.797273e-11
5.71203771e-07	3.826841e-11
5.71774140e-07	3.832755e-11
5.72345077e-07	3.908386e-11
5.72916585e-07	4.017019e-11
5.73488663e-07	4.069939e-11
5.74061313e-07	4.084614e-11
5.74634535e-07	4.108926e-11
5.75208328e-07	4.148337e-11
5.75782695e-07	4.226413e-11
5.76357636e-07	4.250893e-11
5.76933150e-07	4.323189e-11
5.77509239e-07	4.358662e-11
5.78085904e-07	4.318716e-11
5.78663144e-07	4.414269e-11
5.79240960e-07	4.406425e-11
5.79819354e-07	4.534736e-11
5.80398325e-07	4.497566e-11
5.80977874e-07	4.603596e-11
5.81558002e-07	4.537068e-11
5.82138709e-07	4.758094e-11
5.82719997e-07	4.759333e-11
5.83301864e-07	4.822244e-11
5.83884313e-07	4.755516e-11
5.84467343e-07	4.843028e-11
5.85050955e-07	4.925568e-11
5.85635150e-07	5.022363e-11
5.86219928e-07	4.967224e-11
5.86805291e-07	4.849061e-11
5.87391238e-07	5.146852e-11
5.87977770e-07	5.168196e-11
5.88564887e-07	5.214800e-11
5.89152591e-07	4.753614e-11
5.89740882e-07	5.197657e-11
5.90329760e-07	5.103460e-11
5.90919226e-07	5.409233e-11
5.91509281e-07	5.487106e-11
5.92099925e-07	5.290066e-11
5.92691158e-07	5.552222e-11
5.93282982e-07	5.575946e-11
5.93875397e-07	5.626718e-11
5.94468404e-07	5.680228e-11
5.95062003e-07	5.701327e-11
5.95656194e-07	5.885759e-11
5.96250979e-07	5.896568e-11
5.96846358e-07	5.625164e-11
5.97442331e-07	5.970199e-11
5.98038899e-07	5.987245e-11
5.98636063e-07	6.194967e-11
5.99233823e-07	6.090937e-11
5.99832181e-07	6.297140e-11
6.00431135e-07	5.695944e-11
6.01030688e-07	6.365012e-11
6.01630839e-07	6.369728e-11
6.02231590e-07	6.366958e-11
6.02832941e-07	6.614489e-11
6.03434892e-07	6.707064e-11
6.04037444e-07	6.550939e-11
6.04640598e-07	6.430029e-11
6.05244354e-07	6.750129e-11
6.05848713e-07	6.794090e-11
6.06453675e-07	6.872953e-11
6.07059241e-07	7.086487e-11
6.07665413e-07	7.133267e-11
6.08272189e-07	7.288220e-11
6.08879571e-07	7.421519e-11
6.09487560e-07	7.472332e-11
6.10096156e-07	7.567918e-11
6.10705360e-07	7.466296e-11
6.11315172e-07	7.724535e-11
6.11925592e-07	7.762224e-11
6.12536623e-07	7.716059e-11
6.13148263e-07	8.000962e-11
6.13760515e-07	7.965965e-11
6.14373377e-07	7.827677e-11
6.14986852e-07	8.155924e-11
6.15600939e-07	8.299890e-11
6.16215639e-07	8.263047e-11
6.16830953e-07	8.118717e-11
6.17446882e-07	8.491241e-11
6.18063426e-07	8.569109e-11
6.18680585e-07	8.741753e-11
6.19298360e-07	8.668384e-11
6.19916753e-07	8.672519e-11
6.20535763e-07	8.934014e-11
6.21155390e-07	8.840313e-11
6.21775637e-07	9.226854e-11
6.22396503e-07	9.188194e-11
6.23017989e-07	9.355410e-11
6.23640096e-07	9.205113e-11
6.24262823e-07	9.390200e-11
6.24886173e-07	9.512455e-11
6.25510145e-07	9.666490e-11
6.26134740e-07	9.425088e-11
6.26759959e-07	9.520217e-11
6.27385802e-07	9.731910e-11
6.28012270e-07	9.618606e-11
6.28639363e-07	9.773691e-11
6.29267083e-07	1.028005e-10
6.29895429e-07	1.017089e-10
6.30524403e-07	1.007566e-10
6.31154005e-07	1.018429e-10
6.31784236e-07	1.033286e-10
6.32415096e-07	1.016885e-10
6.33046586e-07	1.002814e-10
6.33678706e-07	1.088530e-10
6.34311458e-07	1.095166e-10
6.34944842e-07	1.091286e-10
6.35578858e-07	1.113670e-10
6.36213507e-07	1.131744e-10
6.36848789e-07	1.134896e-10
6.37484706e-07	1.104312e-10
6.38121259e-07	1.130249e-10
6.38758446e-07	1.129253e-10
6.39396270e-07	1.172163e-10
6.40034731e-07	1.179598e-10
6.40673830e-07	1.176701e-10
6.41313566e-07	1.180778e-10
6.41953941e-07	1.199500e-10
6.42594956e-07	1.221747e-10
6.43236611e-07	1.191316e-10
6.43878907e-07	1.206851e-10
6.44521844e-07	1.165572e-10
6.45165423e-07	1.239517e-10
6.45809644e-07	1.251935e-10
6.46454509e-07	1.243456e-10
6.47100018e-07	1.207302e-10
6.47746171e-07	1.211022e-10
6.48392970e-07	1.255335e-10
6.49040414e-07	1.323415e-10
6.49688505e-07	1.291173e-10
6.50337243e-07	1.342366e-10
6.50986629e-07	1.336046e-10
6.51636663e-07	1.243458e-10
6.52287347e-07	1.296900e-10
6.52938680e-07	1.292476e-10
6.53590663e-07	1.345408e-10
6.54243298e-07	1.358450e-10
6.54896584e-07	1.406786e-10
6.55550522e-07	1.392795e-10
6.56205114e-07	1.325624e-10
6.56860359e-07	1.366870e-10
6.57516258e-07	1.303370e-10
6.58172813e-07	1.430354e-10
6.58830023e-07	9.621730e-11
6.59487889e-07	1.311047e-10
6.60146412e-07	1.458114e-10
6.60805592e-07	1.534077e-10
6.61465431e-07	1.494463e-10
6.62125929e-07	1.537059e-10
6.62787086e-07	9.434987e-11
6.63448904e-07	1.272770e-10
6.64111382e-07	1.569005e-10
6.64774522e-07	1.435052e-10
6.65438324e-07	1.554478e-10
6.66102789e-07	1.586624e-10
6.66767917e-07	1.528226e-10
6.67433710e-07	1.509370e-10
6.68100167e-07	1.608618e-10
6.68767290e-07	1.641596e-10
6.69435079e-07	1.656717e-10
6.70103534e-07	1.688571e-10
6.70772657e-07	1.577011e-10
6.71442449e-07	1.729019e-10
6.72112909e-07	1.672296e-10
6.72784039e-07	1.761314e-10
6.73455838e-07	1.769103e-10
6.74128309e-07	1.617275e-10
6.74801451e-07	1.600610e-10
6.75475265e-07	1.739607e-10
6.76149752e-07	1.837415e-10
6.76824913e-07	1.653955e-10
6.77500748e-07	1.813260e-10
6.78177257e-07	1.843799e-10
6.78854443e-07	1.828385e-10
6.79532304e-07	1.818241e-10
6.80210842e-07	1.881247e-10
6.80890058e-07	1.897851e-10
6.81569952e-07	1.826974e-10
6.82250525e-07	1.866819e-10
6.82931777e-07	1.981129e-10
6.83613710e-07	1.957178e-10
6.84296323e-07	1.980409e-10
6.84979619e-07	2.024611e-10
6.85663596e-07	1.943448e-10
6.86348257e-07	2.037585e-10
6.87033601e-07	2.039531e-10
6.87719629e-07	1.433657e-10
6.88406343e-07	1.917733e-10
6.89093742e-07	2.035301e-10
6.89781828e-07	2.020568e-10
6.90470600e-07	1.996516e-10
6.91160061e-07	1.884011e-10
6.91850210e-07	1.853723e-10
6.92541048e-07	1.458919e-10
6.93232576e-07	1.851545e-10
6.93924794e-07	1.977106e-10
6.94617704e-07	1.922446e-10
6.95311305e-07	1.980253e-10
6.96005599e-07	2.024296e-10
6.96700587e-07	1.989988e-10
6.97396268e-07	2.021444e-10
6.98092644e-07	2.084700e-10
6.98789716e-07	2.156295e-10
6.99487483e-07	2.196786e-10
7.00185947e-07	2.022840e-10
7.00885109e-07	2.024682e-10
7.01584968e-07	2.214558e-10
7.02285527e-07	2.153309e-10
7.02986785e-07	2.012316e-10
7.03688744e-07	2.158601e-10
7.04391403e-07	2.120183e-10
7.05094764e-07	2.087260e-10
7.05798827e-07	2.359337e-10
7.06503593e-07	2.327195e-10
7.07209063e-07	1.959890e-10
7.07915238e-07	2.289683e-10
7.08622117e-07	2.240926e-10
7.09329703e-07	1.869768e-10
7.10037995e-07	2.258453e-10
7.10746994e-07	2.069365e-10
7.11456701e-07	2.350677e-10
7.12167117e-07	1.980880e-10
7.12878242e-07	2.231025e-10
7.13590078e-07	2.248181e-10
7.14302624e-07	2.021686e-10
7.15015881e-07	2.221776e-10
7.15729851e-07	1.987657e-10
7.16444534e-07	1.993081e-10
7.17159931e-07	2.175505e-10
7.17876041e-07	2.060017e-10
7.18592867e-07	2.097733e-10
7.19310409e-07	2.055053e-10
7.20028667e-07	2.111599e-10
7.20747642e-07	1.993176e-10
7.21467335e-07	1.713754e-10
7.22187747e-07	2.143448e-10
7.22908878e-07	2.161924e-10
7.23630730e-07	1.593955e-10
7.24353302e-07	1.920498e-10
7.25076595e-07	2.156444e-10
7.25800611e-07	2.017090e-10
7.26525350e-07	1.990356e-10
7.27250813e-07	2.183109e-10
7.27976999e-07	2.348837e-10
7.28703911e-07	2.198328e-10
7.29431549e-07	2.113679e-10
7.30159914e-07	1.965028e-10
7.30889005e-07	1.897092e-10
7.31618825e-07	2.397105e-10
7.32349374e-07	1.959440e-10
7.33080652e-07	2.303246e-10
7.33812660e-07	2.313449e-10
7.34545399e-07	2.394217e-10
7.35278870e-07	2.368678e-10
7.36013073e-07	2.300159e-10
7.36748009e-07	1.720425e-10
7.37483680e-07	2.359808e-10
7.38220084e-07	2.227821e-10
7.38957224e-07	2.455525e-10
7.39695101e-07	2.703580e-10
7.40433714e-07	2.232514e-10
7.41173064e-07	2.306840e-10
7.41913153e-07	1.780002e-10
7.42653981e-07	2.500299e-10
7.43395548e-07	2.634311e-10
7.44137856e-07	6.938105e-11
7.44880905e-07	2.574201e-10
7.45624697e-07	1.492238e-10
7.46369230e-07	2.386108e-10
7.47114508e-07	2.167019e-10
7.47860529e-07	2.712020e-10
7.48607296e-07	2.478260e-10
7.49354808e-07	2.765162e-10
7.50103066e-07	2.723150e-10
7.50852072e-07	2.168628e-10
7.51601826e-07	2.376785e-10
7.52352328e-07	2.535423e-10
7.53103580e-07	2.358501e-10
7.53855582e-07	2.600022e-10
7.54608334e-07	2.741720e-10
7.55361839e-07	2.766141e-10
7.56116095e-07	2.677861e-10
7.56871105e-07	2.568248e-10
7.57626869e-07	2.749355e-10
7.58383388e-07	2.851717e-10
7.59140662e-07	2.540299e-10
7.59898692e-07	2.795407e-10
7.60657479e-07	2.696654e-10
7.61417023e-07	3.009391e-10
7.62177326e-07	3.106334e-10
7.62938389e-07	3.204615e-10
7.63700211e-07	3.260445e-10
7.64462794e-07	3.205615e-10
7.65226138e-07	2.837991e-10
7.65990245e-07	3.213647e-10
7.66755115e-07	3.264099e-10
7.67520748e-07	3.075489e-10
7.68287146e-07	3.374867e-10
7.69054309e-07	3.195302e-10
7.69822238e-07	2.975293e-10
7.70590934e-07	2.860111e-10
7.71360398e-07	3.193012e-10
7.72130630e-07	2.987054e-10
7.72901631e-07	3.573343e-10
7.73673402e-07	3.296227e-10
7.74445944e-07	3.427455e-10
7.75219257e-07	3.461400e-10
7.75993342e-07	3.561318e-10
7.76768200e-07	3.496624e-10
7.77543832e-07	3.265355e-10
7.78320238e-07	3.547440e-10
7.79097420e-07	3.131605e-10
7.79875377e-07	3.605926e-10
7.80654112e-07	3.758291e-10
7.81433624e-07	3.665662e-10
7.82213914e-07	3.757196e-10
7.82994984e-07	3.814356e-10
7.83776833e-07	3.380860e-10
7.84559463e-07	3.569682e-10
7.85342875e-07	3.710217e-10
7.86127069e-07	3.819282e-10
7.86912046e-07	3.328024e-10
7.87697807e-07	3.868780e-10
7.88484352e-07	3.702679e-10
7.89271683e-07	3.698035e-10
7.90059800e-07	3.706869e-10
7.90848704e-07	3.990532e-10
7.91638396e-07	4.014530e-10
7.92428876e-07	4.072951e-10
7.93220146e-07	4.064760e-10
7.94012205e-07	4.071695e-10
7.94805056e-07	4.072390e-10
7.95598698e-07	4.150725e-10
7.96393133e-07	3.948272e-10
7.97188361e-07	4.341929e-10
7.97984383e-07	4.046753e-10
7.98781200e-07	4.173526e-10
7.99578813e-07	4.269393e-10
8.00377222e-07	4.019251e-10
8.01176428e-07	4.234728e-10
8.01976433e-07	4.284796e-10
8.02777236e-07	4.305535e-10
8.03578839e-07	3.536299e-10
8.04381242e-07	3.968619e-10
8.05184446e-07	4.249850e-10
8.05988453e-07	3.898361e-10
8.06793262e-07	2.874304e-10
8.07598875e-07	2.524993e-10
8.08405293e-07	3.808942e-10
8.09212515e-07	3.309023e-10
8.10020544e-07	3.481668e-10
8.10829379e-07	3.113041e-10
8.11639023e-07	3.081028e-10
8.12449474e-07	2.538459e-10
8.13260735e-07	2.700050e-10
8.14072806e-07	3.703811e-10
8.14885688e-07	2.332685e-10
8.15699382e-07	2.451516e-10
8.16513888e-07	3.917367e-10
8.17329207e-07	3.905251e-10
8.18145341e-07	3.989841e-10
8.18962289e-07	3.723790e-10
8.19780053e-07	3.563746e-10
8.20598634e-07	3.514564e-10
8.21418032e-07	4.062397e-10
8.22238248e-07	4.206405e-10
8.23059284e-07	4.452563e-11
8.23881139e-07	3.813442e-10
8.24703815e-07	3.113378e-10
8.25527312e-07	4.091673e-10
8.26351632e-07	3.652337e-10
8.27176774e-07	4.166324e-10
8.28002741e-07	4.812701e-10
8.28829533e-07	3.143736e-10
8.29657150e-07	2.693724e-10
8.30485593e-07	4.462876e-10
8.31314864e-07	3.771725e-10
8.32144962e-07	4.948602e-10
8.32975890e-07	4.841554e-10
8.33807647e-07	4.465241e-10
8.34640235e-07	2.848199e-10
8.35473654e-07	1.867455e-10
8.36307906e-07	3.631138e-10
8.37142990e-07	3.907141e-10
8.37978908e-07	4.260013e-10
8.38815661e-07	3.165524e-10
8.39653250e-07	4.431016e-10
8.40491675e-07	3.558297e-10
8.41330937e-07	3.891497e-10
8.42171037e-07	4.171368e-10
8.43011976e-07	4.048863e-10
8.43853755e-07	4.215334e-10
8.44696374e-07	4.800999e-10
8.45539834e-07	4.361209e-10
8.46384137e-07	2.307273e-10
8.47229283e-07	4.375787e-10
8.48075273e-07	4.291827e-10
8.48922108e-07	4.847538e-10
8.49769788e-07	4.814171e-10
8.50618314e-07	4.454014e-10
8.51467688e-07	4.671333e-10
8.52317910e-07	4.568438e-10
8.53168981e-07	4.984733e-10
8.54020902e-07	5.121713e-10
8.54873674e-07	4.433222e-10
8.55727297e-07	3.497131e-10
8.56581772e-07	3.964866e-10
8.57437101e-07	4.565056e-10
8.58293284e-07	4.545588e-10
8.59150321e-07	5.243821e-10
8.60008215e-07	4.249326e-10
8.60866965e-07	5.317675e-10
8.61726572e-07	5.203261e-10
8.62587038e-07	5.310869e-10
8.63448363e-07	5.258211e-10
8.64310548e-07	5.343178e-10
8.65173595e-07	5.328934e-10
8.66037502e-07	5.172063e-10
8.66902273e-07	5.912878e-10
8.67767907e-07	5.106692e-10
8.68634405e-07	6.289160e-10
8.69501769e-07	5.068560e-10
8.70369999e-07	5.171321e-10
8.71239096e-07	3.767350e-10
8.72109060e-07	6.104428e-10
8.72979893e-07	5.979905e-10
8.73851596e-07	6.412997e-10
8.74724169e-07	6.151024e-10
8.75597614e-07	5.562897e-10
8.76471930e-07	6.118454e-10
8.77347120e-07	6.786008e-10
8.78223184e-07	5.512711e-10
8.79100122e-07	6.516130e-10
8.79977936e-07	6.659688e-10
8.80856627e-07	6.036763e-10
8.81736195e-07	6.230458e-10
8.82616641e-07	6.581612e-10
8.83497966e-07	5.983488e-10
8.84380172e-07	6.313364e-10
8.85263258e-07	6.879652e-10
8.86147226e-07	6.097110e-10
8.87032077e-07	5.889898e-10
8.87917812e-07	6.563774e-10
8.88804430e-07	6.220427e-10
8.89691935e-07	6.471850e-10
8.90580325e-07	6.852575e-10
8.91469602e-07	5.168957e-10
8.92359768e-07	5.319068e-10
8.93250822e-07	5.458371e-10
8.94142766e-07	6.640238e-10
8.95035601e-07	5.868885e-10
8.95929327e-07	5.748445e-10
8.96823946e-07	5.321728e-10
8.97719458e-07	2.374207e-10
8.98615864e-07	6.332662e-10
8.99513165e-07	6.563047e-10
9.00411362e-07	6.887711e-10
9.01310456e-07	6.445982e-10
9.02210448e-07	6.556162e-10
9.03111339e-07	5.665642e-10
9.04013129e-07	5.546738e-10
9.04915820e-07	6.257552e-10
9.05819412e-07	5.723133e-10
9.06723906e-07	6.916800e-10
9.07629303e-07	5.335520e-10
9.08535605e-07	7.318986e-10
9.09442811e-07	5.303677e-10
9.10350924e-07	6.576454e-10
9.11259943e-07	7.292548e-10
9.12169869e-07	6.668978e-10
9.13080705e-07	3.586898e-10
9.13992450e-07	7.184399e-10
9.14905105e-07	7.391887e-10
9.15818672e-07	8.803824e-11
9.16733151e-07	4.439318e-10
9.17648543e-07	2.607793e-10
9.18564849e-07	6.201346e-10
9.19482070e-07	4.449979e-10
9.20400207e-07	4.601799e-10
9.21319260e-07	4.741047e-10
9.22239232e-07	4.701087e-10
9.23160122e-07	2.324826e-10
9.24081931e-07	3.302093e-10
9.25004661e-07	7.053362e-10
9.25928313e-07	7.917747e-11
9.26852887e-07	4.881369e-10
9.27778384e-07	2.667666e-10
9.28704805e-07	6.763110e-11
9.29632151e-07	2.576246e-10
9.30560423e-07	5.383288e-10
9.31489622e-07	5.873514e-10
9.32419749e-07	8.920792e-11
9.33350805e-07	1.089632e-10
9.34282790e-07	2.490717e-10
9.35215706e-07	3.862980e-10
9.36149554e-07	3.620924e-10
9.37084334e-07	5.183611e-10
9.38020047e-07	3.423294e-11
9.38956695e-07	1.373328e-10
9.39894278e-07	3.104993e-10
9.40832797e-07	5.725430e-10
9.41772253e-07	7.138135e-11
9.42712648e-07	2.264325e-10
9.43653981e-07	1.307296e-10
9.44596255e-07	1.660692e-10
9.45539469e-07	4.081375e-10
9.46483625e-07	4.721909e-10
9.47428724e-07	2.028194e-10
9.48374767e-07	3.301253e-10
9.49321755e-07	3.260894e-10
9.50269687e-07	3.381026e-10
9.51218567e-07	4.797723e-10
9.52168394e-07	2.940849e-10
9.53119169e-07	2.729012e-10
9.54070894e-07	5.732070e-10
9.55023569e-07	4.976643e-10
9.55977196e-07	2.439849e-10
9.56931774e-07	1.099260e-10
9.57887306e-07	4.907954e-10
9.58843792e-07	4.450016e-10
9.59801233e-07	2.531671e-10
9.60759630e-07	1.562134e-10
9.61718984e-07	3.929974e-10
9.62679296e-07	1.460573e-10
9.63640567e-07	1.087940e-10
9.64602798e-07	4.624682e-10
9.65565990e-07	3.328189e-10
9.66530143e-07	5.020031e-10
9.67495259e-07	3.692003e-10
9.68461339e-07	1.914482e-10
9.69428384e-07	2.324723e-10
9.70396394e-07	5.975732e-10
9.71365371e-07	5.272721e-10
9.72335315e-07	4.383752e-10
9.73306228e-07	3.440825e-10
9.74278110e-07	1.284824e-10
9.75250963e-07	2.035817e-10
9.76224787e-07	5.006676e-10
9.77199584e-07	3.864475e-10
9.78175354e-07	3.738770e-10
9.79152098e-07	3.400024e-10
9.80129818e-07	5.578508e-10
9.81108514e-07	4.520689e-10
9.82088187e-07	4.461923e-10
9.83068838e-07	4.506707e-10
9.84050469e-07	3.849066e-10
9.85033080e-07	3.130209e-10
9.86016672e-07	3.591512e-10
9.87001246e-07	5.055139e-10
9.87986804e-07	3.375477e-10
9.88973345e-07	4.673755e-10
9.89960871e-07	4.327000e-10
9.90949384e-07	4.807264e-10
9.91938884e-07	4.398896e-10
9.92929371e-07	4.798482e-10
9.93920848e-07	6.360107e-10
9.94913315e-07	4.932504e-10
9.95906773e-07	4.515464e-10
9.96901223e-07	4.379953e-10
9.97896665e-07	6.093790e-10
9.98893102e-07	6.442996e-10
9.99890534e-07	5.999499e-10
1.00088896e-06	3.675100e-10
1.00188839e-06	3.746150e-10
1.00288881e-06	5.446808e-10
1.00389023e-06	6.543491e-10
1.00489265e-06	5.295048e-10
1.00589607e-06	5.239558e-10
1.00690050e-06	6.643440e-10
1.00790593e-06	6.047755e-10
1.00891236e-06	6.984760e-10
1.00991979e-06	6.747181e-10
1.01092824e-06	4.557829e-10
1.01193769e-06	6.810822e-10
1.01294814e-06	5.612026e-10
1.01395961e-06	6.511235e-10
1.01497209e-06	6.954597e-10
1.01598557e-06	7.364651e-10
1.01700007e-06	6.465680e-10
1.01801558e-06	6.542806e-10
1.01903211e-06	7.744745e-10
1.02004965e-06	4.823737e-10
1.02106821e-06	7.605485e-10
1.02208778e-06	7.542446e-10
1.02310838e-06	6.295564e-10
1.02412999e-06	6.961750e-10
1.02515262e-06	7.475396e-10
1.02617627e-06	6.448087e-10
1.02720095e-06	7.693684e-10
1.02822665e-06	7.062539e-10
1.02925337e-06	7.134853e-10
1.03028112e-06	7.213780e-10
1.03130989e-06	8.027141e-10
1.03233969e-06	7.486549e-10
1.03337052e-06	8.099729e-10
1.03440238e-06	8.763285e-10
1.03543527e-06	8.290318e-10
1.03646919e-06	8.828683e-10
1.03750414e-06	7.503762e-10
1.03854013e-06	8.051792e-10
1.03957715e-06	8.709244e-10
1.04061521e-06	8.829332e-10
1.04165430e-06	7.739837e-10
1.04269443e-06	7.814487e-10
1.04373560e-06	8.414060e-10
1.04477781e-06	8.169883e-10
1.04582106e-06	8.978026e-10
1.04686535e-06	7.126284e-10
1.04791068e-06	7.680544e-10
1.04895706e-06	8.513999e-10
1.05000448e-06	8.208600e-10
1.05105295e-06	7.907600e-10
1.05210246e-06	7.849782e-10
1.05315303e-06	9.686797e-10
1.05420464e-06	9.671520e-10
1.05525730e-06	1.018117e-09
1.05631102e-06	9.448742e-10
1.05736578e-06	9.973265e-10
1.05842160e-06	1.017739e-09
1.05947847e-06	9.007197e-10
1.06053640e-06	8.582829e-10
1.06159539e-06	9.621072e-10
1.06265543e-06	9.920349e-10
1.06371653e-06	9.515889e-10
1.06477869e-06	1.048632e-09
1.06584191e-06	9.587372e-10
1.06690619e-06	9.541042e-10
1.06797154e-06	9.941428e-10
1.06903795e-06	8.600401e-10
1.07010542e-06	1.042888e-09
1.07117396e-06	8.971145e-10
1.07224357e-06	1.088442e-09
1.07331424e-06	1.059964e-09
1.07438599e-06	1.148935e-09
1.07545880e-06	1.092065e-09
1.07653269e-06	9.413996e-10
1.07760765e-06	9.899831e-10
1.07868368e-06	6.036579e-10
1.07976078e-06	9.680519e-10
1.08083896e-06	1.072175e-09
1.08191822e-06	1.052373e-09
1.08299856e-06	1.097831e-09
1.08407997e-06	1.087571e-09
1.08516247e-06	1.006533e-09
1.08624604e-06	8.650370e-10
1.08733070e-06	8.789196e-10
1.08841644e-06	9.644413e-10
1.08950326e-06	7.872286e-10
1.09059117e-06	9.051552e-10
1.09168017e-06	3.798872e-10
1.09277025e-06	3.945975e-10
1.09386142e-06	4.323436e-10
1.09495368e-06	4.172054e-10
1.09604703e-06	2.413720e-10
1.09714148e-06	4.706676e-10
1.09823701e-06	7.365037e-10
1.09933364e-06	7.045806e-10
1.10043137e-06	4.137050e-10
1.10153019e-06	4.922362e-10
1.10263011e-06	5.234153e-10
1.10373113e-06	8.959910e-10
1.10483324e-06	5.760807e-10
1.10593646e-06	4.152970e-10
1.10704078e-06	6.472782e-10
1.10814620e-06	5.314359e-10
1.10925273e-06	4.818558e-10
1.11036036e-06	1.517101e-10
1.11146909e-06	5.669430e-10
1.11257893e-06	5.901979e-10
1.11368989e-06	5.573314e-10
1.11480195e-06	1.727641e-10
1.11591512e-06	7.086038e-10
1.11702940e-06	3.119866e-10
1.11814480e-06	6.640920e-10
1.11926130e-06	2.313886e-10
1.12037893e-06	8.574635e-11
1.12149767e-06	6.829649e-10
1.12261752e-06	6.875500e-10
1.12373850e-06	6.216105e-10
1.12486059e-06	6.196083e-10
1.12598381e-06	6.423767e-10
1.12710815e-06	7.100489e-10
1.12823361e-06	2.284564e-10
1.12936019e-06	1.534220e-10
1.13048790e-06	6.280252e-10
1.13161673e-06	4.228145e-10
1.13274669e-06	8.033111e-10
1.13387778e-06	7.225340e-10
1.13501000e-06	4.596502e-10
1.13614335e-06	5.050771e-10
1.13727783e-06	5.791095e-10
1.13841345e-06	8.082536e-10
1.13955019e-06	7.725092e-10
1.14068808e-06	6.896647e-10
1.14182710e-06	4.737120e-10
1.14296725e-06	5.139603e-10
1.14410855e-06	2.016329e-10
1.14525098e-06	6.287059e-10
1.14639456e-06	3.273757e-10
1.14753928e-06	5.316158e-10
1.14868514e-06	3.714243e-10
1.14983214e-06	2.178042e-10
1.15098029e-06	4.344773e-10
1.15212959e-06	7.912558e-10
1.15328003e-06	2.671497e-10
1.15443162e-06	3.568877e-10
1.15558437e-06	4.480533e-10
1.15673826e-06	6.944599e-10
1.15789331e-06	4.472340e-10
1.15904951e-06	6.690911e-10
1.16020686e-06	5.763206e-10
1.16136537e-06	5.770025e-10
1.16252504e-06	1.028477e-10
1.16368586e-06	1.147912e-10
1.16484784e-06	4.172996e-10
1.16601099e-06	6.528138e-10
1.16717529e-06	4.489864e-10
1.16834076e-06	1.275743e-10
1.16950739e-06	1.541980e-10
1.17067519e-06	3.768953e-10
1.17184415e-06	7.306957e-10
1.17301428e-06	5.522843e-10
1.17418558e-06	5.478538e-10
1.17535805e-06	6.540349e-10
1.17653168e-06	4.926886e-10
1.17770650e-06	4.580205e-10
1.17888248e-06	3.696596e-10
1.18005964e-06	3.354990e-10
1.18123797e-06	5.816325e-10
1.18241748e-06	1.305166e-10
1.18359817e-06	4.037829e-10
1.18478003e-06	5.322166e-10
1.18596308e-06	2.226162e-10
1.18714731e-06	9.026574e-10
1.18833272e-06	7.242309e-10
1.18951931e-06	3.911241e-10
1.19070709e-06	4.598820e-10
1.19189606e-06	6.363875e-10
1.19308621e-06	8.630223e-10
1.19427755e-06	7.214357e-10
1.19547008e-06	9.015840e-10
1.19666380e-06	7.991423e-10
1.19785872e-06	7.830758e-10
1.19905482e-06	4.902194e-10
1.20025212e-06	9.410619e-10
1.20145062e-06	8.428550e-10
1.20265031e-06	7.879719e-10
1.20385120e-06	1.061551e-09
1.20505329e-06	7.065834e-10
1.20625658e-06	7.041610e-10
1.20746108e-06	9.020494e-10
1.20866677e-06	9.347374e-10
1.20987367e-06	4.401824e-10
1.21108177e-06	8.610926e-10
1.21229108e-06	6.837886e-10
1.21350160e-06	8.734139e-10
1.21471333e-06	9.598734e-10
1.21592626e-06	6.624576e-10
1.21714041e-06	8.935850e-10
1.21835577e-06	1.048959e-09
1.21957234e-06	1.182583e-09
1.22079013e-06	7.394579e-10
1.22200914e-06	9.983954e-10
1.22322936e-06	8.545774e-10
1.22445080e-06	1.073190e-09
1.22567346e-06	9.096438e-10
1.22689734e-06	8.992286e-10
1.22812244e-06	1.021244e-09
1.22934876e-06	8.556622e-10
1.23057631e-06	8.151196e-10
1.23180509e-06	7.035283e-10
1.23303509e-06	1.043968e-09
1.23426633e-06	8.956811e-10
1.23549879e-06	9.130450e-10
1.23673248e-06	7.967674e-10
1.23796740e-06	1.002366e-09
1.23920356e-06	1.120416e-09
1.24044095e-06	9.697701e-10
1.24167957e-06	1.181511e-09
1.24291944e-06	9.460363e-10
1.24416054e-06	9.999142e-10
1.24540288e-06	1.279044e-09
1.24664646e-06	1.267210e-09
1.24789128e-06	1.244839e-09
1.24913735e-06	1.290055e-09
1.25038466e-06	1.321421e-09
1.25163321e-06	1.231938e-09
1.25288301e-06	1.327423e-09
1.25413407e-06	1.328884e-09
1.25538636e-06	9.123689e-10
1.25663991e-06	1.228021e-09
1.25789472e-06	1.091847e-09
1.25915077e-06	1.397163e-09
1.26040808e-06	9.738918e-10
1.26166664e-06	1.269825e-09
1.26292646e-06	1.406307e-09
1.26418754e-06	1.312585e-09
1.26544988e-06	1.337369e-09
1.26671348e-06	1.448861e-09
1.26797834e-06	1.494805e-09
1.26924446e-06	1.317221e-09
1.27051185e-06	6.137808e-10
1.27178050e-06	1.487300e-09
1.27305042e-06	1.184941e-09
1.27432161e-06	1.645199e-09
1.27559407e-06	1.417570e-09
1.27686780e-06	1.236091e-09
1.27814280e-06	1.485699e-09
1.27941907e-06	1.212080e-09
1.28069662e-06	1.237694e-09
1.28197544e-06	1.201828e-09
1.28325554e-06	6.480364e-10
1.28453692e-06	1.229499e-09
1.28581958e-06	1.403239e-09
1.28710351e-06	1.556472e-09
1.28838874e-06	1.376530e-09
1.28967524e-06	8.963226e-10
1.29096303e-06	1.382957e-09
1.29225210e-06	1.363406e-09
1.29354246e-06	1.666291e-09
1.29483411e-06	1.040414e-09
1.29612705e-06	1.386048e-09
1.29742128e-06	1.249157e-09
1.29871681e-06	1.525667e-09
1.30001362e-06	1.746447e-09
1.30131174e-06	1.277302e-09
1.30261114e-06	1.246798e-09
1.30391185e-06	1.324952e-09
1.30521385e-06	1.400874e-09
1.30651716e-06	1.230274e-09
1.30782176e-06	1.225892e-09
1.30912767e-06	3.865319e-10
1.31043489e-06	8.702411e-10
1.31174340e-06	6.567608e-10
1.31305323e-06	1.373053e-09
1.31436436e-06	1.127505e-09
1.31567680e-06	1.347586e-09
1.31699055e-06	8.009159e-10
1.31830562e-06	1.141582e-09
1.31962199e-06	1.019831e-09
1.32093969e-06	1.025637e-09
1.32225869e-06	1.210345e-09
1.32357902e-06	1.131957e-09
1.32490066e-06	1.084548e-09
1.32622362e-06	6.555958e-10
1.32754791e-06	1.567526e-09
1.32887351e-06	6.575805e-10
1.33020044e-06	5.164064e-10
1.33152870e-06	1.163618e-09
1.33285828e-06	4.053034e-10
1.33418918e-06	7.210688e-10
1.33552142e-06	7.324682e-10
1.33685499e-06	4.928491e-10
1.33818989e-06	4.267270e-10
1.33952612e-06	6.514469e-10
1.34086369e-06	7.135996e-10
1.34220259e-06	9.681295e-10
1.34354283e-06	2.493737e-10
1.34488441e-06	1.505811e-10
1.34622732e-06	7.257619e-10
1.34757158e-06	3.646820e-10
1.34891718e-06	5.054690e-10
1.35026412e-06	2.484998e-10
1.35161241e-06	2.058821e-10
1.35296205e-06	3.726067e-10
1.35431303e-06	2.791214e-10
1.35566536e-06	2.114999e-10
1.35701905e-06	3.797003e-10
1.35837408e-06	1.741148e-10
1.35973047e-06	3.921627e-10
1.36108821e-06	1.565790e-10
1.36244730e-06	2.622161e-10
1.36380776e-06	5.867345e-10
1.36516957e-06	5.204112e-10
1.36653274e-06	3.431287e-10
1.36789728e-06	3.232614e-10
1.36926317e-06	2.636300e-10
1.37063043e-06	2.791847e-10
1.37199906e-06	4.979992e-10
1.37336905e-06	6.044939e-10
1.37474041e-06	4.721897e-10
1.37611314e-06	3.118586e-10
1.37748724e-06	7.623889e-10
1.37886271e-06	3.816176e-10
1.38023956e-06	2.909931e-10
1.38161778e-06	6.833706e-10
1.38299737e-06	3.838050e-10
1.38437835e-06	2.742137e-10
1.38576070e-06	2.537185e-10
1.38714443e-06	4.507319e-10
1.38852955e-06	6.172993e-10
1.38991605e-06	1.811070e-10
1.39130393e-06	5.777301e-10
1.39269320e-06	2.056424e-10
1.39408385e-06	6.887121e-10
1.39547590e-06	3.861576e-10
1.39686933e-06	3.815435e-10
1.39826416e-06	5.480292e-10
1.39966038e-06	1.954413e-10
1.40105799e-06	2.064795e-10
1.40245700e-06	6.060334e-10
1.40385740e-06	5.683332e-10
1.40525921e-06	2.412016e-10
1.40666241e-06	2.103108e-10
1.40806702e-06	5.391181e-10
1.40947302e-06	3.962505e-10
1.41088043e-06	2.737154e-10
1.41228925e-06	4.251144e-10
1.41369947e-06	3.440518e-10
1.41511110e-06	5.332408e-10
1.41652415e-06	7.710514e-10
1.41793860e-06	4.015508e-10
1.41935446e-06	2.962780e-10
1.42077174e-06	1.913087e-10
1.42219043e-06	2.655782e-10
1.42361054e-06	2.232820e-10
1.42503207e-06	3.485112e-10
1.42645502e-06	5.281898e-10
1.42787939e-06	3.764420e-10
1.42930518e-06	2.585829e-10
1.43073239e-06	5.475218e-10
1.43216103e-06	2.744462e-10
1.43359110e-06	5.028869e-10
1.43502259e-06	5.061972e-10
1.43645551e-06	3.904719e-10
1.43788987e-06	4.231543e-10
1.43932565e-06	5.238675e-10
1.44076287e-06	4.215251e-10
1.44220153e-06	4.942780e-10
1.44364162e-06	6.927164e-10
1.44508315e-06	3.529616e-10
1.44652612e-06	5.375732e-10
1.44797053e-06	3.829135e-10
1.44941638e-06	6.196641e-10
1.45086368e-06	2.950793e-10
1.45231242e-06	5.605925e-10
1.45376261e-06	3.267624e-10
1.45521424e-06	5.888718e-10
1.45666733e-06	2.137605e-10
1.45812186e-06	2.539025e-10
1.45957785e-06	2.837133e-10
1.46103529e-06	6.293735e-10
1.46249419e-06	3.361207e-10
1.46395455e-06	3.244701e-10
1.46541636e-06	7.167802e-10
1.46687963e-06	3.603678e-10
1.46834437e-06	4.825416e-10
1.46981056e-06	5.629157e-10
1.47127822e-06	6.358201e-10
1.47274735e-06	8.188925e-10
1.47421794e-06	3.265796e-10
1.47569000e-06	3.109471e-10
1.47716353e-06	4.811084e-10
1.47863854e-06	2.923459e-10
1.48011501e-06	4.289069e-10
1.48159296e-06	5.806635e-10
1.48307239e-06	9.046557e-10
1.48455329e-06	3.525241e-10
1.48603567e-06	4.716077e-10
1.48751953e-06	6.872987e-10
1.48900488e-06	7.792706e-10
1.49049170e-06	4.536372e-10
1.49198001e-06	6.816276e-10
1.49346981e-06	3.187682e-10
1.49496110e-06	9.838007e-10
1.49645387e-06	3.470500e-10
1.49794813e-06	8.666277e-10
1.49944389e-06	8.079075e-10
1.50094114e-06	5.934892e-10
1.50243989e-06	5.832245e-10
1.50394013e-06	5.663260e-10
1.50544187e-06	6.438825e-10
1.50694511e-06	5.419074e-10
1.50844985e-06	7.333334e-10
1.50995609e-06	6.389630e-10
1.51146384e-06	6.155763e-10
1.51297309e-06	9.486247e-10
1.51448385e-06	6.459043e-10
1.51599612e-06	9.371588e-10
1.51750990e-06	4.894337e-10
1.51902519e-06	3.725649e-10
1.52054199e-06	7.427534e-10
1.52206031e-06	4.717216e-10
1.52358014e-06	6.619724e-10
1.52510149e-06	6.524186e-10
1.52662436e-06	1.081728e-09
1.52814875e-06	6.039880e-10
1.52967467e-06	1.299127e-09
1.53120210e-06	3.531635e-10
1.53273107e-06	8.595364e-10
1.53426156e-06	5.266942e-10
1.53579357e-06	7.228789e-10
1.53732712e-06	3.633380e-10
1.53886220e-06	7.878775e-10
1.54039881e-06	9.799022e-10
1.54193695e-06	8.612503e-10
1.54347663e-06	9.479233e-10
1.54501785e-06	1.265915e-09
1.54656061e-06	5.577489e-10
1.54810491e-06	1.055686e-09
1.54965075e-06	7.492380e-10
1.55119813e-06	1.000712e-09
1.55274706e-06	1.020966e-09
1.55429754e-06	1.164398e-09
1.55584956e-06	1.072588e-09
1.55740313e-06	7.913033e-10
1.55895826e-06	1.074793e-09
1.56051494e-06	1.176551e-09
1.56207317e-06	1.160007e-09
1.56363296e-06	1.206630e-09
1.56519430e-06	7.648050e-10
1.56675721e-06	1.162096e-09
1.56832167e-06	1.141514e-09
1.56988770e-06	1.197165e-09
1.57145529e-06	1.041841e-09
1.57302445e-06	6.583921e-10
1.57459517e-06	1.220240e-09
1.57616746e-06	1.097418e-09
1.57774132e-06	1.353230e-09
1.57931676e-06	1.312574e-09
1.58089376e-06	1.398677e-09
1.58247234e-06	6.784495e-10
1.58405250e-06	1.133914e-09
1.58563424e-06	1.283350e-09
1.58721755e-06	1.080314e-09
1.58880245e-06	1.520176e-09
1.59038892e-06	7.553550e-10
1.59197699e-06	1.143286e-09
1.59356663e-06	1.498472e-09
1.59515787e-06	1.632154e-09
1.59675069e-06	1.388141e-09
1.59834511e-06	1.089373e-09
1.59994111e-06	1.341012e-09
1.60153872e-06	1.324792e-09
1.60313791e-06	1.168570e-09
1.60473870e-06	1.662234e-09
1.60634109e-06	1.425457e-09
1.60794509e-06	1.543485e-09
1.60955068e-06	1.504715e-09
1.61115787e-06	1.500790e-09
1.61276668e-06	1.460151e-09
1.61437708e-06	1.608540e-09
1.61598910e-06	1.465080e-09
1.61760272e-06	1.602464e-09
1.61921796e-06	1.382271e-09
1.62083481e-06	1.602426e-09
1.62245327e-06	1.500642e-09
1.62407335e-06	1.392091e-09
1.62569505e-06	1.536233e-09
1.62731837e-06	1.516101e-09
1.62894330e-06	1.716146e-09
1.63056986e-06	1.634712e-09
1.63219805e-06	5.768038e-10
1.63382786e-06	1.696176e-09
1.63545930e-06	1.506082e-09
1.63709236e-06	1.528880e-09
1.63872706e-06	1.569618e-09
1.64036339e-06	1.456160e-09
1.64200135e-06	1.941560e-09
1.64364095e-06	1.727759e-09
1.64528219e-06	1.625767e-09
1.64692506e-06	1.663267e-09
1.64856958e-06	1.692509e-09
1.65021574e-06	1.760158e-09
1.65186354e-06	1.592287e-09
1.65351299e-06	1.829671e-09
1.65516408e-06	1.799438e-09
1.65681682e-06	1.840037e-09
1.65847122e-06	1.742291e-09
1.66012726e-06	1.677730e-09
1.66178496e-06	1.696837e-09
1.66344431e-06	1.788843e-09
1.66510532e-06	1.840823e-09
1.66676799e-06	1.662646e-09
1.66843232e-06	1.795803e-09
1.67009831e-06	1.313965e-09
1.67176597e-06	1.237675e-09
1.67343529e-06	1.756620e-09
1.67510628e-06	1.718309e-09
1.67677893e-06	1.809751e-09
1.67845326e-06	1.282884e-09
1.68012926e-06	1.815981e-09
1.68180693e-06	2.066793e-09
1.68348627e-06	1.517329e-09
1.68516730e-06	1.627196e-09
1.68685000e-06	1.042015e-09
1.68853438e-06	1.752014e-09
1.69022045e-06	1.885637e-09
1.69190819e-06	1.334069e-09
1.69359763e-06	1.942382e-09
1.69528875e-06	1.278446e-09
1.69698156e-06	1.644245e-09
1.69867605e-06	1.892591e-09
1.70037225e-06	1.590354e-09
1.70207013e-06	1.769137e-09
1.70376971e-06	1.236809e-09
1.70547099e-06	1.566063e-09
1.70717396e-06	1.732432e-09
1.70887864e-06	1.646635e-09
1.71058502e-06	1.945340e-09
1.71229310e-06	1.681979e-09
1.71400289e-06	1.397942e-09
1.71571438e-06	1.182902e-09
1.71742759e-06	1.161471e-09
1.71914250e-06	1.189926e-09
1.72085913e-06	1.036757e-09
1.72257747e-06	1.195426e-09
1.72429753e-06	1.730736e-09
1.72601931e-06	1.590900e-09
1.72774280e-06	1.200323e-09
1.72946801e-06	1.068396e-09
1.73119495e-06	1.367899e-09
1.73292362e-06	1.313685e-09
1.73465400e-06	1.227105e-09
1.73638612e-06	1.527532e-09
1.73811997e-06	1.363624e-09
1.73985554e-06	8.106470e-10
1.74159285e-06	1.442223e-09
1.74333190e-06	1.452610e-09
1.74507268e-06	9.551158e-10
1.74681520e-06	4.296854e-10
1.74855946e-06	1.702269e-09
1.75030546e-06	5.618708e-10
1.75205321e-06	6.189996e-10
1.75380270e-06	1.151096e-09
1.75555393e-06	4.943051e-10
1.75730692e-06	6.643500e-10
1.75906165e-06	1.557730e-09
1.76081814e-06	1.366381e-09
1.76257638e-06	1.363166e-09
1.76433638e-06	1.317584e-09
1.76609814e-06	1.361904e-09
1.76786165e-06	4.259196e-10
1.76962693e-06	1.621225e-09
1.77139397e-06	1.162933e-09
1.77316277e-06	9.042355e-10
1.77493334e-06	9.155172e-10
1.77670567e-06	1.054823e-09
1.77847978e-06	6.899572e-10
1.78025566e-06	9.902258e-10
1.78203331e-06	7.200913e-10
1.78381274e-06	9.536472e-10
1.78559394e-06	1.264425e-09
1.78737692e-06	1.223766e-09
1.78916168e-06	1.067824e-09
1.79094823e-06	8.372749e-10
1.79273655e-06	6.947246e-10
1.79452667e-06	1.450797e-09
1.79631857e-06	4.419007e-10
1.79811226e-06	9.345348e-10
1.79990774e-06	1.207999e-09
1.80170502e-06	7.175087e-10
1.80350409e-06	6.771203e-10
1.80530495e-06	1.131205e-09
1.80710762e-06	6.386539e-10
1.80891208e-06	6.315620e-10
1.81071835e-06	5.066701e-10
1.81252641e-06	5.081876e-10
1.81433629e-06	8.772900e-10
1.81614797e-06	1.398796e-09
1.81796146e-06	7.987860e-10
1.81977676e-06	8.589415e-10
1.82159388e-06	6.899960e-10
1.82341281e-06	5.535335e-10
1.82523355e-06	9.088201e-10
1.82705612e-06	8.618105e-10
1.82888050e-06	4.816110e-10
1.83070670e-06	9.371451e-10
1.83253473e-06	5.278515e-10
1.83436459e-06	1.398167e-09
1.83619627e-06	5.320925e-10
1.83802978e-06	1.066117e-09
1.83986512e-06	4.945708e-10
1.84170229e-06	1.294540e-09
1.84354130e-06	5.853918e-10
1.84538214e-06	1.206904e-09
1.84722483e-06	5.279855e-10
1.84906935e-06	1.442830e-09
1.85091571e-06	1.175322e-09
1.85276392e-06	1.459232e-09
1.85461397e-06	9.902269e-10
1.85646588e-06	8.994391e-10
1.85831963e-06	9.677006e-10
1.86017523e-06	8.981296e-10
1.86203268e-06	8.521598e-10
1.86389199e-06	1.065936e-09
1.86575315e-06	1.093693e-09
1.86761618e-06	8.160786e-10
1.86948106e-06	1.276989e-09
1.87134781e-06	9.481290e-10
1.87321642e-06	9.296111e-10
1.87508689e-06	1.175088e-09
1.87695924e-06	1.132814e-09
1.87883345e-06	1.036519e-09
1.88070954e-06	1.419843e-09
1.88258749e-06	1.290441e-09
1.88446733e-06	1.206707e-09
1.88634904e-06	1.628749e-09
1.88823263e-06	1.173409e-09
1.89011810e-06	7.638924e-10
1.89200545e-06	1.184104e-09
1.89389469e-06	5.271344e-10
1.89578581e-06	1.475004e-09
1.89767882e-06	1.113460e-09
1.89957373e-06	1.204003e-09
1.90147052e-06	5.726172e-10
1.90336921e-06	7.634606e-10
1.90526980e-06	1.076651e-09
1.90717228e-06	7.066197e-10
1.90907666e-06	1.373341e-09
1.91098294e-06	1.142608e-09
1.91289113e-06	8.666075e-10
1.91480122e-06	1.398958e-09
1.91671322e-06	1.008887e-09
1.91862713e-06	1.336157e-09
1.92054295e-06	1.279153e-09
1.92246069e-06	9.624697e-10
1.92438033e-06	1.338375e-09
1.92630190e-06	9.838444e-10
1.92822538e-06	1.160390e-09
1.93015079e-06	1.371240e-09
1.93207812e-06	1.430472e-09
1.93400737e-06	9.015938e-10
1.93593855e-06	1.157829e-09
1.93787165e-06	1.044530e-09
1.93980669e-06	6.255623e-10
1.94174366e-06	1.479865e-09
1.94368256e-06	1.125302e-09
1.94562340e-06	1.237828e-09
1.94756618e-06	9.270640e-10
1.94951089e-06	1.166027e-09
1.95145755e-06	1.318336e-09
1.95340615e-06	5.832915e-10
1.95535670e-06	1.015621e-09
1.95730920e-06	9.625509e-10
1.95926364e-06	1.495981e-09
1.96122004e-06	1.193696e-09
1.96317839e-06	1.293445e-09
1.96513870e-06	8.225022e-10
1.96710096e-06	1.289393e-09
1.96906519e-06	1.257830e-09
1.97103137e-06	1.037281e-09
1.97299952e-06	9.011468e-10
1.97496963e-06	1.344595e-09
1.97694171e-06	1.114992e-09
1.97891576e-06	1.667933e-09
1.98089178e-06	1.253309e-09
1.98286978e-06	8.689410e-10
1.98484975e-06	8.757459e-10
1.98683169e-06	9.011206e-10
1.98881562e-06	1.568785e-09
1.99080152e-06	6.535213e-10
1.99278941e-06	8.951940e-10
1.99477929e-06	1.363092e-09
1.99677115e-06	9.205998e-10
1.99876500e-06	1.423285e-09
2.00076084e-06	1.480686e-09
2.00275867e-06	1.369136e-09
2.00475850e-06	1.270341e-09
2.00676033e-06	1.536785e-09
2.00876415e-06	6.013315e-10
2.01076998e-06	9.220856e-10
2.01277780e-06	1.406423e-09
2.01478764e-06	1.205306e-09
2.01679948e-06	8.031892e-10
2.01881333e-06	6.380775e-10
2.02082919e-06	1.281485e-09
2.02284706e-06	1.201561e-09
2.02486695e-06	9.453818e-10
2.02688885e-06	1.264917e-09
2.02891278e-06	1.015133e-09
2.03093872e-06	9.716331e-10
2.03296669e-06	1.102046e-09
2.03499668e-06	1.127229e-09
2.03702870e-06	1.361667e-09
2.03906275e-06	1.157042e-09
2.04109883e-06	1.314464e-09
2.04313694e-06	1.301597e-09
2.04517709e-06	1.594382e-09
2.04721927e-06	1.278702e-09
2.04926350e-06	1.569407e-09
2.05130976e-06	1.562984e-09
2.05335807e-06	8.695584e-10
2.05540843e-06	1.693761e-09
2.05746083e-06	1.446799e-09
2.05951528e-06	1.581490e-09
2.06157178e-06	9.651623e-10
2.06363034e-06	1.443321e-09
2.06569095e-06	1.567940e-09
2.06775362e-06	9.324746e-10
2.06981835e-06	1.776175e-09
2.07188514e-06	1.513451e-09
2.07395399e-06	1.482158e-09
2.07602491e-06	1.396888e-09
2.07809790e-06	1.589990e-09
2.08017296e-06	1.605315e-09
2.08225009e-06	1.762558e-09
2.08432929e-06	1.254035e-09
2.08641057e-06	1.051741e-09
2.08849393e-06	1.243701e-09
2.09057937e-06	1.367299e-09
2.09266689e-06	1.769812e-09
2.09475649e-06	1.307180e-09
2.09684818e-06	1.363803e-09
2.09894197e-06	1.591946e-09
2.10103784e-06	1.465528e-09
2.10313580e-06	1.644722e-09
2.10523586e-06	1.612865e-09
2.10733802e-06	1.331755e-09
2.10944227e-06	1.784438e-09
2.11154863e-06	1.264374e-09
2.11365709e-06	1.548345e-09
2.11576765e-06	1.742890e-09
2.11788032e-06	1.686285e-09
2.11999511e-06	1.385124e-09
2.12211200e-06	1.764587e-09
2.12423101e-06	1.822045e-09
2.12635213e-06	1.684079e-09
2.12847537e-06	1.185480e-09
2.13060073e-06	1.521067e-09
2.13272822e-06	1.697580e-09
2.13485783e-06	1.647949e-09
2.13698956e-06	1.397760e-09
2.13912342e-06	1.813530e-09
2.14125942e-06	1.496807e-09
2.14339754e-06	1.155955e-09
2.14553781e-06	1.850250e-09
2.14768021e-06	1.899786e-09
2.14982474e-06	1.392739e-09
2.15197142e-06	1.768421e-09
2.15412025e-06	1.717505e-09
2.15627122e-06	1.878791e-09
2.15842433e-06	1.945046e-09
2.16057960e-06	1.504937e-09
2.16273702e-06	1.888861e-09
2.16489659e-06	1.754737e-09
2.16705832e-06	1.864090e-09
2.16922221e-06	1.811647e-09
2.17138826e-06	1.417446e-09
2.17355647e-06	1.873583e-09
2.17572684e-06	1.467589e-09
2.17789939e-06	1.873608e-09
2.18007410e-06	1.747711e-09
2.18225099e-06	1.715307e-09
2.18443005e-06	1.488030e-09
2.18661128e-06	1.425133e-09
2.18879469e-06	1.838944e-09
2.19098028e-06	1.660701e-09
2.19316806e-06	1.872321e-09
2.19535802e-06	1.774007e-09
2.19755017e-06	1.777890e-09
2.19974450e-06	1.837911e-09
2.20194103e-06	1.757865e-09
2.20413975e-06	1.725314e-09
2.20634066e-06	1.766772e-09
2.20854377e-06	1.275415e-09
2.21074909e-06	1.402816e-09
2.21295660e-06	1.803344e-09
2.21516632e-06	1.800821e-09
2.21737825e-06	1.759617e-09
2.21959238e-06	9.357935e-10
2.22180873e-06	1.617417e-09
2.22402729e-06	1.846272e-09
2.22624806e-06	1.813656e-09
2.22847105e-06	1.809434e-09
2.23069626e-06	1.905613e-09
2.23292369e-06	9.994157e-10
2.23515335e-06	1.807716e-09
2.23738523e-06	1.840889e-09
2.23961935e-06	1.930755e-09
2.24185569e-06	1.125816e-09
2.24409427e-06	1.895197e-09
2.24633508e-06	1.766325e-09
2.24857813e-06	1.869649e-09
2.25082341e-06	1.740513e-09
2.25307094e-06	1.854841e-09
2.25532072e-06	1.794809e-09
2.25757274e-06	1.862055e-09
2.25982701e-06	1.837749e-09
2.26208353e-06	1.912845e-09
2.26434231e-06	1.607116e-09
2.26660334e-06	1.757954e-09
2.26886662e-06	1.785332e-09
2.27113217e-06	1.847137e-09
2.27339998e-06	1.745014e-09
2.27567005e-06	1.820615e-09
2.27794240e-06	1.801474e-09
2.28021700e-06	1.530509e-09
2.28249389e-06	1.504353e-09
2.28477304e-06	1.871618e-09
2.28705447e-06	1.743644e-09
2.28933818e-06	1.870323e-09
2.29162417e-06	1.596120e-09
2.29391244e-06	9.050838e-10
2.29620300e-06	1.668203e-09
2.29849584e-06	1.314716e-09
2.30079097e-06	1.692849e-09
2.30308840e-06	1.358110e-09
2.30538812e-06	1.727875e-09
2.30769013e-06	1.572198e-09
2.30999445e-06	1.404536e-09
2.31230106e-06	1.690768e-09
2.31460998e-06	1.751641e-09
2.31692121e-06	1.776532e-09
2.31923474e-06	1.819483e-09
2.32155058e-06	1.798921e-09
2.32386873e-06	1.742393e-09
2.32618920e-06	1.707997e-09
2.32851199e-06	1.175736e-09
2.33083709e-06	1.757135e-09
2.33316452e-06	1.549607e-09
2.33549427e-06	1.587062e-09
2.33782635e-06	1.670913e-09
2.34016076e-06	1.704735e-09
2.34249749e-06	1.610556e-09
2.34483656e-06	1.016788e-09
2.34717797e-06	1.812825e-09
2.34952171e-06	1.370434e-09
2.35186780e-06	1.839596e-09
2.35421623e-06	1.760320e-09
2.35656700e-06	1.786356e-09
2.35892012e-06	1.584563e-09
2.36127559e-06	1.704606e-09
2.36363341e-06	1.801267e-09
2.36599358e-06	1.777950e-09
2.36835612e-06	1.839235e-09
2.37072101e-06	1.587549e-09
2.37308826e-06	1.027340e-09
2.37545788e-06	1.613985e-09
2.37782986e-06	1.878122e-09
2.38020421e-06	1.700055e-09
2.38258093e-06	1.437543e-09
2.38496003e-06	1.539824e-09
2.38734150e-06	1.512138e-09
2.38972535e-06	1.773435e-09
2.39211158e-06	1.384652e-09
2.39450019e-06	1.687349e-09
2.39689119e-06	1.642438e-09
2.39928457e-06	1.816389e-09
2.40168035e-06	1.276582e-09
2.40407851e-06	1.199003e-09
2.40647907e-06	1.870510e-09
2.40888203e-06	1.435557e-09
2.41128739e-06	1.722218e-09
2.41369515e-06	1.257378e-09
2.41610531e-06	9.113138e-10
2.41851788e-06	1.407908e-09
2.42093286e-06	1.745161e-09
2.42335026e-06	8.985986e-10
2.42577006e-06	1.171609e-09
2.42819228e-06	1.413692e-09
2.43061692e-06	1.369907e-09
2.43304398e-06	1.760489e-09
2.43547347e-06	1.517383e-09
2.43790538e-06	1.065291e-09
2.44033972e-06	1.658421e-09
2.44277649e-06	1.741768e-09
2.44521569e-06	1.571406e-09
2.44765733e-06	1.408003e-09
2.45010140e-06	1.255655e-09
2.45254792e-06	1.319491e-09
2.45499688e-06	1.445531e-09
2.45744829e-06	1.834684e-09
2.45990214e-06	1.165380e-09
2.46235844e-06	1.790871e-09
2.46481720e-06	1.751311e-09
2.46727841e-06	1.763843e-09
2.46974208e-06	1.244741e-09
2.47220821e-06	1.352543e-09
2.47467680e-06	1.423293e-09
2.47714786e-06	1.450681e-09
2.47962138e-06	1.245700e-09
2.48209737e-06	1.387765e-09
2.48457584e-06	1.128055e-09
2.48705678e-06	9.300410e-10
2.48954020e-06	8.846399e-10
2.49202610e-06	1.259327e-09
2.49451448e-06	1.371758e-09
2.49700534e-06	1.097229e-09
2.49949870e-06	1.321514e-09
2.50199454e-06	1.741974e-09
2.50449287e-06	1.161496e-09
2.50699370e-06	1.383991e-09
2.50949703e-06	1.499157e-09
2.51200285e-06	8.966594e-10
2.51451118e-06	1.254558e-09
2.51702201e-06	1.556663e-09
2.51953535e-06	9.879374e-10
2.52205120e-06	1.317352e-09
2.52456956e-06	1.093289e-09
2.52709044e-06	1.366048e-09
2.52961383e-06	1.293474e-09
2.53213975e-06	1.540947e-09
2.53466818e-06	9.344425e-10
2.53719914e-06	1.449469e-09
2.53973263e-06	9.537264e-10
2.54226865e-06	1.399553e-09
2.54480720e-06	1.563898e-09
2.54734828e-06	1.491221e-09
2.54989190e-06	1.339797e-09
2.55243806e-06	1.292305e-09
2.55498677e-06	1.291619e-09
2.55753802e-06	1.450107e-09
2.56009181e-06	9.193451e-10
2.56264816e-06	9.840039e-10
2.56520706e-06	1.342591e-09
2.56776851e-06	9.347022e-10
2.57033253e-06	1.728202e-09
2.57289910e-06	1.513227e-09
2.57546823e-06	1.294125e-09
2.57803993e-06	9.710738e-10
2.58061420e-06	1.517081e-09
2.58319104e-06	1.110604e-09
2.58577045e-06	1.359433e-09
2.58835244e-06	1.164814e-09
2.59093701e-06	1.624041e-09
2.59352415e-06	1.291669e-09
2.59611388e-06	1.029463e-09
2.59870620e-06	1.574587e-09
2.60130110e-06	1.102860e-09
2.60389860e-06	1.324482e-09
2.60649869e-06	1.014190e-09
2.60910137e-06	1.051119e-09
2.61170666e-06	1.621259e-09
2.61431454e-06	1.674123e-09
2.61692503e-06	1.208972e-09
2.61953813e-06	1.660342e-09
2.62215384e-06	1.351167e-09
2.62477215e-06	1.569081e-09
2.62739309e-06	1.192113e-09
2.63001663e-06	1.705693e-09
2.63264280e-06	1.056952e-09
2.63527160e-06	1.632803e-09
2.63790301e-06	1.706572e-09
2.64053706e-06	9.687291e-10
2.64317373e-06	9.818831e-10
2.64581304e-06	9.984637e-10
2.64845498e-06	1.099975e-09
2.65109956e-06	1.113046e-09
2.65374678e-06	1.713115e-09
2.65639665e-06	1.430562e-09
2.65904916e-06	1.558684e-09
2.66170431e-06	1.639056e-09
2.66436213e-06	1.537217e-09
2.66702259e-06	1.183840e-09
2.66968571e-06	1.032896e-09
2.67235149e-06	1.653238e-09
2.67501993e-06	1.425420e-09
2.67769104e-06	1.184082e-09
2.68036481e-06	1.262102e-09
2.68304126e-06	1.036762e-09
2.68572037e-06	9.778257e-10
2.68840216e-06	1.464900e-09
2.69108663e-06	9.814931e-10
2.69377378e-06	9.894342e-10
2.69646362e-06	1.112312e-09
2.69915613e-06	1.709530e-09
2.70185134e-06	1.053697e-09
2.70454924e-06	1.016675e-09
2.70724983e-06	1.144437e-09
2.70995312e-06	1.145812e-09
2.71265911e-06	1.559524e-09
2.71536780e-06	1.017748e-09
2.71807920e-06	1.392839e-09
2.72079330e-06	1.228029e-09
2.72351011e-06	1.307182e-09
2.72622964e-06	1.206458e-09
2.72895188e-06	1.001838e-09
2.73167684e-06	1.039563e-09
2.73440452e-06	1.365555e-09
2.73713492e-06	1.514908e-09
2.73986805e-06	1.194988e-09
2.74260391e-06	1.708793e-09
2.74534251e-06	1.154350e-09
2.74808383e-06	1.047665e-09
2.75082790e-06	1.384456e-09
2.75357470e-06	1.712327e-09
2.75632425e-06	1.639902e-09
2.75907654e-06	1.884924e-09
2.76183158e-06	1.722309e-09
2.76458937e-06	1.165045e-09
2.76734991e-06	1.336284e-09
2.77011322e-06	1.041877e-09
2.77287928e-06	1.265105e-09
2.77564810e-06	1.604700e-09
2.77841969e-06	1.163249e-09
2.78119404e-06	1.114285e-09
2.78397117e-06	1.448715e-09
2.78675106e-06	1.194421e-09
2.78953374e-06	1.031333e-09
2.79231919e-06	1.070581e-09
2.79510743e-06	1.284732e-09
2.79789844e-06	1.069826e-09
2.80069225e-06	1.025614e-09
2.80348884e-06	1.100519e-09
2.80628823e-06	1.520029e-09
2.80909041e-06	1.086863e-09
2.81189540e-06	1.512200e-09
2.81470318e-06	1.026067e-09
2.81751376e-06	1.079180e-09
2.82032715e-06	1.240535e-09
2.82314336e-06	1.042079e-09
2.82596237e-06	1.133252e-09
2.82878420e-06	1.199879e-09
2.83160884e-06	1.231320e-09
2.83443631e-06	1.290724e-09
2.83726660e-06	1.035671e-09
2.84009972e-06	1.184707e-09
2.84293566e-06	1.186753e-09
2.84577444e-06	1.358604e-09
2.84861605e-06	1.054966e-09
2.85146050e-06	1.093233e-09
2.85430779e-06	1.418076e-09
2.85715792e-06	1.221788e-09
2.86001090e-06	1.518913e-09
2.86286672e-06	1.631686e-09
2.86572540e-06	1.043815e-09
2.86858693e-06	1.112199e-09
2.87145132e-06	1.138236e-09
2.87431857e-06	1.787182e-09
2.87718869e-06	1.114245e-09
2.88006167e-06	1.602645e-09
2.88293752e-06	1.123029e-09
2.88581624e-06	1.321811e-09
2.88869783e-06	1.116529e-09
2.89158230e-06	1.250589e-09
2.89446965e-06	1.315111e-09
2.89735989e-06	1.490245e-09
2.90025301e-06	1.187345e-09
2.90314902e-06	1.835628e-09
2.90604792e-06	1.447209e-09
2.90894972e-06	1.085390e-09
2.91185441e-06	1.151059e-09
2.91476201e-06	1.333623e-09
2.91767251e-06	1.450158e-09
2.92058591e-06	1.074126e-09
2.92350222e-06	1.286275e-09
2.92642145e-06	1.162600e-09
2.92934359e-06	1.498348e-09
2.93226865e-06	1.456081e-09
2.93519663e-06	1.463912e-09
2.93812753e-06	1.153005e-09
2.94106136e-06	1.636659e-09
2.94399812e-06	1.485327e-09
2.94693781e-06	1.375899e-09
2.94988043e-06	1.748682e-09
2.95282600e-06	1.939305e-09
2.95577451e-06	1.278648e-09
2.95872596e-06	1.418957e-09
2.96168035e-06	1.544402e-09
2.96463770e-06	1.641781e-09
2.96759800e-06	1.627218e-09
2.97056126e-06	1.180256e-09
2.97352747e-06	1.290780e-09
2.97649665e-06	1.544936e-09
2.97946879e-06	1.244649e-09
2.98244390e-06	1.129009e-09
2.98542198e-06	1.284147e-09
2.98840304e-06	1.580404e-09
2.99138707e-06	1.199696e-09
2.99437408e-06	1.325584e-09
2.99736407e-06	1.802624e-09
3.00035705e-06	1.484148e-09
3.00335302e-06	1.168384e-09
3.00635198e-06	1.452798e-09
3.00935393e-06	1.580789e-09
3.01235888e-06	1.574051e-09
3.01536684e-06	1.787532e-09
3.01837779e-06	1.317672e-09
3.02139175e-06	1.529551e-09
3.02440873e-06	1.345842e-09
3.02742871e-06	1.715684e-09
3.03045171e-06	1.414484e-09
3.03347773e-06	1.256490e-09
3.03650677e-06	1.511293e-09
3.03953883e-06	1.424641e-09
3.04257392e-06	1.207443e-09
3.04561205e-06	1.833656e-09
3.04865320e-06	1.459335e-09
3.05169740e-06	1.501823e-09
3.05474463e-06	1.520376e-09
3.05779491e-06	1.670454e-09
3.06084823e-06	1.408994e-09
3.06390460e-06	1.149088e-09
3.06696402e-06	1.404179e-09
3.07002650e-06	1.482573e-09
3.07309203e-06	1.177661e-09
3.07616063e-06	1.751686e-09
3.07923229e-06	1.553743e-09
3.08230702e-06	1.525744e-09
3.08538481e-06	1.369274e-09
3.08846569e-06	1.448856e-09
3.09154963e-06	1.331860e-09
3.09463666e-06	1.304213e-09
3.09772677e-06	1.360601e-09
3.10081996e-06	1.341914e-09
3.10391625e-06	1.629536e-09
3.10701562e-06	1.188553e-09
3.11011809e-06	1.286381e-09
3.11322366e-06	1.527646e-09
3.11633233e-06	1.434552e-09
3.11944410e-06	1.625719e-09
3.12255898e-06	1.250497e-09
3.12567698e-06	1.549765e-09
3.12879808e-06	1.506635e-09
3.13192230e-06	1.551428e-09
3.13504964e-06	1.356694e-09
3.13818010e-06	1.278543e-09
3.14131369e-06	1.308447e-09
3.14445041e-06	1.628350e-09
3.14759026e-06	1.549202e-09
3.15073325e-06	1.251166e-09
3.15387937e-06	1.460788e-09
3.15702864e-06	1.478259e-09
3.16018105e-06	1.346844e-09
3.16333660e-06	1.193006e-09
3.16649531e-06	1.589597e-09
3.16965718e-06	1.745136e-09
3.17282220e-06	1.462673e-09
3.17599038e-06	1.362592e-09
3.17916172e-06	1.303747e-09
3.18233623e-06	1.858584e-09
3.18551391e-06	1.489607e-09
3.18869477e-06	1.306625e-09
3.19187880e-06	1.606855e-09
3.19506601e-06	1.501628e-09
3.19825640e-06	1.461153e-09
3.20144997e-06	1.229213e-09
3.20464674e-06	1.238535e-09
3.20784670e-06	1.662410e-09
3.21104985e-06	1.324498e-09
3.21425621e-06	1.560716e-09
3.21746576e-06	1.543358e-09
3.22067852e-06	1.417696e-09
3.22389449e-06	1.206431e-09
3.22711366e-06	1.558201e-09
3.23033606e-06	1.754397e-09
3.23356167e-06	1.453539e-09
3.23679050e-06	1.367319e-09
3.24002255e-06	1.860341e-09
3.24325783e-06	1.229890e-09
3.24649635e-06	1.638216e-09
3.24973809e-06	1.673218e-09
3.25298308e-06	1.540648e-09
3.25623130e-06	1.811837e-09
3.25948277e-06	1.240090e-09
3.26273748e-06	1.885386e-09
3.26599545e-06	1.799856e-09
3.26925667e-06	1.365738e-09
3.27252114e-06	2.002587e-09
3.27578887e-06	1.376418e-09
3.27905987e-06	1.813968e-09
3.28233413e-06	1.448137e-09
3.28561167e-06	1.453241e-09
3.28889247e-06	1.910526e-09
3.29217655e-06	1.505539e-09
3.29546391e-06	1.794178e-09
3.29875455e-06	1.500612e-09
3.30204848e-06	2.000279e-09
3.30534570e-06	1.425851e-09
3.30864621e-06	1.446180e-09
3.31195002e-06	1.156947e-09
3.31525712e-06	1.567203e-09
3.31856753e-06	1.625138e-09
3.32188124e-06	1.585115e-09
3.32519826e-06	1.713115e-09
3.32851860e-06	1.403583e-09
3.33184225e-06	1.380128e-09
3.33516921e-06	1.801402e-09
3.33849950e-06	1.472773e-09
3.34183312e-06	1.466086e-09
3.34517006e-06	1.493688e-09
3.34851034e-06	1.600353e-09
3.35185395e-06	1.847546e-09
3.35520090e-06	1.660276e-09
3.35855119e-06	1.532674e-09
3.36190483e-06	1.580176e-09
3.36526182e-06	1.588763e-09
3.36862216e-06	1.745456e-09
3.37198585e-06	1.885828e-09
3.37535290e-06	1.999693e-09
3.37872332e-06	1.754278e-09
3.38209710e-06	1.716574e-09
3.38547425e-06	1.539689e-09
3.38885477e-06	1.886870e-09
3.39223867e-06	1.430921e-09
3.39562594e-06	1.730941e-09
3.39901660e-06	1.758745e-09
3.40241065e-06	1.800585e-09
3.40580808e-06	1.846572e-09
3.40920890e-06	1.478356e-09
3.41261313e-06	1.400867e-09
3.41602075e-06	1.695334e-09
3.41943177e-06	1.797525e-09
3.42284620e-06	1.754371e-09
3.42626404e-06	1.464490e-09
3.42968529e-06	1.478008e-09
3.43310996e-06	1.636772e-09
3.43653804e-06	1.297485e-09
3.43996956e-06	1.784075e-09
3.44340449e-06	1.734995e-09
3.44684286e-06	1.454215e-09
3.45028466e-06	1.849915e-09
3.45372990e-06	1.725457e-09
3.45717857e-06	1.643773e-09
3.46063070e-06	1.975578e-09
3.46408626e-06	1.715466e-09
3.46754528e-06	1.424569e-09
3.47100775e-06	1.237370e-09
3.47447368e-06	1.752610e-09
3.47794307e-06	1.388951e-09
3.48141593e-06	1.454498e-09
3.48489225e-06	1.322477e-09
3.48837205e-06	1.780797e-09
3.49185532e-06	1.691073e-09
3.49534206e-06	1.749312e-09
3.49883229e-06	1.899359e-09
3.50232600e-06	1.984629e-09
3.50582321e-06	1.992894e-09
3.50932390e-06	1.871015e-09
3.51282809e-06	1.870011e-09
3.51633578e-06	1.402918e-09
3.51984697e-06	1.832315e-09
3.52336167e-06	2.007568e-09
3.52687988e-06	1.231741e-09
3.53040160e-06	2.024198e-09
3.53392683e-06	1.914061e-09
3.53745559e-06	1.872658e-09
3.54098787e-06	1.732015e-09
3.54452368e-06	1.681630e-09
3.54806302e-06	2.090882e-09
3.55160589e-06	1.841440e-09
3.55515230e-06	1.789522e-09
3.55870225e-06	1.837388e-09
3.56225575e-06	1.942848e-09
3.56581279e-06	1.825517e-09
3.56937339e-06	1.828911e-09
3.57293754e-06	1.864857e-09
3.57650525e-06	1.836329e-09
3.58007652e-06	2.006682e-09
3.58365136e-06	2.018550e-09
3.58722977e-06	1.987301e-09
3.59081175e-06	1.992339e-09
3.59439731e-06	2.106439e-09
3.59798645e-06	1.359431e-09
3.60157917e-06	1.371165e-09
3.60517548e-06	1.942414e-09
3.60877538e-06	1.703594e-09
3.61237888e-06	1.551878e-09
3.61598597e-06	1.705521e-09
3.61959667e-06	2.034766e-09
3.62321097e-06	1.938067e-09
3.62682888e-06	1.616900e-09
3.63045040e-06	1.760190e-09
3.63407554e-06	1.694497e-09
3.63770430e-06	1.457653e-09
3.64133669e-06	2.102651e-09
3.64497270e-06	2.164609e-09
3.64861234e-06	1.859639e-09
3.65225561e-06	1.508145e-09
3.65590252e-06	2.256569e-09
3.65955308e-06	2.059726e-09
3.66320728e-06	1.942905e-09
3.66686512e-06	2.108114e-09
3.67052662e-06	2.093211e-09
3.67419178e-06	1.539040e-09
3.67786060e-06	1.928289e-09
3.68153308e-06	1.954858e-09
3.68520923e-06	2.320676e-09
3.68888904e-06	1.737661e-09
3.69257254e-06	2.162435e-09
3.69625971e-06	1.446482e-09
3.69995056e-06	1.781573e-09
3.70364510e-06	2.099040e-09
3.70734332e-06	1.790429e-09
3.71104524e-06	1.772255e-09
3.71475086e-06	2.089530e-09
3.71846018e-06	2.020057e-09
3.72217320e-06	1.848685e-09
3.72588992e-06	2.058561e-09
3.72961036e-06	2.135065e-09
3.73333452e-06	2.075659e-09
3.73706239e-06	2.056514e-09
3.74079399e-06	2.249214e-09
3.74452931e-06	2.039381e-09
3.74826836e-06	1.481716e-09
3.75201114e-06	2.155587e-09
3.75575766e-06	2.093076e-09
3.75950793e-06	2.234335e-09
3.76326194e-06	2.310506e-09
3.76701969e-06	2.267191e-09
3.77078120e-06	1.911727e-09
3.77454647e-06	1.980081e-09
3.77831549e-06	1.904891e-09
3.78208828e-06	1.774319e-09
3.78586483e-06	1.920107e-09
3.78964516e-06	2.398559e-09
3.79342926e-06	1.486715e-09
3.79721714e-06	2.416661e-09
3.80100880e-06	2.323152e-09
3.80480425e-06	2.232908e-09
3.80860349e-06	2.292953e-09
3.81240652e-06	2.384196e-09
3.81621335e-06	2.117391e-09
3.82002398e-06	2.405131e-09
3.82383842e-06	2.270898e-09
3.82765666e-06	2.344092e-09
3.83147872e-06	1.966580e-09
3.83530459e-06	2.400445e-09
3.83913428e-06	2.253161e-09
3.84296780e-06	2.388092e-09
3.84680515e-06	1.743811e-09
3.85064633e-06	2.068596e-09
3.85449134e-06	2.396859e-09
3.85834019e-06	2.266469e-09
3.86219289e-06	2.031370e-09
3.86604943e-06	1.910015e-09
3.86990982e-06	2.364725e-09
3.87377407e-06	2.166351e-09
3.87764218e-06	2.272481e-09
3.88151415e-06	2.402575e-09
3.88538998e-06	2.173395e-09
3.88926969e-06	2.254997e-09
3.89315327e-06	2.400960e-09
3.89704073e-06	2.001361e-09
3.90093207e-06	2.394799e-09
3.90482729e-06	2.389906e-09
3.90872641e-06	2.362960e-09
3.91262941e-06	2.307598e-09
3.91653632e-06	2.236345e-09
3.92044713e-06	1.923183e-09
3.92436184e-06	1.907176e-09
3.92828046e-06	2.392307e-09
3.93220299e-06	1.606503e-09
3.93612944e-06	2.210638e-09
3.94005981e-06	2.019069e-09
3.94399411e-06	2.390861e-09
3.94793233e-06	2.055244e-09
3.95187449e-06	1.991667e-09
3.95582058e-06	2.489837e-09
3.95977062e-06	2.227601e-09
3.96372460e-06	1.697867e-09
3.96768252e-06	2.154207e-09
3.97164440e-06	2.149423e-09
3.97561023e-06	1.789052e-09
3.97958003e-06	2.246247e-09
3.98355379e-06	2.173704e-09
3.98753151e-06	2.222211e-09
3.99151321e-06	1.771369e-09
3.99549888e-06	2.314216e-09
3.99948854e-06	1.566437e-09
4.00348217e-06	2.418914e-09
