2.99769222e-07	2.565382e-16
3.00068553e-07	4.711875e-16
3.00368182e-07	4.822890e-16
3.00668111e-07	4.936362e-16
3.00968339e-07	5.052339e-16
3.01268867e-07	5.170875e-16
3.01569695e-07	5.292021e-16
3.01870824e-07	5.415830e-16
3.02172253e-07	5.542358e-16
3.02473983e-07	5.671660e-16
3.02776015e-07	5.803792e-16
3.03078348e-07	5.938812e-16
3.03380983e-07	6.076779e-16
3.03683920e-07	6.217752e-16
3.03987160e-07	6.361792e-16
3.04290702e-07	6.508962e-16
3.04594547e-07	6.659325e-16
3.04898696e-07	6.812944e-16
3.05203149e-07	6.969887e-16
3.05507906e-07	7.130219e-16
3.05812967e-07	7.294008e-16
3.06118332e-07	7.461323e-16
3.06424003e-07	7.632236e-16
3.06729978e-07	7.806818e-16
3.07036260e-07	7.985143e-16
3.07342847e-07	8.167284e-16
3.07649740e-07	8.353317e-16
3.07956940e-07	8.543321e-16
3.08264446e-07	8.737373e-16
3.08572260e-07	8.935554e-16
3.08880380e-07	9.137944e-16
3.09188809e-07	9.344628e-16
3.09497545e-07	9.555689e-16
3.09806590e-07	9.771215e-16
3.10115944e-07	9.991292e-16
3.10425606e-07	1.021601e-15
3.10735577e-07	1.044546e-15
3.11045858e-07	1.067973e-15
3.11356449e-07	1.091892e-15
3.11667350e-07	1.116312e-15
3.11978561e-07	1.141243e-15
3.12290084e-07	1.166696e-15
3.12601917e-07	1.192679e-15
3.12914061e-07	1.219204e-15
3.13226518e-07	1.246281e-15
3.13539286e-07	1.273920e-15
3.13852367e-07	1.302133e-15
3.14165760e-07	1.330929e-15
3.14479466e-07	1.360322e-15
3.14793485e-07	1.390321e-15
3.15107818e-07	1.420939e-15
3.15422465e-07	1.452187e-15
3.15737426e-07	1.484078e-15
3.16052702e-07	1.516623e-15
3.16368292e-07	1.549835e-15
3.16684197e-07	1.583727e-15
3.17000418e-07	1.618312e-15
3.17316955e-07	1.653602e-15
3.17633808e-07	1.689612e-15
3.17950977e-07	1.726354e-15
3.18268463e-07	1.763842e-15
3.18586266e-07	1.802091e-15
3.18904386e-07	1.841114e-15
3.19222824e-07	1.880927e-15
3.19541579e-07	1.921544e-15
3.19860654e-07	1.962980e-15
3.20180046e-07	2.005250e-15
3.20499758e-07	2.048370e-15
3.20819789e-07	2.092355e-15
3.21140139e-07	2.137222e-15
3.21460810e-07	2.182988e-15
3.21781800e-07	2.229667e-15
3.22103111e-07	2.277279e-15
3.22424743e-07	2.325839e-15
3.22746696e-07	2.375365e-15
3.23068971e-07	2.425876e-15
3.23391567e-07	2.477388e-15
3.23714485e-07	2.529921e-15
3.24037726e-07	2.583493e-15
3.24361290e-07	2.638123e-15
3.24685177e-07	2.693830e-15
3.25009387e-07	2.750635e-15
3.25333921e-07	2.808556e-15
3.25658779e-07	2.867615e-15
3.25983961e-07	2.927832e-15
3.26309468e-07	2.989227e-15
3.26635300e-07	3.051823e-15
3.26961458e-07	3.115640e-15
3.27287941e-07	3.180701e-15
3.27614750e-07	3.247029e-15
3.27941886e-07	3.314645e-15
3.28269348e-07	3.383574e-15
3.28597137e-07	3.453838e-15
3.28925253e-07	3.525461e-15
3.29253697e-07	3.598469e-15
3.29582469e-07	3.672884e-15
3.29911570e-07	3.748734e-15
3.30240998e-07	3.826041e-15
3.30570756e-07	3.904834e-15
3.30900844e-07	3.985139e-15
3.31231260e-07	4.066980e-15
3.31562007e-07	4.150387e-15
3.31893084e-07	4.235387e-15
3.32224491e-07	4.322007e-15
3.32556230e-07	4.410276e-15
3.32888300e-07	4.500223e-15
3.33220701e-07	4.591878e-15
3.33553434e-07	4.685270e-15
3.33886500e-07	4.780430e-15
3.34219898e-07	4.877389e-15
3.34553629e-07	4.976177e-15
3.34887693e-07	5.076827e-15
3.35222091e-07	5.179371e-15
3.35556822e-07	5.283842e-15
3.35891888e-07	5.390273e-15
3.36227289e-07	5.498698e-15
3.36563024e-07	5.609152e-15
3.36899095e-07	5.721669e-15
3.37235501e-07	5.836285e-15
3.37572243e-07	5.953037e-15
3.37909321e-07	6.071959e-15
3.38246736e-07	6.193091e-15
3.38584488e-07	6.316470e-15
3.38922578e-07	6.442133e-15
3.39261004e-07	6.570120e-15
3.39599769e-07	6.700471e-15
3.39938872e-07	6.833226e-15
3.40278313e-07	6.968425e-15
3.40618094e-07	7.106110e-15
3.40958214e-07	7.246323e-15
3.41298673e-07	7.389106e-15
3.41639473e-07	7.534504e-15
3.41980612e-07	7.682559e-15
3.42322093e-07	7.833318e-15
3.42663914e-07	7.986825e-15
3.43006076e-07	8.143126e-15
3.43348581e-07	8.302268e-15
3.43691427e-07	8.464298e-15
3.44034616e-07	8.629266e-15
3.44378147e-07	8.797219e-15
3.44722021e-07	8.968207e-15
3.45066239e-07	9.142281e-15
3.45410800e-07	9.319493e-15
3.45755706e-07	9.499893e-15
3.46100956e-07	9.683536e-15
3.46446550e-07	9.870473e-15
3.46792490e-07	1.006076e-14
3.47138775e-07	1.025445e-14
3.47485406e-07	1.045161e-14
3.47832383e-07	1.065228e-14
3.48179707e-07	1.085652e-14
3.48527377e-07	1.106440e-14
3.48875395e-07	1.127598e-14
3.49223760e-07	1.149130e-14
3.49572472e-07	1.171045e-14
3.49921534e-07	1.193347e-14
3.50270943e-07	1.216042e-14
3.50620702e-07	1.239139e-14
3.50970809e-07	1.262642e-14
3.51321267e-07	1.286559e-14
3.51672074e-07	1.310895e-14
3.52023232e-07	1.335659e-14
3.52374740e-07	1.360857e-14
3.52726599e-07	1.386495e-14
3.53078810e-07	1.412581e-14
3.53431372e-07	1.439122e-14
3.53784286e-07	1.466126e-14
3.54137553e-07	1.493599e-14
3.54491173e-07	1.521550e-14
3.54845145e-07	1.549985e-14
3.55199471e-07	1.578913e-14
3.55554151e-07	1.608340e-14
3.55909185e-07	1.638276e-14
3.56264573e-07	1.668731e-14
3.56620317e-07	1.699708e-14
3.56976415e-07	1.731219e-14
3.57332870e-07	1.763271e-14
3.57689680e-07	1.795872e-14
3.58046846e-07	1.829032e-14
3.58404369e-07	1.862760e-14
3.58762249e-07	1.897063e-14
3.59120487e-07	1.931952e-14
3.59479082e-07	1.967435e-14
3.59838035e-07	2.003521e-14
3.60197347e-07	2.040220e-14
3.60557017e-07	2.077533e-14
3.60917046e-07	2.115496e-14
3.61277436e-07	2.154095e-14
3.61638184e-07	2.193344e-14
3.61999294e-07	2.233255e-14
3.62360763e-07	2.273836e-14
3.62722594e-07	2.315105e-14
3.63084786e-07	2.357065e-14
3.63447339e-07	2.399728e-14
3.63810255e-07	2.443108e-14
3.64173533e-07	2.487212e-14
3.64537174e-07	2.532054e-14
3.64901178e-07	2.577644e-14
3.65265545e-07	2.623994e-14
3.65630276e-07	2.671115e-14
3.65995372e-07	2.719020e-14
3.66360832e-07	2.767719e-14
3.66726656e-07	2.817226e-14
3.67092847e-07	2.867551e-14
3.67459402e-07	2.918710e-14
3.67826324e-07	2.970710e-14
3.68193613e-07	3.023571e-14
3.68561267e-07	3.077301e-14
3.68929290e-07	3.131915e-14
3.69297679e-07	3.187421e-14
3.69666437e-07	3.243845e-14
3.70035562e-07	3.301185e-14
3.70405056e-07	3.359472e-14
3.70774920e-07	3.418703e-14
3.71145152e-07	3.478900e-14
3.71515754e-07	3.540080e-14
3.71886726e-07	3.602249e-14
3.72258069e-07	3.665438e-14
3.72629783e-07	3.729656e-14
3.73001867e-07	3.794903e-14
3.73374323e-07	3.861211e-14
3.73747152e-07	3.928590e-14
3.74120352e-07	3.997048e-14
3.74493925e-07	4.066614e-14
3.74867871e-07	4.137296e-14
3.75242191e-07	4.209133e-14
3.75616884e-07	4.282095e-14
3.75991951e-07	4.356255e-14
3.76367393e-07	4.431587e-14
3.76743210e-07	4.508111e-14
3.77119402e-07	4.585819e-14
3.77495970e-07	4.664880e-14
3.77872913e-07	4.745141e-14
3.78250233e-07	4.826666e-14
3.78627930e-07	4.909499e-14
3.79006004e-07	4.993642e-14
3.79384456e-07	5.079116e-14
3.79763285e-07	5.165925e-14
3.80142493e-07	5.254142e-14
3.80522079e-07	5.343725e-14
3.80902045e-07	5.434721e-14
3.81282390e-07	5.527165e-14
3.81663114e-07	5.621002e-14
3.82044219e-07	5.716355e-14
3.82425704e-07	5.813269e-14
3.82807570e-07	5.911640e-14
3.83189818e-07	6.011557e-14
3.83572447e-07	6.112994e-14
3.83955458e-07	6.216081e-14
3.84338852e-07	6.320713e-14
3.84722629e-07	6.426982e-14
3.85106789e-07	6.534962e-14
3.85491332e-07	6.644575e-14
3.85876259e-07	6.755888e-14
3.86261571e-07	6.868924e-14
3.86647268e-07	6.983672e-14
3.87033349e-07	7.100253e-14
3.87419816e-07	7.218596e-14
3.87806669e-07	7.338745e-14
3.88193909e-07	7.460795e-14
3.88581535e-07	7.584606e-14
3.88969548e-07	7.710443e-14
3.89357948e-07	7.838191e-14
3.89746737e-07	7.967804e-14
3.90135913e-07	8.099519e-14
3.90525478e-07	8.233125e-14
3.90915433e-07	8.368798e-14
3.91305776e-07	8.506589e-14
3.91696509e-07	8.646513e-14
3.92087633e-07	8.788474e-14
3.92479147e-07	8.932605e-14
3.92871052e-07	9.078910e-14
3.93263348e-07	9.227472e-14
3.93656036e-07	9.378231e-14
3.94049116e-07	9.531237e-14
3.94442589e-07	9.686537e-14
3.94836455e-07	9.844341e-14
3.95230713e-07	1.000418e-13
3.95625366e-07	1.016665e-13
3.96020412e-07	1.033160e-13
3.96415854e-07	1.049921e-13
3.96811689e-07	1.066905e-13
3.97207921e-07	1.084148e-13
3.97604547e-07	1.101648e-13
3.98001570e-07	1.119405e-13
3.98398990e-07	1.137415e-13
3.98796806e-07	1.155723e-13
3.99195019e-07	1.174270e-13
3.99593630e-07	1.193133e-13
3.99992639e-07	1.212242e-13
4.00392047e-07	1.231639e-13
4.00791853e-07	1.251341e-13
4.01192059e-07	1.271316e-13
4.01592664e-07	1.291595e-13
4.01993669e-07	1.312163e-13
4.02395074e-07	1.333027e-13
4.02796881e-07	1.354218e-13
4.03199088e-07	1.375712e-13
4.03601698e-07	1.397504e-13
4.04004709e-07	1.419644e-13
4.04408123e-07	1.442088e-13
4.04811939e-07	1.464833e-13
4.05216159e-07	1.487967e-13
4.05620782e-07	1.511427e-13
4.06025810e-07	1.535205e-13
4.06431241e-07	1.559276e-13
4.06837078e-07	1.583808e-13
4.07243320e-07	1.608632e-13
4.07649967e-07	1.633862e-13
4.08057021e-07	1.659420e-13
4.08464481e-07	1.685355e-13
4.08872348e-07	1.711628e-13
4.09280622e-07	1.738343e-13
4.09689304e-07	1.765404e-13
4.10098394e-07	1.792857e-13
4.10507892e-07	1.820630e-13
4.10917800e-07	1.848949e-13
4.11328116e-07	1.876902e-13
4.11738843e-07	1.906640e-13
4.12149979e-07	1.935854e-13
4.12561526e-07	1.965988e-13
4.12973484e-07	1.996369e-13
4.13385854e-07	2.027143e-13
4.13798635e-07	2.058310e-13
4.14211828e-07	2.089907e-13
4.14625434e-07	2.121895e-13
4.15039453e-07	2.154581e-13
4.15453885e-07	2.187532e-13
4.15868731e-07	2.220989e-13
4.16283991e-07	2.255033e-13
4.16699666e-07	2.289407e-13
4.17115756e-07	2.324347e-13
4.17532262e-07	2.359703e-13
4.17949183e-07	2.395626e-13
4.18366521e-07	2.432022e-13
4.18784276e-07	2.468829e-13
4.19202447e-07	2.506309e-13
4.19621036e-07	2.544089e-13
4.20040044e-07	2.582804e-13
4.20459469e-07	2.621801e-13
4.20879314e-07	2.661218e-13
4.21299577e-07	2.701491e-13
4.21720260e-07	2.741625e-13
4.22141364e-07	2.782994e-13
4.22562887e-07	2.825162e-13
4.22984832e-07	2.866525e-13
4.23407198e-07	2.910294e-13
4.23829986e-07	2.953743e-13
4.24253196e-07	2.998059e-13
4.24676828e-07	3.043107e-13
4.25100884e-07	3.088477e-13
4.25525363e-07	3.134403e-13
4.25950266e-07	3.181217e-13
4.26375593e-07	3.228459e-13
4.26801345e-07	3.276541e-13
4.27227522e-07	3.325003e-13
4.27654124e-07	3.374360e-13
4.28081153e-07	3.424251e-13
4.28508608e-07	3.474985e-13
4.28936489e-07	3.525965e-13
4.29364798e-07	3.577839e-13
4.29793535e-07	3.631051e-13
4.30222700e-07	3.684539e-13
4.30652293e-07	3.738618e-13
4.31082315e-07	3.793532e-13
4.31512767e-07	3.849395e-13
4.31943648e-07	3.905773e-13
4.32374960e-07	3.962946e-13
4.32806703e-07	4.020788e-13
4.33238876e-07	4.079207e-13
4.33671481e-07	4.139077e-13
4.34104518e-07	4.199475e-13
4.34537988e-07	4.260294e-13
4.34971890e-07	4.322328e-13
4.35406226e-07	4.385354e-13
4.35840995e-07	4.448480e-13
4.36276198e-07	4.513408e-13
4.36711836e-07	4.578392e-13
4.37147909e-07	4.644733e-13
4.37584417e-07	4.712352e-13
4.38021362e-07	4.780320e-13
4.38458742e-07	4.848996e-13
4.38896560e-07	4.919085e-13
4.39334814e-07	4.989412e-13
4.39773506e-07	5.061206e-13
4.40212636e-07	5.134301e-13
4.40652205e-07	5.207935e-13
4.41092212e-07	5.282342e-13
4.41532659e-07	5.357867e-13
4.41973546e-07	5.434286e-13
4.42414873e-07	5.512102e-13
4.42856641e-07	5.589812e-13
4.43298849e-07	5.669245e-13
4.43741500e-07	5.750972e-13
4.44184592e-07	5.832700e-13
4.44628127e-07	5.915692e-13
4.45072105e-07	5.999549e-13
4.45516526e-07	6.084370e-13
4.45961390e-07	6.157366e-13
4.46406699e-07	6.258153e-13
4.46852453e-07	6.346610e-13
4.47298652e-07	6.435901e-13
4.47745296e-07	6.527164e-13
4.48192386e-07	6.619090e-13
4.48639923e-07	6.708544e-13
4.49087906e-07	6.805940e-13
4.49536337e-07	6.902342e-13
4.49985216e-07	6.998852e-13
4.50434543e-07	7.096898e-13
4.50884319e-07	7.195937e-13
4.51334543e-07	7.296665e-13
4.51785218e-07	7.398160e-13
4.52236342e-07	7.501162e-13
4.52687917e-07	7.606395e-13
4.53139942e-07	7.712191e-13
4.53592419e-07	7.819858e-13
4.54045348e-07	7.928040e-13
4.54498729e-07	8.035508e-13
4.54952563e-07	8.150235e-13
4.55406850e-07	8.263409e-13
4.55861591e-07	8.377234e-13
4.56316785e-07	8.493673e-13
4.56772435e-07	8.611391e-13
4.57228539e-07	8.729756e-13
4.57685098e-07	8.849753e-13
4.58142114e-07	8.971451e-13
4.58599586e-07	9.094939e-13
4.59057514e-07	9.219350e-13
4.59515900e-07	9.346991e-13
4.59974744e-07	9.475286e-13
4.60434046e-07	9.604275e-13
4.60893806e-07	9.735400e-13
4.61354026e-07	9.870094e-13
4.61814705e-07	1.000471e-12
4.62275844e-07	1.014112e-12
4.62737444e-07	1.027892e-12
4.63199504e-07	1.041926e-12
4.63662026e-07	1.056093e-12
4.64125010e-07	1.070396e-12
4.64588456e-07	1.084790e-12
4.65052364e-07	1.099525e-12
4.65516737e-07	1.114192e-12
4.65981572e-07	1.129740e-12
4.66446872e-07	1.144802e-12
4.66912637e-07	1.159853e-12
4.67378866e-07	1.176026e-12
4.67845561e-07	1.191463e-12
4.68312722e-07	1.207990e-12
4.68780350e-07	1.222901e-12
4.69248445e-07	1.240723e-12
4.69717007e-07	1.256927e-12
4.70186036e-07	1.274329e-12
4.70655535e-07	1.291123e-12
4.71125502e-07	1.306430e-12
4.71595938e-07	1.326168e-12
4.72066844e-07	1.343878e-12
4.72538220e-07	1.361644e-12
4.73010067e-07	1.379907e-12
4.73482385e-07	1.398405e-12
4.73955175e-07	1.415729e-12
4.74428437e-07	1.435763e-12
4.74902171e-07	1.454431e-12
4.75376378e-07	1.473564e-12
4.75851059e-07	1.492935e-12
4.76326214e-07	1.513544e-12
4.76801844e-07	1.533879e-12
4.77277948e-07	1.553331e-12
4.77754528e-07	1.573656e-12
4.78231583e-07	1.594992e-12
4.78709115e-07	1.616156e-12
4.79187124e-07	1.637311e-12
4.79665610e-07	1.658587e-12
4.80144574e-07	1.678821e-12
4.80624016e-07	1.702884e-12
4.81103937e-07	1.724874e-12
4.81584337e-07	1.747671e-12
4.82065217e-07	1.770151e-12
4.82546577e-07	1.794395e-12
4.83028417e-07	1.816225e-12
4.83510739e-07	1.835978e-12
4.83993543e-07	1.862206e-12
4.84476828e-07	1.885455e-12
4.84960596e-07	1.912004e-12
4.85444847e-07	1.937459e-12
4.85929582e-07	1.963993e-12
4.86414801e-07	1.989109e-12
4.86900504e-07	2.015016e-12
4.87386692e-07	2.041035e-12
4.87873366e-07	2.058716e-12
4.88360525e-07	2.095055e-12
4.88848171e-07	2.121011e-12
4.89336304e-07	2.148148e-12
4.89824925e-07	2.165688e-12
4.90314033e-07	2.204553e-12
4.90803630e-07	2.231612e-12
4.91293716e-07	2.262047e-12
4.91784291e-07	2.291407e-12
4.92275355e-07	2.320434e-12
4.92766911e-07	2.349529e-12
4.93258957e-07	2.381565e-12
4.93751494e-07	2.411508e-12
4.94244523e-07	2.438923e-12
4.94738045e-07	2.472550e-12
4.95232059e-07	2.504646e-12
4.95726566e-07	2.537114e-12
4.96221568e-07	2.568749e-12
4.96717063e-07	2.601197e-12
4.97213054e-07	2.632609e-12
4.97709539e-07	2.667676e-12
4.98206521e-07	2.702629e-12
4.98703999e-07	2.736012e-12
4.99201973e-07	2.769225e-12
4.99700445e-07	2.805452e-12
5.00199414e-07	2.842913e-12
5.00698882e-07	2.879918e-12
5.01198848e-07	2.913719e-12
5.01699314e-07	2.950995e-12
5.02200279e-07	2.986165e-12
5.02701745e-07	3.027054e-12
5.03203711e-07	3.060798e-12
5.03706178e-07	3.100774e-12
5.04209148e-07	3.143142e-12
5.04712619e-07	3.179992e-12
5.05216594e-07	3.222650e-12
5.05721071e-07	3.258737e-12
5.06226052e-07	3.303579e-12
5.06731538e-07	3.340301e-12
5.07237528e-07	3.383339e-12
5.07744023e-07	3.428851e-12
5.08251025e-07	3.466875e-12
5.08758532e-07	3.506820e-12
5.09266546e-07	3.558257e-12
5.09775068e-07	3.603166e-12
5.10284097e-07	3.645003e-12
5.10793635e-07	3.672136e-12
5.11303681e-07	3.733692e-12
5.11814237e-07	3.778762e-12
5.12325302e-07	3.813080e-12
5.12836878e-07	3.871046e-12
5.13348965e-07	3.916333e-12
5.13861563e-07	3.971380e-12
5.14374672e-07	4.016192e-12
5.14888295e-07	4.076588e-12
5.15402430e-07	4.125050e-12
5.15917078e-07	4.177121e-12
5.16432240e-07	4.226120e-12
5.16947917e-07	4.275965e-12
5.17464109e-07	4.330229e-12
5.17980816e-07	4.384628e-12
5.18498039e-07	4.443385e-12
5.19015778e-07	4.495324e-12
5.19534035e-07	4.554306e-12
5.20052809e-07	4.609879e-12
5.20572101e-07	4.660216e-12
5.21091911e-07	4.722058e-12
5.21612241e-07	4.777267e-12
5.22133090e-07	4.841552e-12
5.22654459e-07	4.896730e-12
5.23176349e-07	4.953286e-12
5.23698760e-07	5.017551e-12
5.24221693e-07	5.055683e-12
5.24745148e-07	5.135874e-12
5.25269125e-07	5.202924e-12
5.25793626e-07	5.267773e-12
5.26318650e-07	5.332799e-12
5.26844199e-07	5.388297e-12
5.27370272e-07	5.457492e-12
5.27896871e-07	5.500326e-12
5.28423996e-07	5.596726e-12
5.28951647e-07	5.661348e-12
5.29479824e-07	5.723072e-12
5.30008530e-07	5.800708e-12
5.30537763e-07	5.869336e-12
5.31067524e-07	5.935803e-12
5.31597815e-07	6.011456e-12
5.32128635e-07	6.085289e-12
5.32659985e-07	6.148789e-12
5.33191866e-07	6.225120e-12
5.33724278e-07	6.303034e-12
5.34257221e-07	6.374938e-12
5.34790697e-07	6.454125e-12
5.35324705e-07	6.533491e-12
5.35859247e-07	6.604886e-12
5.36394322e-07	6.667128e-12
5.36929932e-07	6.772721e-12
5.37466076e-07	6.848863e-12
5.38002756e-07	6.937034e-12
5.38539972e-07	7.009593e-12
5.39077724e-07	7.071819e-12
5.39616013e-07	7.119389e-12
5.40154839e-07	7.230823e-12
5.40694204e-07	7.331155e-12
5.41234107e-07	7.431194e-12
5.41774550e-07	7.495626e-12
5.42315532e-07	7.555597e-12
5.42857054e-07	7.661395e-12
5.43399117e-07	7.708248e-12
5.43941721e-07	7.782923e-12
5.44484867e-07	7.960009e-12
5.45028555e-07	8.053627e-12
5.45572786e-07	8.166525e-12
5.46117561e-07	8.230088e-12
5.46662879e-07	8.290927e-12
5.47208743e-07	8.434687e-12
5.47755151e-07	8.546638e-12
5.48302105e-07	8.621805e-12
5.48849605e-07	8.750416e-12
5.49397651e-07	8.853035e-12
5.49946245e-07	8.968063e-12
5.50495387e-07	9.038932e-12
5.51045077e-07	9.183295e-12
5.51595316e-07	9.228676e-12
5.52146104e-07	9.402592e-12
5.52697443e-07	9.440689e-12
5.53249331e-07	9.596330e-12
5.53801771e-07	9.612259e-12
5.54354763e-07	9.809406e-12
5.54908307e-07	9.957955e-12
5.55462403e-07	1.004892e-11
5.56017053e-07	1.016602e-11
5.56572257e-07	1.021671e-11
5.57128015e-07	1.037011e-11
5.57684328e-07	1.048828e-11
5.58241196e-07	1.066497e-11
5.58798621e-07	1.079725e-11
5.59356602e-07	1.090891e-11
5.59915140e-07	1.103325e-11
5.60474236e-07	1.113518e-11
5.61033890e-07	1.128151e-11
5.61594104e-07	1.138916e-11
5.62154876e-07	1.156733e-11
5.62716209e-07	1.166985e-11
5.63278102e-07	1.181847e-11
5.63840556e-07	1.192261e-11
5.64403571e-07	1.207713e-11
5.64967149e-07	1.223898e-11
5.65531290e-07	1.234636e-11
5.66095994e-07	1.244182e-11
5.66661262e-07	1.263647e-11
5.67227094e-07	1.274141e-11
5.67793491e-07	1.280296e-11
5.68360454e-07	1.257904e-11
5.68927983e-07	1.307978e-11
5.69496079e-07	1.327849e-11
5.70064741e-07	1.342113e-11
5.70633972e-07	1.354184e-11
5.71203771e-07	1.365635e-11
5.71774140e-07	1.373479e-11
5.72345077e-07	1.395182e-11
5.72916585e-07	1.426808e-11
5.73488663e-07	1.443396e-11
5.74061313e-07	1.454623e-11
5.74634535e-07	1.462286e-11
5.75208328e-07	1.478144e-11
5.75782695e-07	1.505678e-11
5.76357636e-07	1.515699e-11
5.76933150e-07	1.540545e-11
5.77509239e-07	1.553738e-11
5.78085904e-07	1.550047e-11
5.78663144e-07	1.581991e-11
5.79240960e-07	1.586168e-11
5.79819354e-07	1.623462e-11
5.80398325e-07	1.615469e-11
5.80977874e-07	1.655178e-11
5.81558002e-07	1.644291e-11
5.82138709e-07	1.704104e-11
5.82719997e-07	1.710307e-11
5.83301864e-07	1.735258e-11
5.83884313e-07	1.730065e-11
5.84467343e-07	1.753022e-11
5.85050955e-07	1.777492e-11
5.85635150e-07	1.808177e-11
5.86219928e-07	1.802334e-11
5.86805291e-07	1.779686e-11
5.87391238e-07	1.857758e-11
5.87977770e-07	1.867753e-11
5.88564887e-07	1.885207e-11
5.89152591e-07	1.770010e-11
5.89740882e-07	1.883599e-11
5.90329760e-07	1.862393e-11
5.90919226e-07	1.955061e-11
5.91509281e-07	1.991523e-11
5.92099925e-07	1.956631e-11
5.92691158e-07	2.018441e-11
5.93282982e-07	2.039378e-11
5.93875397e-07	2.055583e-11
5.94468404e-07	2.073427e-11
5.95062003e-07	2.088146e-11
5.95656194e-07	2.142315e-11
5.96250979e-07	2.152776e-11
5.96846358e-07	2.094210e-11
5.97442331e-07	2.193171e-11
5.98038899e-07	2.208558e-11
5.98636063e-07	2.263069e-11
5.99233823e-07	2.235057e-11
5.99832181e-07	2.300830e-11
6.00431135e-07	2.157090e-11
6.01030688e-07	2.339521e-11
6.01630839e-07	2.348843e-11
6.02231590e-07	2.358988e-11
6.02832941e-07	2.430126e-11
6.03434892e-07	2.466432e-11
6.04037444e-07	2.425976e-11
6.04640598e-07	2.427722e-11
6.05244354e-07	2.494177e-11
6.05848713e-07	2.519021e-11
6.06453675e-07	2.549179e-11
6.07059241e-07	2.613424e-11
6.07665413e-07	2.626340e-11
6.08272189e-07	2.688324e-11
6.08879571e-07	2.737834e-11
6.09487560e-07	2.752587e-11
6.10096156e-07	2.795964e-11
6.10705360e-07	2.762028e-11
6.11315172e-07	2.852673e-11
6.11925592e-07	2.880443e-11
6.12536623e-07	2.877317e-11
6.13148263e-07	2.956131e-11
6.13760515e-07	2.958209e-11
6.14373377e-07	2.924345e-11
6.14986852e-07	3.026307e-11
6.15600939e-07	3.072520e-11
6.16215639e-07	3.081340e-11
6.16830953e-07	3.046762e-11
6.17446882e-07	3.152211e-11
6.18063426e-07	3.186252e-11
6.18680585e-07	3.238494e-11
6.19298360e-07	3.229505e-11
6.19916753e-07	3.242690e-11
6.20535763e-07	3.320198e-11
6.21155390e-07	3.319831e-11
6.21775637e-07	3.430295e-11
6.22396503e-07	3.436441e-11
6.23017989e-07	3.494311e-11
6.23640096e-07	3.471460e-11
6.24262823e-07	3.532220e-11
6.24886173e-07	3.568675e-11
6.25510145e-07	3.624979e-11
6.26134740e-07	3.567972e-11
6.26759959e-07	3.605608e-11
6.27385802e-07	3.676726e-11
6.28012270e-07	3.669063e-11
6.28639363e-07	3.725371e-11
6.29267083e-07	3.877114e-11
6.29895429e-07	3.855384e-11
6.30524403e-07	3.846068e-11
6.31154005e-07	3.900065e-11
6.31784236e-07	3.931449e-11
6.32415096e-07	3.900664e-11
6.33046586e-07	3.874353e-11
6.33678706e-07	4.136191e-11
6.34311458e-07	4.166670e-11
6.34944842e-07	4.178188e-11
6.35578858e-07	4.254719e-11
6.36213507e-07	4.316147e-11
6.36848789e-07	4.336706e-11
6.37484706e-07	4.256137e-11
6.38121259e-07	4.342460e-11
6.38758446e-07	4.355604e-11
6.39396270e-07	4.496922e-11
6.40034731e-07	4.529907e-11
6.40673830e-07	4.539039e-11
6.41313566e-07	4.550963e-11
6.41953941e-07	4.623859e-11
6.42594956e-07	4.699043e-11
6.43236611e-07	4.609109e-11
6.43878907e-07	4.676556e-11
6.44521844e-07	4.522739e-11
6.45165423e-07	4.764444e-11
6.45809644e-07	4.828512e-11
6.46454509e-07	4.801550e-11
6.47100018e-07	4.653082e-11
6.47746171e-07	4.659837e-11
6.48392970e-07	4.872825e-11
6.49040414e-07	5.098030e-11
6.49688505e-07	5.036641e-11
6.50337243e-07	5.197900e-11
6.50986629e-07	5.188747e-11
6.51636663e-07	4.871640e-11
6.52287347e-07	5.054413e-11
6.52938680e-07	5.093740e-11
6.53590663e-07	5.283941e-11
6.54243298e-07	5.345146e-11
6.54896584e-07	5.477573e-11
6.55550522e-07	5.441199e-11
6.56205114e-07	5.276150e-11
6.56860359e-07	5.385477e-11
6.57516258e-07	5.240268e-11
6.58172813e-07	5.656028e-11
6.58830023e-07	4.265900e-11
6.59487889e-07	5.315098e-11
6.60146412e-07	5.716628e-11
6.60805592e-07	6.030041e-11
6.61465431e-07	5.872378e-11
6.62125929e-07	6.065620e-11
6.62787086e-07	4.347428e-11
6.63448904e-07	5.270902e-11
6.64111382e-07	6.202638e-11
6.64774522e-07	5.794619e-11
6.65438324e-07	6.218489e-11
6.66102789e-07	6.334669e-11
6.66767917e-07	6.154471e-11
6.67433710e-07	6.146763e-11
6.68100167e-07	6.412478e-11
6.68767290e-07	6.563928e-11
6.69435079e-07	6.661848e-11
6.70103534e-07	6.757457e-11
6.70772657e-07	6.547591e-11
6.71442449e-07	6.945923e-11
6.72112909e-07	6.766297e-11
6.72784039e-07	7.059439e-11
6.73455838e-07	7.120994e-11
6.74128309e-07	6.657906e-11
6.74801451e-07	6.661807e-11
6.75475265e-07	7.081819e-11
6.76149752e-07	7.406321e-11
6.76824913e-07	6.967306e-11
6.77500748e-07	7.368743e-11
6.78177257e-07	7.477635e-11
6.78854443e-07	7.462216e-11
6.79532304e-07	7.498159e-11
6.80210842e-07	7.677488e-11
6.80890058e-07	7.762671e-11
6.81569952e-07	7.589800e-11
6.82250525e-07	7.687895e-11
6.82931777e-07	8.085139e-11
6.83613710e-07	8.017475e-11
6.84296323e-07	8.112467e-11
6.84979619e-07	8.256740e-11
6.85663596e-07	8.130077e-11
6.86348257e-07	8.336691e-11
6.87033601e-07	8.410885e-11
6.87719629e-07	6.412955e-11
6.88406343e-07	8.005771e-11
6.89093742e-07	8.403299e-11
6.89781828e-07	8.353747e-11
6.90470600e-07	8.169834e-11
6.91160061e-07	7.797260e-11
6.91850210e-07	7.555714e-11
6.92541048e-07	6.426714e-11
6.93232576e-07	7.609062e-11
6.93924794e-07	8.082418e-11
6.94617704e-07	7.956336e-11
6.95311305e-07	8.189955e-11
6.96005599e-07	8.320492e-11
6.96700587e-07	8.337241e-11
6.97396268e-07	8.526095e-11
6.98092644e-07	8.714003e-11
6.98789716e-07	8.974224e-11
6.99487483e-07	9.124813e-11
7.00185947e-07	8.618624e-11
7.00885109e-07	8.749307e-11
7.01584968e-07	9.258797e-11
7.02285527e-07	9.030799e-11
7.02986785e-07	8.429625e-11
7.03688744e-07	9.085602e-11
7.04391403e-07	8.873531e-11
7.05094764e-07	8.737547e-11
7.05798827e-07	9.760490e-11
7.06503593e-07	9.616138e-11
7.07209063e-07	8.485226e-11
7.07915238e-07	9.584026e-11
7.08622117e-07	9.493475e-11
7.09329703e-07	8.482843e-11
7.10037995e-07	9.480722e-11
7.10746994e-07	8.940680e-11
7.11456701e-07	9.900842e-11
7.12167117e-07	8.571020e-11
7.12878242e-07	9.482571e-11
7.13590078e-07	9.453161e-11
7.14302624e-07	8.623570e-11
7.15015881e-07	9.387996e-11
7.15729851e-07	8.799734e-11
7.16444534e-07	8.478454e-11
7.17159931e-07	9.012493e-11
7.17876041e-07	8.765089e-11
7.18592867e-07	8.982785e-11
7.19310409e-07	8.915984e-11
7.20028667e-07	9.057962e-11
7.20747642e-07	8.728454e-11
7.21467335e-07	8.293219e-11
7.22187747e-07	9.280936e-11
7.22908878e-07	9.397295e-11
7.23630730e-07	8.098738e-11
7.24353302e-07	8.936812e-11
7.25076595e-07	9.407959e-11
7.25800611e-07	9.083147e-11
7.26525350e-07	9.256370e-11
7.27250813e-07	9.502396e-11
7.27976999e-07	1.001743e-10
7.28703911e-07	9.916838e-11
7.29431549e-07	9.356207e-11
7.30159914e-07	8.965464e-11
7.30889005e-07	9.190186e-11
7.31618825e-07	1.041047e-10
7.32349374e-07	9.340824e-11
7.33080652e-07	1.028353e-10
7.33812660e-07	1.044987e-10
7.34545399e-07	1.051968e-10
7.35278870e-07	1.044878e-10
7.36013073e-07	1.031773e-10
7.36748009e-07	8.811459e-11
7.37483680e-07	1.052163e-10
7.38220084e-07	1.036009e-10
7.38957224e-07	1.087897e-10
7.39695101e-07	1.177031e-10
7.40433714e-07	1.042194e-10
7.41173064e-07	1.077693e-10
7.41913153e-07	9.451560e-11
7.42653981e-07	1.119457e-10
7.43395548e-07	1.173550e-10
7.44137856e-07	6.554375e-11
7.44880905e-07	1.174015e-10
7.45624697e-07	8.861948e-11
7.46369230e-07	1.115208e-10
7.47114508e-07	1.074299e-10
7.47860529e-07	1.209468e-10
7.48607296e-07	1.146006e-10
7.49354808e-07	1.238491e-10
7.50103066e-07	1.228111e-10
7.50852072e-07	1.099746e-10
7.51601826e-07	1.156713e-10
7.52352328e-07	1.187324e-10
7.53103580e-07	1.162833e-10
7.53855582e-07	1.232143e-10
7.54608334e-07	1.276162e-10
7.55361839e-07	1.269818e-10
7.56116095e-07	1.270558e-10
7.56871105e-07	1.253152e-10
7.57626869e-07	1.298778e-10
7.58383388e-07	1.321412e-10
7.59140662e-07	1.247572e-10
7.59898692e-07	1.325287e-10
7.60657479e-07	1.302747e-10
7.61417023e-07	1.377249e-10
7.62177326e-07	1.419211e-10
7.62938389e-07	1.458124e-10
7.63700211e-07	1.472887e-10
7.64462794e-07	1.461133e-10
7.65226138e-07	1.371363e-10
7.65990245e-07	1.473432e-10
7.66755115e-07	1.484172e-10
7.67520748e-07	1.458902e-10
7.68287146e-07	1.532571e-10
7.69054309e-07	1.475500e-10
7.69822238e-07	1.438497e-10
7.70590934e-07	1.399061e-10
7.71360398e-07	1.505384e-10
7.72130630e-07	1.439562e-10
7.72901631e-07	1.616837e-10
7.73673402e-07	1.544155e-10
7.74445944e-07	1.600302e-10
7.75219257e-07	1.590674e-10
7.75993342e-07	1.631400e-10
7.76768200e-07	1.616281e-10
7.77543832e-07	1.576804e-10
7.78320238e-07	1.644851e-10
7.79097420e-07	1.530804e-10
7.79875377e-07	1.656246e-10
7.80654112e-07	1.708814e-10
7.81433624e-07	1.693373e-10
7.82213914e-07	1.717607e-10
7.82994984e-07	1.732417e-10
7.83776833e-07	1.619454e-10
7.84559463e-07	1.686317e-10
7.85342875e-07	1.731841e-10
7.86127069e-07	1.766377e-10
7.86912046e-07	1.642756e-10
7.87697807e-07	1.783522e-10
7.88484352e-07	1.747363e-10
7.89271683e-07	1.749295e-10
7.90059800e-07	1.767238e-10
7.90848704e-07	1.839179e-10
7.91638396e-07	1.851882e-10
7.92428876e-07	1.875686e-10
7.93220146e-07	1.881789e-10
7.94012205e-07	1.899971e-10
7.94805056e-07	1.887485e-10
7.95598698e-07	1.911977e-10
7.96393133e-07	1.862794e-10
7.97188361e-07	1.975593e-10
7.97984383e-07	1.919026e-10
7.98781200e-07	1.941455e-10
7.99578813e-07	1.955989e-10
8.00377222e-07	1.902311e-10
8.01176428e-07	1.986371e-10
8.01976433e-07	1.988149e-10
8.02777236e-07	2.004858e-10
8.03578839e-07	1.791093e-10
8.04381242e-07	1.907516e-10
8.05184446e-07	2.000572e-10
8.05988453e-07	1.886008e-10
8.06793262e-07	1.640614e-10
8.07598875e-07	1.548029e-10
8.08405293e-07	1.836758e-10
8.09212515e-07	1.720732e-10
8.10020544e-07	1.764921e-10
8.10829379e-07	1.719636e-10
8.11639023e-07	1.665024e-10
8.12449474e-07	1.587544e-10
8.13260735e-07	1.639157e-10
8.14072806e-07	1.892207e-10
8.14885688e-07	1.540414e-10
8.15699382e-07	1.602787e-10
8.16513888e-07	1.949742e-10
8.17329207e-07	1.971291e-10
8.18145341e-07	1.955521e-10
8.18962289e-07	1.921853e-10
8.19780053e-07	1.889860e-10
8.20598634e-07	1.894018e-10
8.21418032e-07	2.039485e-10
8.22238248e-07	2.095787e-10
8.23059284e-07	8.131081e-11
8.23881139e-07	1.960512e-10
8.24703815e-07	1.835771e-10
8.25527312e-07	2.067054e-10
8.26351632e-07	1.986000e-10
8.27176774e-07	2.098652e-10
8.28002741e-07	2.308103e-10
8.28829533e-07	1.887236e-10
8.29657150e-07	1.773779e-10
8.30485593e-07	2.231506e-10
8.31314864e-07	2.045398e-10
8.32144962e-07	2.353705e-10
8.32975890e-07	2.385504e-10
8.33807647e-07	2.211683e-10
8.34640235e-07	1.833077e-10
8.35473654e-07	1.560438e-10
8.36307906e-07	2.074279e-10
8.37142990e-07	2.150426e-10
8.37978908e-07	2.227400e-10
8.38815661e-07	1.947616e-10
8.39653250e-07	2.251097e-10
8.40491675e-07	2.059660e-10
8.41330937e-07	2.203849e-10
8.42171037e-07	2.227178e-10
8.43011976e-07	2.212519e-10
8.43853755e-07	2.289617e-10
8.44696374e-07	2.434997e-10
8.45539834e-07	2.303028e-10
8.46384137e-07	1.814924e-10
8.47229283e-07	2.354846e-10
8.48075273e-07	2.373425e-10
8.48922108e-07	2.479687e-10
8.49769788e-07	2.515687e-10
8.50618314e-07	2.439807e-10
8.51467688e-07	2.502478e-10
8.52317910e-07	2.504856e-10
8.53168981e-07	2.593394e-10
8.54020902e-07	2.612346e-10
8.54873674e-07	2.456470e-10
8.55727297e-07	2.241432e-10
8.56581772e-07	2.366885e-10
8.57437101e-07	2.529738e-10
8.58293284e-07	2.541189e-10
8.59150321e-07	2.702156e-10
8.60008215e-07	2.463549e-10
8.60866965e-07	2.745288e-10
8.61726572e-07	2.753447e-10
8.62587038e-07	2.719303e-10
8.63448363e-07	2.770188e-10
8.64310548e-07	2.829317e-10
8.65173595e-07	2.809736e-10
8.66037502e-07	2.795699e-10
8.66902273e-07	3.003122e-10
8.67767907e-07	2.795969e-10
8.68634405e-07	3.131894e-10
8.69501769e-07	2.846502e-10
8.70369999e-07	2.841836e-10
8.71239096e-07	2.481198e-10
8.72109060e-07	3.148370e-10
8.72979893e-07	3.127638e-10
8.73851596e-07	3.241239e-10
8.74724169e-07	3.173589e-10
8.75597614e-07	3.063360e-10
8.76471930e-07	3.208893e-10
8.77347120e-07	3.418110e-10
8.78223184e-07	3.067395e-10
8.79100122e-07	3.328161e-10
8.79977936e-07	3.368005e-10
8.80856627e-07	3.203565e-10
8.81736195e-07	3.222341e-10
8.82616641e-07	3.233325e-10
8.83497966e-07	3.071610e-10
8.84380172e-07	3.209149e-10
8.85263258e-07	3.393262e-10
8.86147226e-07	3.160305e-10
8.87032077e-07	3.047753e-10
8.87917812e-07	3.223637e-10
8.88804430e-07	3.145595e-10
8.89691935e-07	3.212147e-10
8.90580325e-07	3.314614e-10
8.91469602e-07	2.924110e-10
8.92359768e-07	2.967099e-10
8.93250822e-07	2.987278e-10
8.94142766e-07	3.259899e-10
8.95035601e-07	3.121063e-10
8.95929327e-07	3.069322e-10
8.96823946e-07	3.033389e-10
8.97719458e-07	2.155196e-10
8.98615864e-07	3.267483e-10
8.99513165e-07	3.338713e-10
9.00411362e-07	3.475873e-10
9.01310456e-07	3.432197e-10
9.02210448e-07	3.552200e-10
9.03111339e-07	3.251850e-10
9.04013129e-07	3.271608e-10
9.04915820e-07	3.436050e-10
9.05819412e-07	3.339276e-10
9.06723906e-07	3.697460e-10
9.07629303e-07	3.157814e-10
9.08535605e-07	3.831430e-10
9.09442811e-07	3.294187e-10
9.10350924e-07	3.667750e-10
9.11259943e-07	3.779984e-10
9.12169869e-07	3.543034e-10
9.13080705e-07	2.867131e-10
9.13992450e-07	3.721966e-10
9.14905105e-07	3.814199e-10
9.15818672e-07	1.537327e-10
9.16733151e-07	3.036614e-10
9.17648543e-07	2.616285e-10
9.18564849e-07	3.514547e-10
9.19482070e-07	3.155307e-10
9.20400207e-07	3.152631e-10
9.21319260e-07	3.195124e-10
9.22239232e-07	3.265157e-10
9.23160122e-07	2.485839e-10
9.24081931e-07	2.815407e-10
9.25004661e-07	3.806578e-10
9.25928313e-07	1.452724e-10
9.26852887e-07	3.377522e-10
9.27778384e-07	2.857986e-10
9.28704805e-07	1.345539e-10
9.29632151e-07	2.651868e-10
9.30560423e-07	3.512850e-10
9.31489622e-07	3.619181e-10
9.32419749e-07	1.587448e-10
9.33350805e-07	1.711864e-10
9.34282790e-07	2.743520e-10
9.35215706e-07	3.233971e-10
9.36149554e-07	3.261967e-10
9.37084334e-07	3.569030e-10
9.38020047e-07	1.006206e-10
9.38956695e-07	2.051026e-10
9.39894278e-07	3.057599e-10
9.40832797e-07	3.744827e-10
9.41772253e-07	1.439316e-10
9.42712648e-07	2.726172e-10
9.43653981e-07	2.014315e-10
9.44596255e-07	2.374972e-10
9.45539469e-07	3.389161e-10
9.46483625e-07	3.602757e-10
9.47428724e-07	2.511707e-10
9.48374767e-07	3.299554e-10
9.49321755e-07	3.177266e-10
9.50269687e-07	3.292072e-10
9.51218567e-07	3.696158e-10
9.52168394e-07	3.094893e-10
9.53119169e-07	2.944724e-10
9.54070894e-07	3.887466e-10
9.55023569e-07	3.763194e-10
9.55977196e-07	2.929286e-10
9.56931774e-07	1.944111e-10
9.57887306e-07	3.717542e-10
9.58843792e-07	3.749919e-10
9.59801233e-07	2.970070e-10
9.60759630e-07	2.247238e-10
9.61718984e-07	3.639422e-10
9.62679296e-07	2.139697e-10
9.63640567e-07	1.800893e-10
9.64602798e-07	3.854704e-10
9.65565990e-07	3.492059e-10
9.66530143e-07	3.971529e-10
9.67495259e-07	3.537355e-10
9.68461339e-07	2.551317e-10
9.69428384e-07	2.986613e-10
9.70396394e-07	4.293349e-10
9.71365371e-07	4.108675e-10
9.72335315e-07	3.913599e-10
9.73306228e-07	3.413496e-10
9.74278110e-07	2.014256e-10
9.75250963e-07	2.651534e-10
9.76224787e-07	4.166886e-10
9.77199584e-07	3.800913e-10
9.78175354e-07	3.672372e-10
9.79152098e-07	3.572894e-10
9.80129818e-07	4.353313e-10
9.81108514e-07	3.989506e-10
9.82088187e-07	3.922526e-10
9.83068838e-07	3.998843e-10
9.84050469e-07	3.803712e-10
9.85033080e-07	3.403559e-10
9.86016672e-07	3.646890e-10
9.87001246e-07	4.232558e-10
9.87986804e-07	3.629602e-10
9.88973345e-07	4.103594e-10
9.89960871e-07	3.986923e-10
9.90949384e-07	4.175024e-10
9.91938884e-07	4.076208e-10
9.92929371e-07	4.284725e-10
9.93920848e-07	4.688199e-10
9.94913315e-07	4.426273e-10
9.95906773e-07	4.177274e-10
9.96901223e-07	4.169916e-10
9.97896665e-07	4.742650e-10
9.98893102e-07	4.801031e-10
9.99890534e-07	4.786796e-10
1.00088896e-06	3.801726e-10
1.00188839e-06	3.885876e-10
1.00288881e-06	4.570430e-10
1.00389023e-06	4.942776e-10
1.00489265e-06	4.621238e-10
1.00589607e-06	4.509321e-10
1.00690050e-06	5.023473e-10
1.00790593e-06	4.839485e-10
1.00891236e-06	5.099342e-10
1.00991979e-06	5.155332e-10
1.01092824e-06	4.383559e-10
1.01193769e-06	5.085465e-10
1.01294814e-06	4.886359e-10
1.01395961e-06	5.104974e-10
1.01497209e-06	5.240658e-10
1.01598557e-06	5.211397e-10
1.01700007e-06	5.170570e-10
1.01801558e-06	5.169411e-10
1.01903211e-06	5.452382e-10
1.02004965e-06	4.563646e-10
1.02106821e-06	5.470096e-10
1.02208778e-06	5.516778e-10
1.02310838e-06	5.119553e-10
1.02412999e-06	5.342456e-10
1.02515262e-06	5.510522e-10
1.02617627e-06	5.261187e-10
1.02720095e-06	5.603902e-10
1.02822665e-06	5.475354e-10
1.02925337e-06	5.507179e-10
1.03028112e-06	5.498802e-10
1.03130989e-06	5.716617e-10
1.03233969e-06	5.622177e-10
1.03337052e-06	5.747107e-10
1.03440238e-06	5.955092e-10
1.03543527e-06	5.891226e-10
1.03646919e-06	5.985392e-10
1.03750414e-06	5.702473e-10
1.03854013e-06	5.899322e-10
1.03957715e-06	5.998367e-10
1.04061521e-06	6.064512e-10
1.04165430e-06	5.886284e-10
1.04269443e-06	5.873031e-10
1.04373560e-06	5.997020e-10
1.04477781e-06	5.984285e-10
1.04582106e-06	6.147831e-10
1.04686535e-06	5.679776e-10
1.04791068e-06	5.902138e-10
1.04895706e-06	6.120910e-10
1.05000448e-06	6.036481e-10
1.05105295e-06	6.011712e-10
1.05210246e-06	6.113194e-10
1.05315303e-06	6.455688e-10
1.05420464e-06	6.467901e-10
1.05525730e-06	6.555251e-10
1.05631102e-06	6.431134e-10
1.05736578e-06	6.554409e-10
1.05842160e-06	6.617532e-10
1.05947847e-06	6.320582e-10
1.06053640e-06	6.347105e-10
1.06159539e-06	6.620281e-10
1.06265543e-06	6.638879e-10
1.06371653e-06	6.605055e-10
1.06477869e-06	6.773046e-10
1.06584191e-06	6.625809e-10
1.06690619e-06	6.560034e-10
1.06797154e-06	6.746429e-10
1.06903795e-06	6.393741e-10
1.07010542e-06	6.844783e-10
1.07117396e-06	6.536519e-10
1.07224357e-06	6.964415e-10
1.07331424e-06	6.950048e-10
1.07438599e-06	7.127430e-10
1.07545880e-06	7.051228e-10
1.07653269e-06	6.714698e-10
1.07760765e-06	6.798427e-10
1.07868368e-06	5.668134e-10
1.07976078e-06	6.878484e-10
1.08083896e-06	7.087173e-10
1.08191822e-06	7.043438e-10
1.08299856e-06	7.220735e-10
1.08407997e-06	7.186107e-10
1.08516247e-06	7.043321e-10
1.08624604e-06	6.767912e-10
1.08733070e-06	6.778034e-10
1.08841644e-06	7.019585e-10
1.08950326e-06	6.604543e-10
1.09059117e-06	7.048191e-10
1.09168017e-06	4.719617e-10
1.09277025e-06	4.765378e-10
1.09386142e-06	4.964599e-10
1.09495368e-06	4.991958e-10
1.09604703e-06	3.617122e-10
1.09714148e-06	5.374716e-10
1.09823701e-06	6.632890e-10
1.09933364e-06	6.691336e-10
1.10043137e-06	4.999725e-10
1.10153019e-06	5.402463e-10
1.10263011e-06	5.660557e-10
1.10373113e-06	7.258865e-10
1.10483324e-06	6.221602e-10
1.10593646e-06	4.941442e-10
1.10704078e-06	6.531825e-10
1.10814620e-06	6.152095e-10
1.10925273e-06	5.942223e-10
1.11036036e-06	2.748020e-10
1.11146909e-06	6.124294e-10
1.11257893e-06	6.451705e-10
1.11368989e-06	6.359980e-10
1.11480195e-06	3.207406e-10
1.11591512e-06	6.614392e-10
1.11702940e-06	4.355236e-10
1.11814480e-06	6.641356e-10
1.11926130e-06	3.544845e-10
1.12037893e-06	2.228113e-10
1.12149767e-06	6.908499e-10
1.12261752e-06	6.971804e-10
1.12373850e-06	6.578978e-10
1.12486059e-06	6.500978e-10
1.12598381e-06	6.594549e-10
1.12710815e-06	6.825656e-10
1.12823361e-06	3.532217e-10
1.12936019e-06	2.996543e-10
1.13048790e-06	6.519203e-10
1.13161673e-06	5.209694e-10
1.13274669e-06	7.409348e-10
1.13387778e-06	7.170602e-10
1.13501000e-06	5.816741e-10
1.13614335e-06	6.184177e-10
1.13727783e-06	6.523479e-10
1.13841345e-06	7.572513e-10
1.13955019e-06	7.541378e-10
1.14068808e-06	7.124592e-10
1.14182710e-06	5.627870e-10
1.14296725e-06	6.259686e-10
1.14410855e-06	3.508445e-10
1.14525098e-06	6.633891e-10
1.14639456e-06	4.687837e-10
1.14753928e-06	6.125224e-10
1.14868514e-06	4.904999e-10
1.14983214e-06	3.699575e-10
1.15098029e-06	5.427431e-10
1.15212959e-06	7.610187e-10
1.15328003e-06	4.025287e-10
1.15443162e-06	4.893530e-10
1.15558437e-06	5.574499e-10
1.15673826e-06	7.366282e-10
1.15789331e-06	5.765775e-10
1.15904951e-06	7.043584e-10
1.16020686e-06	6.557788e-10
1.16136537e-06	6.623735e-10
1.16252504e-06	2.641449e-10
1.16368586e-06	2.691691e-10
1.16484784e-06	5.595762e-10
1.16601099e-06	7.058577e-10
1.16717529e-06	5.886720e-10
1.16834076e-06	2.954678e-10
1.16950739e-06	3.236038e-10
1.17067519e-06	5.346364e-10
1.17184415e-06	7.720651e-10
1.17301428e-06	6.911075e-10
1.17418558e-06	6.541437e-10
1.17535805e-06	7.452881e-10
1.17653168e-06	5.988839e-10
1.17770650e-06	5.892251e-10
1.17888248e-06	5.160576e-10
1.18005964e-06	4.921965e-10
1.18123797e-06	6.724049e-10
1.18241748e-06	2.903058e-10
1.18359817e-06	5.647796e-10
1.18478003e-06	6.383726e-10
1.18596308e-06	3.845980e-10
1.18714731e-06	8.633021e-10
1.18833272e-06	7.741108e-10
1.18951931e-06	5.354272e-10
1.19070709e-06	5.863294e-10
1.19189606e-06	7.224444e-10
1.19308621e-06	8.602810e-10
1.19427755e-06	7.697676e-10
1.19547008e-06	8.742716e-10
1.19666380e-06	8.366732e-10
1.19785872e-06	8.280458e-10
1.19905482e-06	6.190407e-10
1.20025212e-06	8.999236e-10
1.20145062e-06	8.515492e-10
1.20265031e-06	8.204830e-10
1.20385120e-06	9.591833e-10
1.20505329e-06	7.908450e-10
1.20625658e-06	7.714538e-10
1.20746108e-06	8.955488e-10
1.20866677e-06	9.082707e-10
1.20987367e-06	5.798553e-10
1.21108177e-06	8.817804e-10
1.21229108e-06	7.751042e-10
1.21350160e-06	8.866348e-10
1.21471333e-06	9.393306e-10
1.21592626e-06	7.587798e-10
1.21714041e-06	9.054401e-10
1.21835577e-06	9.459961e-10
1.21957234e-06	1.020302e-09
1.22079013e-06	8.086248e-10
1.22200914e-06	9.710151e-10
1.22322936e-06	8.814812e-10
1.22445080e-06	9.823631e-10
1.22567346e-06	9.159117e-10
1.22689734e-06	9.198975e-10
1.22812244e-06	9.680813e-10
1.22934876e-06	8.948466e-10
1.23057631e-06	8.684947e-10
1.23180509e-06	8.144945e-10
1.23303509e-06	9.876437e-10
1.23426633e-06	9.227577e-10
1.23549879e-06	9.283635e-10
1.23673248e-06	8.583436e-10
1.23796740e-06	9.837951e-10
1.23920356e-06	1.025763e-09
1.24044095e-06	9.652951e-10
1.24167957e-06	1.057263e-09
1.24291944e-06	9.409249e-10
1.24416054e-06	9.916176e-10
1.24540288e-06	1.096957e-09
1.24664646e-06	1.094234e-09
1.24789128e-06	1.088392e-09
1.24913735e-06	1.099998e-09
1.25038466e-06	1.122908e-09
1.25163321e-06	1.091478e-09
1.25288301e-06	1.129990e-09
1.25413407e-06	1.122901e-09
1.25538636e-06	9.366703e-10
1.25663991e-06	1.111468e-09
1.25789472e-06	1.054410e-09
1.25915077e-06	1.159229e-09
1.26040808e-06	9.873181e-10
1.26166664e-06	1.121805e-09
1.26292646e-06	1.176061e-09
1.26418754e-06	1.156880e-09
1.26544988e-06	1.150015e-09
1.26671348e-06	1.187175e-09
1.26797834e-06	1.211763e-09
1.26924446e-06	1.148958e-09
1.27051185e-06	7.639679e-10
1.27178050e-06	1.205034e-09
1.27305042e-06	1.115926e-09
1.27432161e-06	1.249099e-09
1.27559407e-06	1.184918e-09
1.27686780e-06	1.144503e-09
1.27814280e-06	1.219595e-09
1.27941907e-06	1.115648e-09
1.28069662e-06	1.141002e-09
1.28197544e-06	1.111753e-09
1.28325554e-06	8.138664e-10
1.28453692e-06	1.140870e-09
1.28581958e-06	1.210135e-09
1.28710351e-06	1.249978e-09
1.28838874e-06	1.219925e-09
1.28967524e-06	1.010729e-09
1.29096303e-06	1.218326e-09
1.29225210e-06	1.204251e-09
1.29354246e-06	1.292594e-09
1.29483411e-06	1.058734e-09
1.29612705e-06	1.211290e-09
1.29742128e-06	1.180824e-09
1.29871681e-06	1.272383e-09
1.30001362e-06	1.321440e-09
1.30131174e-06	1.185413e-09
1.30261114e-06	1.188316e-09
1.30391185e-06	1.189730e-09
1.30521385e-06	1.246771e-09
1.30651716e-06	1.182441e-09
1.30782176e-06	1.183474e-09
1.30912767e-06	6.267211e-10
1.31043489e-06	9.745442e-10
1.31174340e-06	8.200308e-10
1.31305323e-06	1.252877e-09
1.31436436e-06	1.170299e-09
1.31567680e-06	1.250291e-09
1.31699055e-06	9.263906e-10
1.31830562e-06	1.169627e-09
1.31962199e-06	1.090543e-09
1.32093969e-06	1.074204e-09
1.32225869e-06	1.193808e-09
1.32357902e-06	1.174868e-09
1.32490066e-06	1.147291e-09
1.32622362e-06	8.703058e-10
1.32754791e-06	1.351770e-09
1.32887351e-06	8.741444e-10
1.33020044e-06	7.478472e-10
1.33152870e-06	1.185704e-09
1.33285828e-06	6.585089e-10
1.33418918e-06	9.176580e-10
1.33552142e-06	9.217659e-10
1.33685499e-06	7.003909e-10
1.33818989e-06	6.397775e-10
1.33952612e-06	8.872165e-10
1.34086369e-06	9.172646e-10
1.34220259e-06	1.127647e-09
1.34354283e-06	4.890446e-10
1.34488441e-06	4.007388e-10
1.34622732e-06	9.672642e-10
1.34757158e-06	6.172082e-10
1.34891718e-06	7.546938e-10
1.35026412e-06	4.985829e-10
1.35161241e-06	4.473361e-10
1.35296205e-06	6.239597e-10
1.35431303e-06	5.286251e-10
1.35566536e-06	4.559718e-10
1.35701905e-06	6.514970e-10
1.35837408e-06	4.305008e-10
1.35973047e-06	6.322030e-10
1.36108821e-06	4.184154e-10
1.36244730e-06	5.211395e-10
1.36380776e-06	7.864395e-10
1.36516957e-06	7.546714e-10
1.36653274e-06	6.063669e-10
1.36789728e-06	5.704396e-10
1.36926317e-06	5.170182e-10
1.37063043e-06	5.326738e-10
1.37199906e-06	7.385725e-10
1.37336905e-06	8.169054e-10
1.37474041e-06	7.044386e-10
1.37611314e-06	5.562596e-10
1.37748724e-06	9.810724e-10
1.37886271e-06	6.237696e-10
1.38023956e-06	5.736291e-10
1.38161778e-06	8.844414e-10
1.38299737e-06	6.428260e-10
1.38437835e-06	5.399603e-10
1.38576070e-06	5.155002e-10
1.38714443e-06	6.980269e-10
1.38852955e-06	8.437782e-10
1.38991605e-06	4.579434e-10
1.39130393e-06	8.085790e-10
1.39269320e-06	4.804106e-10
1.39408385e-06	9.164334e-10
1.39547590e-06	6.556566e-10
1.39686933e-06	6.213840e-10
1.39826416e-06	7.672334e-10
1.39966038e-06	4.749467e-10
1.40105799e-06	4.845997e-10
1.40245700e-06	8.321146e-10
1.40385740e-06	8.185347e-10
1.40525921e-06	5.118377e-10
1.40666241e-06	4.862670e-10
1.40806702e-06	7.953093e-10
1.40947302e-06	6.935531e-10
1.41088043e-06	5.501920e-10
1.41228925e-06	7.187264e-10
1.41369947e-06	6.062820e-10
1.41511110e-06	7.895821e-10
1.41652415e-06	9.771850e-10
1.41793860e-06	6.541520e-10
1.41935446e-06	5.850811e-10
1.42077174e-06	4.873646e-10
1.42219043e-06	5.634140e-10
1.42361054e-06	5.142452e-10
1.42503207e-06	6.249037e-10
1.42645502e-06	7.986710e-10
1.42787939e-06	6.420171e-10
1.42930518e-06	5.461790e-10
1.43073239e-06	7.889632e-10
1.43216103e-06	5.612258e-10
1.43359110e-06	7.591881e-10
1.43502259e-06	7.623577e-10
1.43645551e-06	6.578497e-10
1.43788987e-06	6.924536e-10
1.43932565e-06	7.851405e-10
1.44076287e-06	7.017569e-10
1.44220153e-06	7.529146e-10
1.44364162e-06	9.341343e-10
1.44508315e-06	6.347344e-10
1.44652612e-06	8.086012e-10
1.44797053e-06	6.661092e-10
1.44941638e-06	8.600326e-10
1.45086368e-06	5.828183e-10
1.45231242e-06	8.249244e-10
1.45376261e-06	6.308875e-10
1.45521424e-06	8.454873e-10
1.45666733e-06	5.286980e-10
1.45812186e-06	5.665863e-10
1.45957785e-06	5.832697e-10
1.46103529e-06	8.797747e-10
1.46249419e-06	6.444496e-10
1.46395455e-06	6.172337e-10
1.46541636e-06	9.818179e-10
1.46687963e-06	6.533606e-10
1.46834437e-06	7.609246e-10
1.46981056e-06	8.400185e-10
1.47127822e-06	8.720402e-10
1.47274735e-06	1.037310e-09
1.47421794e-06	6.199159e-10
1.47569000e-06	6.092176e-10
1.47716353e-06	7.697715e-10
1.47863854e-06	5.973133e-10
1.48011501e-06	7.137129e-10
1.48159296e-06	8.513733e-10
1.48307239e-06	1.121548e-09
1.48455329e-06	6.572369e-10
1.48603567e-06	7.427822e-10
1.48751953e-06	9.783520e-10
1.48900488e-06	1.015316e-09
1.49049170e-06	7.387728e-10
1.49198001e-06	9.417881e-10
1.49346981e-06	6.347583e-10
1.49496110e-06	1.203538e-09
1.49645387e-06	6.551348e-10
1.49794813e-06	1.118730e-09
1.49944389e-06	1.058464e-09
1.50094114e-06	8.620673e-10
1.50243989e-06	8.631996e-10
1.50394013e-06	8.322217e-10
1.50544187e-06	9.187072e-10
1.50694511e-06	8.218974e-10
1.50844985e-06	9.890903e-10
1.50995609e-06	8.959315e-10
1.51146384e-06	8.672732e-10
1.51297309e-06	1.183950e-09
1.51448385e-06	9.028629e-10
1.51599612e-06	1.173590e-09
1.51750990e-06	7.894369e-10
1.51902519e-06	6.956601e-10
1.52054199e-06	1.003456e-09
1.52206031e-06	7.936106e-10
1.52358014e-06	9.195395e-10
1.52510149e-06	9.196065e-10
1.52662436e-06	1.300375e-09
1.52814875e-06	8.822133e-10
1.52967467e-06	1.469136e-09
1.53120210e-06	6.885108e-10
1.53273107e-06	1.102796e-09
1.53426156e-06	8.213197e-10
1.53579357e-06	9.953287e-10
1.53732712e-06	6.991675e-10
1.53886220e-06	1.035544e-09
1.54039881e-06	1.212639e-09
1.54193695e-06	1.122276e-09
1.54347663e-06	1.204299e-09
1.54501785e-06	1.471551e-09
1.54656061e-06	8.532198e-10
1.54810491e-06	1.267134e-09
1.54965075e-06	1.065056e-09
1.55119813e-06	1.237709e-09
1.55274706e-06	1.239455e-09
1.55429754e-06	1.365362e-09
1.55584956e-06	1.299178e-09
1.55740313e-06	1.062596e-09
1.55895826e-06	1.301285e-09
1.56051494e-06	1.401000e-09
1.56207317e-06	1.375700e-09
1.56363296e-06	1.415510e-09
1.56519430e-06	1.023490e-09
1.56675721e-06	1.375576e-09
1.56832167e-06	1.351708e-09
1.56988770e-06	1.416924e-09
1.57145529e-06	1.257845e-09
1.57302445e-06	9.547179e-10
1.57459517e-06	1.399947e-09
1.57616746e-06	1.308521e-09
1.57774132e-06	1.533205e-09
1.57931676e-06	1.526081e-09
1.58089376e-06	1.566626e-09
1.58247234e-06	9.750890e-10
1.58405250e-06	1.343686e-09
1.58563424e-06	1.475163e-09
1.58721755e-06	1.323132e-09
1.58880245e-06	1.659580e-09
1.59038892e-06	1.035958e-09
1.59197699e-06	1.346406e-09
1.59356663e-06	1.634948e-09
1.59515787e-06	1.738591e-09
1.59675069e-06	1.560857e-09
1.59834511e-06	1.320440e-09
1.59994111e-06	1.532520e-09
1.60153872e-06	1.529724e-09
1.60313791e-06	1.428618e-09
1.60473870e-06	1.785769e-09
1.60634109e-06	1.602374e-09
1.60794509e-06	1.691809e-09
1.60955068e-06	1.667695e-09
1.61115787e-06	1.649254e-09
1.61276668e-06	1.622290e-09
1.61437708e-06	1.739497e-09
1.61598910e-06	1.614278e-09
1.61760272e-06	1.718953e-09
1.61921796e-06	1.566750e-09
1.62083481e-06	1.740640e-09
1.62245327e-06	1.662998e-09
1.62407335e-06	1.588186e-09
1.62569505e-06	1.708755e-09
1.62731837e-06	1.674559e-09
1.62894330e-06	1.829087e-09
1.63056986e-06	1.767160e-09
1.63219805e-06	9.310405e-10
1.63382786e-06	1.810271e-09
1.63545930e-06	1.670172e-09
1.63709236e-06	1.705492e-09
1.63872706e-06	1.734480e-09
1.64036339e-06	1.645927e-09
1.64200135e-06	1.999908e-09
1.64364095e-06	1.845539e-09
1.64528219e-06	1.761867e-09
1.64692506e-06	1.846916e-09
1.64856958e-06	1.813203e-09
1.65021574e-06	1.878161e-09
1.65186354e-06	1.751559e-09
1.65351299e-06	1.916159e-09
1.65516408e-06	1.900166e-09
1.65681682e-06	1.937328e-09
1.65847122e-06	1.879077e-09
1.66012726e-06	1.855501e-09
1.66178496e-06	1.828634e-09
1.66344431e-06	1.913577e-09
1.66510532e-06	1.943003e-09
1.66676799e-06	1.806566e-09
1.66843232e-06	1.912928e-09
1.67009831e-06	1.541974e-09
1.67176597e-06	1.538403e-09
1.67343529e-06	1.907426e-09
1.67510628e-06	1.849405e-09
1.67677893e-06	1.919844e-09
1.67845326e-06	1.581917e-09
1.68012926e-06	1.932002e-09
1.68180693e-06	2.109993e-09
1.68348627e-06	1.733303e-09
1.68516730e-06	1.791841e-09
1.68685000e-06	1.356554e-09
1.68853438e-06	1.934243e-09
1.69022045e-06	1.992921e-09
1.69190819e-06	1.606421e-09
1.69359763e-06	2.050245e-09
1.69528875e-06	1.529510e-09
1.69698156e-06	1.849416e-09
1.69867605e-06	2.014249e-09
1.70037225e-06	1.762690e-09
1.70207013e-06	1.932526e-09
1.70376971e-06	1.553214e-09
1.70547099e-06	1.819880e-09
1.70717396e-06	1.879958e-09
1.70887864e-06	1.884000e-09
1.71058502e-06	2.067775e-09
1.71229310e-06	1.890438e-09
1.71400289e-06	1.673609e-09
1.71571438e-06	1.488413e-09
1.71742759e-06	1.437643e-09
1.71914250e-06	1.512739e-09
1.72085913e-06	1.341781e-09
1.72257747e-06	1.477928e-09
1.72429753e-06	1.957015e-09
1.72601931e-06	1.849525e-09
1.72774280e-06	1.502365e-09
1.72946801e-06	1.356265e-09
1.73119495e-06	1.690921e-09
1.73292362e-06	1.643424e-09
1.73465400e-06	1.487251e-09
1.73638612e-06	1.767807e-09
1.73811997e-06	1.619433e-09
1.73985554e-06	1.182734e-09
1.74159285e-06	1.737264e-09
1.74333190e-06	1.738887e-09
1.74507268e-06	1.269236e-09
1.74681520e-06	8.813083e-10
1.74855946e-06	1.937080e-09
1.75030546e-06	9.724696e-10
1.75205321e-06	1.006223e-09
1.75380270e-06	1.440124e-09
1.75555393e-06	9.219883e-10
1.75730692e-06	1.054357e-09
1.75906165e-06	1.840074e-09
1.76081814e-06	1.689443e-09
1.76257638e-06	1.706539e-09
1.76433638e-06	1.592480e-09
1.76609814e-06	1.679935e-09
1.76786165e-06	8.983062e-10
1.76962693e-06	1.874352e-09
1.77139397e-06	1.496288e-09
1.77316277e-06	1.243591e-09
1.77493334e-06	1.265916e-09
1.77670567e-06	1.390635e-09
1.77847978e-06	1.079140e-09
1.78025566e-06	1.361092e-09
1.78203331e-06	1.097703e-09
1.78381274e-06	1.288285e-09
1.78559394e-06	1.630019e-09
1.78737692e-06	1.578739e-09
1.78916168e-06	1.409735e-09
1.79094823e-06	1.241486e-09
1.79273655e-06	1.130949e-09
1.79452667e-06	1.785267e-09
1.79631857e-06	9.309762e-10
1.79811226e-06	1.276634e-09
1.79990774e-06	1.567455e-09
1.80170502e-06	1.119942e-09
1.80350409e-06	1.086758e-09
1.80530495e-06	1.452211e-09
1.80710762e-06	1.045817e-09
1.80891208e-06	1.060912e-09
1.81071835e-06	9.776259e-10
1.81252641e-06	9.738143e-10
1.81433629e-06	1.254131e-09
1.81614797e-06	1.722731e-09
1.81796146e-06	1.213411e-09
1.81977676e-06	1.254307e-09
1.82159388e-06	1.147638e-09
1.82341281e-06	1.028281e-09
1.82523355e-06	1.285040e-09
1.82705612e-06	1.293281e-09
1.82888050e-06	9.762206e-10
1.83070670e-06	1.338428e-09
1.83253473e-06	9.958486e-10
1.83436459e-06	1.722184e-09
1.83619627e-06	1.000521e-09
1.83802978e-06	1.430473e-09
1.83986512e-06	9.838645e-10
1.84170229e-06	1.658459e-09
1.84354130e-06	1.039900e-09
1.84538214e-06	1.553692e-09
1.84722483e-06	1.015604e-09
1.84906935e-06	1.764233e-09
1.85091571e-06	1.510773e-09
1.85276392e-06	1.814969e-09
1.85461397e-06	1.404877e-09
1.85646588e-06	1.277427e-09
1.85831963e-06	1.358683e-09
1.86017523e-06	1.272941e-09
1.86203268e-06	1.279710e-09
1.86389199e-06	1.492653e-09
1.86575315e-06	1.470457e-09
1.86761618e-06	1.238187e-09
1.86948106e-06	1.657300e-09
1.87134781e-06	1.325229e-09
1.87321642e-06	1.309764e-09
1.87508689e-06	1.584270e-09
1.87695924e-06	1.525330e-09
1.87883345e-06	1.460706e-09
1.88070954e-06	1.756892e-09
1.88258749e-06	1.647568e-09
1.88446733e-06	1.598457e-09
1.88634904e-06	1.936309e-09
1.88823263e-06	1.496957e-09
1.89011810e-06	1.187620e-09
1.89200545e-06	1.584849e-09
1.89389469e-06	1.045848e-09
1.89578581e-06	1.830210e-09
1.89767882e-06	1.486844e-09
1.89957373e-06	1.581421e-09
1.90147052e-06	1.065553e-09
1.90336921e-06	1.184532e-09
1.90526980e-06	1.459460e-09
1.90717228e-06	1.147662e-09
1.90907666e-06	1.728388e-09
1.91098294e-06	1.486186e-09
1.91289113e-06	1.271202e-09
1.91480122e-06	1.754694e-09
1.91671322e-06	1.420363e-09
1.91862713e-06	1.651800e-09
1.92054295e-06	1.685915e-09
1.92246069e-06	1.361580e-09
1.92438033e-06	1.704850e-09
1.92630190e-06	1.379043e-09
1.92822538e-06	1.539231e-09
1.93015079e-06	1.735423e-09
1.93207812e-06	1.795175e-09
1.93400737e-06	1.378407e-09
1.93593855e-06	1.571097e-09
1.93787165e-06	1.457191e-09
1.93980669e-06	1.123289e-09
1.94174366e-06	1.848845e-09
1.94368256e-06	1.533880e-09
1.94562340e-06	1.593392e-09
1.94756618e-06	1.350995e-09
1.94951089e-06	1.550546e-09
1.95145755e-06	1.691078e-09
1.95340615e-06	1.109260e-09
1.95535670e-06	1.454237e-09
1.95730920e-06	1.388654e-09
1.95926364e-06	1.840624e-09
1.96122004e-06	1.570944e-09
1.96317839e-06	1.657308e-09
1.96513870e-06	1.278949e-09
1.96710096e-06	1.628911e-09
1.96906519e-06	1.653866e-09
1.97103137e-06	1.453610e-09
1.97299952e-06	1.353198e-09
1.97496963e-06	1.697222e-09
1.97694171e-06	1.517713e-09
1.97891576e-06	2.004408e-09
1.98089178e-06	1.629315e-09
1.98286978e-06	1.316895e-09
1.98484975e-06	1.308052e-09
1.98683169e-06	1.334499e-09
1.98881562e-06	1.916567e-09
1.99080152e-06	1.164986e-09
1.99278941e-06	1.338079e-09
1.99477929e-06	1.720538e-09
1.99677115e-06	1.370485e-09
1.99876500e-06	1.801798e-09
2.00076084e-06	1.844071e-09
2.00275867e-06	1.719458e-09
2.00475850e-06	1.657275e-09
2.00676033e-06	1.912476e-09
2.00876415e-06	1.153398e-09
2.01076998e-06	1.363427e-09
2.01277780e-06	1.755999e-09
2.01478764e-06	1.573988e-09
2.01679948e-06	1.278162e-09
2.01881333e-06	1.172565e-09
2.02082919e-06	1.680668e-09
2.02284706e-06	1.601504e-09
2.02486695e-06	1.367213e-09
2.02688885e-06	1.620770e-09
2.02891278e-06	1.457354e-09
2.03093872e-06	1.395706e-09
2.03296669e-06	1.498272e-09
2.03499668e-06	1.540662e-09
2.03702870e-06	1.709219e-09
2.03906275e-06	1.527882e-09
2.04109883e-06	1.683855e-09
2.04313694e-06	1.649562e-09
2.04517709e-06	1.961580e-09
2.04721927e-06	1.637145e-09
2.04926350e-06	1.910661e-09
2.05130976e-06	1.890979e-09
2.05335807e-06	1.363386e-09
2.05540843e-06	2.029129e-09
2.05746083e-06	1.792901e-09
2.05951528e-06	1.914750e-09
2.06157178e-06	1.395137e-09
2.06363034e-06	1.803317e-09
2.06569095e-06	1.919387e-09
2.06775362e-06	1.372997e-09
2.06981835e-06	2.098241e-09
2.07188514e-06	1.849559e-09
2.07395399e-06	1.825381e-09
2.07602491e-06	1.745429e-09
2.07809790e-06	1.906460e-09
2.08017296e-06	1.912906e-09
2.08225009e-06	2.097269e-09
2.08432929e-06	1.623783e-09
2.08641057e-06	1.494531e-09
2.08849393e-06	1.611245e-09
2.09057937e-06	1.707192e-09
2.09266689e-06	2.090839e-09
2.09475649e-06	1.684026e-09
2.09684818e-06	1.705804e-09
2.09894197e-06	1.901802e-09
2.10103784e-06	1.792201e-09
2.10313580e-06	1.967548e-09
2.10523586e-06	1.963946e-09
2.10733802e-06	1.710338e-09
2.10944227e-06	2.099853e-09
2.11154863e-06	1.638355e-09
2.11365709e-06	1.878566e-09
2.11576765e-06	2.060929e-09
2.11788032e-06	2.021916e-09
2.11999511e-06	1.742107e-09
2.12211200e-06	2.096587e-09
2.12423101e-06	2.168571e-09
2.12635213e-06	2.006916e-09
2.12847537e-06	1.594765e-09
2.13060073e-06	1.908274e-09
2.13272822e-06	2.021683e-09
2.13485783e-06	1.982236e-09
2.13698956e-06	1.752625e-09
2.13912342e-06	2.144712e-09
2.14125942e-06	1.864121e-09
2.14339754e-06	1.588777e-09
2.14553781e-06	2.168616e-09
2.14768021e-06	2.235293e-09
2.14982474e-06	1.776782e-09
2.15197142e-06	2.094337e-09
2.15412025e-06	2.026245e-09
2.15627122e-06	2.209865e-09
2.15842433e-06	2.284254e-09
2.16057960e-06	1.840889e-09
2.16273702e-06	2.221566e-09
2.16489659e-06	2.093640e-09
2.16705832e-06	2.192846e-09
2.16922221e-06	2.140829e-09
2.17138826e-06	1.791556e-09
2.17355647e-06	2.214943e-09
2.17572684e-06	1.806561e-09
2.17789939e-06	2.210251e-09
2.18007410e-06	2.099821e-09
2.18225099e-06	2.074927e-09
2.18443005e-06	1.838508e-09
2.18661128e-06	1.819023e-09
2.18879469e-06	2.207305e-09
2.19098028e-06	2.024585e-09
2.19316806e-06	2.226808e-09
2.19535802e-06	2.126915e-09
2.19755017e-06	2.126018e-09
2.19974450e-06	2.187468e-09
2.20194103e-06	2.116503e-09
2.20413975e-06	2.090363e-09
2.20634066e-06	2.128951e-09
2.20854377e-06	1.711145e-09
2.21074909e-06	1.814957e-09
2.21295660e-06	2.181192e-09
2.21516632e-06	2.159528e-09
2.21737825e-06	2.130582e-09
2.21959238e-06	1.445463e-09
2.22180873e-06	1.978028e-09
2.22402729e-06	2.226445e-09
2.22624806e-06	2.187539e-09
2.22847105e-06	2.183220e-09
2.23069626e-06	2.274826e-09
2.23292369e-06	1.496051e-09
2.23515335e-06	2.175250e-09
2.23738523e-06	2.202676e-09
2.23961935e-06	2.319544e-09
2.24185569e-06	1.573996e-09
2.24409427e-06	2.277821e-09
2.24633508e-06	2.135957e-09
2.24857813e-06	2.255055e-09
2.25082341e-06	2.119217e-09
2.25307094e-06	2.228153e-09
2.25532072e-06	2.151656e-09
2.25757274e-06	2.249812e-09
2.25982701e-06	2.222030e-09
2.26208353e-06	2.291729e-09
2.26434231e-06	1.981033e-09
2.26660334e-06	2.152509e-09
2.26886662e-06	2.190488e-09
2.27113217e-06	2.228281e-09
2.27339998e-06	2.114629e-09
2.27567005e-06	2.202787e-09
2.27794240e-06	2.182355e-09
2.28021700e-06	1.958748e-09
2.28249389e-06	1.910691e-09
2.28477304e-06	2.270729e-09
2.28705447e-06	2.136766e-09
2.28933818e-06	2.269665e-09
2.29162417e-06	1.981001e-09
2.29391244e-06	1.452809e-09
2.29620300e-06	2.085650e-09
2.29849584e-06	1.810477e-09
2.30079097e-06	2.113404e-09
2.30308840e-06	1.778034e-09
2.30538812e-06	2.123788e-09
2.30769013e-06	1.975031e-09
2.30999445e-06	1.843674e-09
2.31230106e-06	2.100039e-09
2.31460998e-06	2.178427e-09
2.31692121e-06	2.181342e-09
2.31923474e-06	2.209345e-09
2.32155058e-06	2.219753e-09
2.32386873e-06	2.166960e-09
2.32618920e-06	2.119864e-09
2.32851199e-06	1.716567e-09
2.33083709e-06	2.138145e-09
2.33316452e-06	1.956696e-09
2.33549427e-06	2.085957e-09
2.33782635e-06	2.104640e-09
2.34016076e-06	2.133884e-09
2.34249749e-06	2.051722e-09
2.34483656e-06	1.544743e-09
2.34717797e-06	2.219493e-09
2.34952171e-06	1.870696e-09
2.35186780e-06	2.228759e-09
2.35421623e-06	2.173685e-09
2.35656700e-06	2.168185e-09
2.35892012e-06	1.984883e-09
2.36127559e-06	2.118663e-09
2.36363341e-06	2.185875e-09
2.36599358e-06	2.180479e-09
2.36835612e-06	2.220573e-09
2.37072101e-06	2.038282e-09
2.37308826e-06	1.575318e-09
2.37545788e-06	2.000579e-09
2.37782986e-06	2.286137e-09
2.38020421e-06	2.119272e-09
2.38258093e-06	1.873763e-09
2.38496003e-06	1.965433e-09
2.38734150e-06	1.916650e-09
2.38972535e-06	2.156849e-09
2.39211158e-06	1.819103e-09
2.39450019e-06	2.084212e-09
2.39689119e-06	2.062378e-09
2.39928457e-06	2.215793e-09
2.40168035e-06	1.721860e-09
2.40407851e-06	1.744785e-09
2.40647907e-06	2.275679e-09
2.40888203e-06	1.879128e-09
2.41128739e-06	2.112655e-09
2.41369515e-06	1.774610e-09
2.41610531e-06	1.499019e-09
2.41851788e-06	1.907137e-09
2.42093286e-06	2.132963e-09
2.42335026e-06	1.494565e-09
2.42577006e-06	1.643933e-09
2.42819228e-06	1.834757e-09
2.43061692e-06	1.835456e-09
2.43304398e-06	2.130654e-09
2.43547347e-06	1.963811e-09
2.43790538e-06	1.582313e-09
2.44033972e-06	2.040543e-09
2.44277649e-06	2.146119e-09
2.44521569e-06	1.982265e-09
2.44765733e-06	1.849539e-09
2.45010140e-06	1.720589e-09
2.45254792e-06	1.802885e-09
2.45499688e-06	1.871499e-09
2.45744829e-06	2.226315e-09
2.45990214e-06	1.656521e-09
2.46235844e-06	2.174046e-09
2.46481720e-06	2.109135e-09
2.46727841e-06	2.163905e-09
2.46974208e-06	1.689979e-09
2.47220821e-06	1.866218e-09
2.47467680e-06	1.864424e-09
2.47714786e-06	1.867271e-09
2.47962138e-06	1.707683e-09
2.48209737e-06	1.850945e-09
2.48457584e-06	1.633988e-09
2.48705678e-06	1.527402e-09
2.48954020e-06	1.525889e-09
2.49202610e-06	1.744272e-09
2.49451448e-06	1.802155e-09
2.49700534e-06	1.640504e-09
2.49949870e-06	1.772836e-09
2.50199454e-06	2.141406e-09
2.50449287e-06	1.703990e-09
2.50699370e-06	1.806310e-09
2.50949703e-06	1.933837e-09
2.51200285e-06	1.536692e-09
2.51451118e-06	1.721765e-09
2.51702201e-06	1.956775e-09
2.51953535e-06	1.553766e-09
2.52205120e-06	1.816567e-09
2.52456956e-06	1.622414e-09
2.52709044e-06	1.837074e-09
2.52961383e-06	1.768920e-09
2.53213975e-06	1.932519e-09
2.53466818e-06	1.540992e-09
2.53719914e-06	1.916681e-09
2.53973263e-06	1.549212e-09
2.54226865e-06	1.829624e-09
2.54480720e-06	1.970295e-09
2.54734828e-06	1.929284e-09
2.54989190e-06	1.820679e-09
2.55243806e-06	1.774984e-09
2.55498677e-06	1.756839e-09
2.55753802e-06	1.901503e-09
2.56009181e-06	1.563584e-09
2.56264816e-06	1.565249e-09
2.56520706e-06	1.821526e-09
2.56776851e-06	1.555705e-09
2.57033253e-06	2.093220e-09
2.57289910e-06	1.954373e-09
2.57546823e-06	1.753007e-09
2.57803993e-06	1.567930e-09
2.58061420e-06	1.928562e-09
2.58319104e-06	1.636978e-09
2.58577045e-06	1.803039e-09
2.58835244e-06	1.689328e-09
2.59093701e-06	2.048649e-09
2.59352415e-06	1.763387e-09
2.59611388e-06	1.601577e-09
2.59870620e-06	1.954008e-09
2.60130110e-06	1.639043e-09
2.60389860e-06	1.783548e-09
2.60649869e-06	1.596158e-09
2.60910137e-06	1.611292e-09
2.61170666e-06	2.033053e-09
2.61431454e-06	2.085881e-09
2.61692503e-06	1.724428e-09
2.61953813e-06	2.076059e-09
2.62215384e-06	1.817294e-09
2.62477215e-06	2.007988e-09
2.62739309e-06	1.718507e-09
2.63001663e-06	2.136917e-09
2.63264280e-06	1.620271e-09
2.63527160e-06	2.013745e-09
2.63790301e-06	2.114231e-09
2.64053706e-06	1.592815e-09
2.64317373e-06	1.591892e-09
2.64581304e-06	1.599868e-09
2.64845498e-06	1.652971e-09
2.65109956e-06	1.655695e-09
2.65374678e-06	2.124161e-09
2.65639665e-06	1.924497e-09
2.65904916e-06	1.979537e-09
2.66170431e-06	2.074130e-09
2.66436213e-06	1.974526e-09
2.66702259e-06	1.734671e-09
2.66968571e-06	1.615280e-09
2.67235149e-06	2.084457e-09
2.67501993e-06	1.881915e-09
2.67769104e-06	1.734905e-09
2.68036481e-06	1.752082e-09
2.68304126e-06	1.625069e-09
2.68572037e-06	1.611007e-09
2.68840216e-06	1.946114e-09
2.69108663e-06	1.611480e-09
2.69377378e-06	1.609973e-09
2.69646362e-06	1.662875e-09
2.69915613e-06	2.128525e-09
2.70185134e-06	1.629612e-09
2.70454924e-06	1.618304e-09
2.70724983e-06	1.678709e-09
2.70995312e-06	1.690432e-09
2.71265911e-06	1.979481e-09
2.71536780e-06	1.620529e-09
2.71807920e-06	1.865713e-09
2.72079330e-06	1.754531e-09
2.72351011e-06	1.791721e-09
2.72622964e-06	1.746486e-09
2.72895188e-06	1.623668e-09
2.73167684e-06	1.632980e-09
2.73440452e-06	1.826325e-09
2.73713492e-06	1.968537e-09
2.73986805e-06	1.707586e-09
2.74260391e-06	2.113553e-09
2.74534251e-06	1.685302e-09
2.74808383e-06	1.637273e-09
2.75082790e-06	1.843611e-09
2.75357470e-06	2.106115e-09
2.75632425e-06	2.023344e-09
2.75907654e-06	2.257935e-09
2.76183158e-06	2.134471e-09
2.76458937e-06	1.699141e-09
2.76734991e-06	1.831458e-09
2.77011322e-06	1.642040e-09
2.77287928e-06	1.783324e-09
2.77564810e-06	2.029827e-09
2.77841969e-06	1.705867e-09
2.78119404e-06	1.683830e-09
2.78397117e-06	1.892731e-09
2.78675106e-06	1.712635e-09
2.78953374e-06	1.643929e-09
2.79231919e-06	1.656170e-09
2.79510743e-06	1.774953e-09
2.79789844e-06	1.655182e-09
2.80069225e-06	1.648802e-09
2.80348884e-06	1.669724e-09
2.80628823e-06	1.931950e-09
2.80909041e-06	1.664963e-09
2.81189540e-06	1.926598e-09
2.81470318e-06	1.657864e-09
2.81751376e-06	1.663573e-09
2.82032715e-06	1.758738e-09
2.82314336e-06	1.653641e-09
2.82596237e-06	1.693361e-09
2.82878420e-06	1.726468e-09
2.83160884e-06	1.737728e-09
2.83443631e-06	1.776060e-09
2.83726660e-06	1.661465e-09
2.84009972e-06	1.716585e-09
2.84293566e-06	1.734747e-09
2.84577444e-06	1.823593e-09
2.84861605e-06	1.666975e-09
2.85146050e-06	1.675309e-09
2.85430779e-06	1.873582e-09
2.85715792e-06	1.732414e-09
2.86001090e-06	1.957131e-09
2.86286672e-06	2.017643e-09
2.86572540e-06	1.670647e-09
2.86858693e-06	1.682656e-09
2.87145132e-06	1.707407e-09
2.87431857e-06	2.155656e-09
2.87718869e-06	1.688263e-09
2.88006167e-06	1.994152e-09
2.88293752e-06	1.690792e-09
2.88581624e-06	1.812738e-09
2.88869783e-06	1.688768e-09
2.89158230e-06	1.779131e-09
2.89446965e-06	1.806442e-09
2.89735989e-06	1.938045e-09
2.90025301e-06	1.719794e-09
2.90314902e-06	2.179309e-09
2.90604792e-06	1.899401e-09
2.90894972e-06	1.679179e-09
2.91185441e-06	1.706579e-09
2.91476201e-06	1.837578e-09
2.91767251e-06	1.887914e-09
2.92058591e-06	1.679657e-09
2.92350222e-06	1.801558e-09
2.92642145e-06	1.712348e-09
2.92934359e-06	1.953022e-09
2.93226865e-06	1.900071e-09
2.93519663e-06	1.900371e-09
2.93812753e-06	1.711573e-09
2.94106136e-06	2.041334e-09
2.94399812e-06	1.916992e-09
2.94693781e-06	1.859709e-09
2.94988043e-06	2.103104e-09
2.95282600e-06	2.288465e-09
2.95577451e-06	1.781216e-09
2.95872596e-06	1.874220e-09
2.96168035e-06	1.947859e-09
2.96463770e-06	2.049912e-09
2.96759800e-06	2.043650e-09
2.97056126e-06	1.725712e-09
2.97352747e-06	1.783226e-09
2.97649665e-06	1.962852e-09
2.97946879e-06	1.760549e-09
2.98244390e-06	1.703781e-09
2.98542198e-06	1.776742e-09
2.98840304e-06	1.994618e-09
2.99138707e-06	1.751695e-09
2.99437408e-06	1.812645e-09
2.99736407e-06	2.168246e-09
3.00035705e-06	1.910560e-09
3.00335302e-06	1.719505e-09
3.00635198e-06	1.887657e-09
3.00935393e-06	1.980941e-09
3.01235888e-06	1.973865e-09
3.01536684e-06	2.166774e-09
3.01837779e-06	1.805544e-09
3.02139175e-06	1.943143e-09
3.02440873e-06	1.829444e-09
3.02742871e-06	2.092491e-09
3.03045171e-06	1.867205e-09
3.03347773e-06	1.777900e-09
3.03650677e-06	1.916971e-09
3.03953883e-06	1.866115e-09
3.04257392e-06	1.735949e-09
3.04561205e-06	2.200073e-09
3.04865320e-06	1.884839e-09
3.05169740e-06	1.910257e-09
3.05474463e-06	1.943753e-09
3.05779491e-06	2.038669e-09
3.06084823e-06	1.860860e-09
3.06390460e-06	1.716839e-09
3.06696402e-06	1.848167e-09
3.07002650e-06	1.894636e-09
3.07309203e-06	1.724763e-09
3.07616063e-06	2.100179e-09
3.07923229e-06	1.945991e-09
3.08230702e-06	1.932251e-09
3.08538481e-06	1.833926e-09
3.08846569e-06	1.878685e-09
3.09154963e-06	1.816093e-09
3.09463666e-06	1.794742e-09
3.09772677e-06	1.831710e-09
3.10081996e-06	1.810904e-09
3.10391625e-06	1.988959e-09
3.10701562e-06	1.737298e-09
3.11011809e-06	1.805838e-09
3.11322366e-06	1.909029e-09
3.11633233e-06	1.887074e-09
3.11944410e-06	2.001602e-09
3.12255898e-06	1.766820e-09
3.12567698e-06	1.934829e-09
3.12879808e-06	1.937704e-09
3.13192230e-06	1.954928e-09
3.13504964e-06	1.821086e-09
3.13818010e-06	1.775880e-09
3.14131369e-06	1.784090e-09
3.14445041e-06	2.000903e-09
3.14759026e-06	1.954480e-09
3.15073325e-06	1.763867e-09
3.15387937e-06	1.872419e-09
3.15702864e-06	1.896492e-09
3.16018105e-06	1.808362e-09
3.16333660e-06	1.733804e-09
3.16649531e-06	1.975684e-09
3.16965718e-06	2.089718e-09
3.17282220e-06	1.879827e-09
3.17599038e-06	1.836216e-09
3.17916172e-06	1.771268e-09
3.18233623e-06	2.191016e-09
3.18551391e-06	1.909694e-09
3.18869477e-06	1.784269e-09
3.19187880e-06	1.963149e-09
3.19506601e-06	1.922673e-09
3.19825640e-06	1.873833e-09
3.20144997e-06	1.746769e-09
3.20464674e-06	1.752567e-09
3.20784670e-06	2.019867e-09
3.21104985e-06	1.782245e-09
3.21425621e-06	1.933252e-09
3.21746576e-06	1.907053e-09
3.22067852e-06	1.864943e-09
3.22389449e-06	1.750104e-09
3.22711366e-06	1.954949e-09
3.23033606e-06	2.078979e-09
3.23356167e-06	1.866186e-09
3.23679050e-06	1.811681e-09
3.24002255e-06	2.199881e-09
3.24325783e-06	1.754594e-09
3.24649635e-06	2.004387e-09
3.24973809e-06	2.015237e-09
3.25298308e-06	1.905726e-09
3.25623130e-06	2.141351e-09
3.25948277e-06	1.760880e-09
3.26273748e-06	2.203934e-09
3.26599545e-06	2.124210e-09
3.26925667e-06	1.808143e-09
3.27252114e-06	2.311247e-09
3.27578887e-06	1.813164e-09
3.27905987e-06	2.142774e-09
3.28233413e-06	1.867522e-09
3.28561167e-06	1.871029e-09
3.28889247e-06	2.212045e-09
3.29217655e-06	1.901256e-09
3.29546391e-06	2.128309e-09
3.29875455e-06	1.901037e-09
3.30204848e-06	2.329114e-09
3.30534570e-06	1.838111e-09
3.30864621e-06	1.858196e-09
3.31195002e-06	1.732221e-09
3.31525712e-06	1.929903e-09
3.31856753e-06	1.985149e-09
3.32188124e-06	2.052505e-09
3.32519826e-06	2.125728e-09
3.32851860e-06	1.830022e-09
3.33184225e-06	1.817079e-09
3.33516921e-06	2.158378e-09
3.33849950e-06	1.907238e-09
3.34183312e-06	1.909086e-09
3.34517006e-06	1.896939e-09
3.34851034e-06	1.991549e-09
3.35185395e-06	2.191352e-09
3.35520090e-06	2.002473e-09
3.35855119e-06	1.924783e-09
3.36190483e-06	1.968949e-09
3.36526182e-06	1.973513e-09
3.36862216e-06	2.145789e-09
3.37198585e-06	2.197064e-09
3.37535290e-06	2.304279e-09
3.37872332e-06	2.060281e-09
3.38209710e-06	2.036247e-09
3.38547425e-06	1.942615e-09
3.38885477e-06	2.193605e-09
3.39223867e-06	1.846954e-09
3.39562594e-06	2.076748e-09
3.39901660e-06	2.080089e-09
3.40241065e-06	2.111695e-09
3.40580808e-06	2.142755e-09
3.40920890e-06	1.904331e-09
3.41261313e-06	1.834385e-09
3.41602075e-06	2.021357e-09
3.41943177e-06	2.146788e-09
3.42284620e-06	2.072012e-09
3.42626404e-06	1.873621e-09
3.42968529e-06	1.895592e-09
3.43310996e-06	1.985978e-09
3.43653804e-06	1.785391e-09
3.43996956e-06	2.091685e-09
3.44340449e-06	2.065359e-09
3.44684286e-06	1.867285e-09
3.45028466e-06	2.112724e-09
3.45372990e-06	2.056231e-09
3.45717857e-06	1.992249e-09
3.46063070e-06	2.255242e-09
3.46408626e-06	2.040196e-09
3.46754528e-06	1.832210e-09
3.47100775e-06	1.751620e-09
3.47447368e-06	2.052096e-09
3.47794307e-06	1.817227e-09
3.48141593e-06	1.865503e-09
3.48489225e-06	1.788656e-09
3.48837205e-06	2.100723e-09
3.49185532e-06	2.021907e-09
3.49534206e-06	2.094860e-09
3.49883229e-06	2.217651e-09
3.50232600e-06	2.228166e-09
3.50582321e-06	2.274642e-09
3.50932390e-06	2.179698e-09
3.51282809e-06	2.133917e-09
3.51633578e-06	1.823471e-09
3.51984697e-06	2.128329e-09
3.52336167e-06	2.271275e-09
3.52687988e-06	1.747281e-09
3.53040160e-06	2.322836e-09
3.53392683e-06	2.211338e-09
3.53745559e-06	2.159350e-09
3.54098787e-06	2.072688e-09
3.54452368e-06	2.021167e-09
3.54806302e-06	2.357257e-09
3.55160589e-06	2.142263e-09
3.55515230e-06	2.141634e-09
3.55870225e-06	2.143687e-09
3.56225575e-06	2.231272e-09
3.56581279e-06	2.111904e-09
3.56937339e-06	2.163933e-09
3.57293754e-06	2.145407e-09
3.57650525e-06	2.112923e-09
3.58007652e-06	2.245652e-09
3.58365136e-06	2.288596e-09
3.58722977e-06	2.245866e-09
3.59081175e-06	2.246348e-09
3.59439731e-06	2.342832e-09
3.59798645e-06	1.805765e-09
3.60157917e-06	1.812093e-09
3.60517548e-06	2.227000e-09
3.60877538e-06	2.006227e-09
3.61237888e-06	1.918005e-09
3.61598597e-06	2.020370e-09
3.61959667e-06	2.291187e-09
3.62321097e-06	2.256918e-09
3.62682888e-06	1.961386e-09
3.63045040e-06	2.082059e-09
3.63407554e-06	2.011671e-09
3.63770430e-06	1.866801e-09
3.64133669e-06	2.330266e-09
3.64497270e-06	2.394224e-09
3.64861234e-06	2.152379e-09
3.65225561e-06	1.881285e-09
3.65590252e-06	2.479874e-09
3.65955308e-06	2.311403e-09
3.66320728e-06	2.201982e-09
3.66686512e-06	2.336686e-09
3.67052662e-06	2.316600e-09
3.67419178e-06	1.908651e-09
3.67786060e-06	2.183124e-09
3.68153308e-06	2.225014e-09
3.68520923e-06	2.508258e-09
3.68888904e-06	2.044659e-09
3.69257254e-06	2.382810e-09
3.69625971e-06	1.850196e-09
3.69995056e-06	2.080871e-09
3.70364510e-06	2.321734e-09
3.70734332e-06	2.067034e-09
3.71104524e-06	2.045629e-09
3.71475086e-06	2.315850e-09
3.71846018e-06	2.273013e-09
3.72217320e-06	2.108174e-09
3.72588992e-06	2.309689e-09
3.72961036e-06	2.338555e-09
3.73333452e-06	2.330885e-09
3.73706239e-06	2.313635e-09
3.74079399e-06	2.452841e-09
3.74452931e-06	2.271103e-09
3.74826836e-06	1.866600e-09
3.75201114e-06	2.366149e-09
3.75575766e-06	2.304942e-09
3.75950793e-06	2.436211e-09
3.76326194e-06	2.496035e-09
3.76701969e-06	2.473986e-09
3.77078120e-06	2.188458e-09
3.77454647e-06	2.282733e-09
3.77831549e-06	2.169833e-09
3.78208828e-06	2.043314e-09
3.78586483e-06	2.163171e-09
3.78964516e-06	2.574763e-09
3.79342926e-06	1.878312e-09
3.79721714e-06	2.573320e-09
3.80100880e-06	2.496572e-09
3.80480425e-06	2.428586e-09
3.80860349e-06	2.471369e-09
3.81240652e-06	2.541550e-09
3.81621335e-06	2.297976e-09
3.82002398e-06	2.568923e-09
3.82383842e-06	2.463805e-09
3.82765666e-06	2.532865e-09
3.83147872e-06	2.210270e-09
3.83530459e-06	2.565062e-09
3.83913428e-06	2.428520e-09
3.84296780e-06	2.548818e-09
3.84680515e-06	2.021769e-09
3.85064633e-06	2.260959e-09
3.85449134e-06	2.542340e-09
3.85834019e-06	2.425276e-09
3.86219289e-06	2.249906e-09
3.86604943e-06	2.176060e-09
3.86990982e-06	2.522950e-09
3.87377407e-06	2.358633e-09
3.87764218e-06	2.463215e-09
3.88151415e-06	2.554400e-09
3.88538998e-06	2.389696e-09
3.88926969e-06	2.459577e-09
3.89315327e-06	2.547386e-09
3.89704073e-06	2.230087e-09
3.90093207e-06	2.538220e-09
3.90482729e-06	2.537544e-09
3.90872641e-06	2.503977e-09
3.91262941e-06	2.476101e-09
3.91653632e-06	2.393553e-09
3.92044713e-06	2.142006e-09
3.92436184e-06	2.149750e-09
3.92828046e-06	2.538773e-09
3.93220299e-06	1.953109e-09
3.93612944e-06	2.387527e-09
3.94005981e-06	2.233086e-09
3.94399411e-06	2.533584e-09
3.94793233e-06	2.255591e-09
3.95187449e-06	2.206767e-09
3.95582058e-06	2.612130e-09
3.95977062e-06	2.375311e-09
3.96372460e-06	1.979685e-09
3.96768252e-06	2.329471e-09
3.97164440e-06	2.322571e-09
3.97561023e-06	2.058091e-09
3.97958003e-06	2.426299e-09
3.98355379e-06	2.349784e-09
3.98753151e-06	2.386553e-09
3.99151321e-06	2.043593e-09
3.99549888e-06	2.473495e-09
3.99948854e-06	1.925919e-09
4.00348217e-06	2.564616e-09
