2.99769222e-07	7.336050e-17
3.00068553e-07	3.250079e-16
3.00368182e-07	3.347536e-16
3.00668111e-07	3.447742e-16
3.00968339e-07	3.550768e-16
3.01268867e-07	3.656688e-16
3.01569695e-07	3.765578e-16
3.01870824e-07	3.877515e-16
3.02172253e-07	3.992580e-16
3.02473983e-07	4.110852e-16
3.02776015e-07	4.232416e-16
3.03078348e-07	4.357357e-16
3.03380983e-07	4.485762e-16
3.03683920e-07	4.617721e-16
3.03987160e-07	4.753325e-16
3.04290702e-07	4.892667e-16
3.04594547e-07	5.035844e-16
3.04898696e-07	5.182955e-16
3.05203149e-07	5.334099e-16
3.05507906e-07	5.489379e-16
3.05812967e-07	5.648900e-16
3.06118332e-07	5.812770e-16
3.06424003e-07	5.981100e-16
3.06729978e-07	6.154002e-16
3.07036260e-07	6.331592e-16
3.07342847e-07	6.513987e-16
3.07649740e-07	6.701309e-16
3.07956940e-07	6.893681e-16
3.08264446e-07	7.091229e-16
3.08572260e-07	7.294083e-16
3.08880380e-07	7.502375e-16
3.09188809e-07	7.716241e-16
3.09497545e-07	7.935818e-16
3.09806590e-07	8.161249e-16
3.10115944e-07	8.392679e-16
3.10425606e-07	8.630254e-16
3.10735577e-07	8.874127e-16
3.11045858e-07	9.124452e-16
3.11356449e-07	9.381389e-16
3.11667350e-07	9.645097e-16
3.11978561e-07	9.915744e-16
3.12290084e-07	1.019350e-15
3.12601917e-07	1.047853e-15
3.12914061e-07	1.077102e-15
3.13226518e-07	1.107115e-15
3.13539286e-07	1.137910e-15
3.13852367e-07	1.169507e-15
3.14165760e-07	1.201923e-15
3.14479466e-07	1.235180e-15
3.14793485e-07	1.269297e-15
3.15107818e-07	1.304295e-15
3.15422465e-07	1.340195e-15
3.15737426e-07	1.377018e-15
3.16052702e-07	1.414787e-15
3.16368292e-07	1.453523e-15
3.16684197e-07	1.493251e-15
3.17000418e-07	1.533992e-15
3.17316955e-07	1.575772e-15
3.17633808e-07	1.618614e-15
3.17950977e-07	1.662544e-15
3.18268463e-07	1.707587e-15
3.18586266e-07	1.753769e-15
3.18904386e-07	1.801117e-15
3.19222824e-07	1.849658e-15
3.19541579e-07	1.899419e-15
3.19860654e-07	1.950430e-15
3.20180046e-07	2.002718e-15
3.20499758e-07	2.056314e-15
3.20819789e-07	2.111247e-15
3.21140139e-07	2.167549e-15
3.21460810e-07	2.225251e-15
3.21781800e-07	2.284385e-15
3.22103111e-07	2.344984e-15
3.22424743e-07	2.407081e-15
3.22746696e-07	2.470710e-15
3.23068971e-07	2.535907e-15
3.23391567e-07	2.602707e-15
3.23714485e-07	2.671145e-15
3.24037726e-07	2.741260e-15
3.24361290e-07	2.813089e-15
3.24685177e-07	2.886670e-15
3.25009387e-07	2.962044e-15
3.25333921e-07	3.039249e-15
3.25658779e-07	3.118328e-15
3.25983961e-07	3.199321e-15
3.26309468e-07	3.282272e-15
3.26635300e-07	3.367225e-15
3.26961458e-07	3.454223e-15
3.27287941e-07	3.543312e-15
3.27614750e-07	3.634538e-15
3.27941886e-07	3.727948e-15
3.28269348e-07	3.823591e-15
3.28597137e-07	3.921515e-15
3.28925253e-07	4.021770e-15
3.29253697e-07	4.124407e-15
3.29582469e-07	4.229479e-15
3.29911570e-07	4.337039e-15
3.30240998e-07	4.447140e-15
3.30570756e-07	4.559837e-15
3.30900844e-07	4.675188e-15
3.31231260e-07	4.793248e-15
3.31562007e-07	4.914077e-15
3.31893084e-07	5.037735e-15
3.32224491e-07	5.164281e-15
3.32556230e-07	5.293778e-15
3.32888300e-07	5.426289e-15
3.33220701e-07	5.561879e-15
3.33553434e-07	5.700612e-15
3.33886500e-07	5.842556e-15
3.34219898e-07	5.987778e-15
3.34553629e-07	6.136349e-15
3.34887693e-07	6.288339e-15
3.35222091e-07	6.443819e-15
3.35556822e-07	6.602864e-15
3.35891888e-07	6.765549e-15
3.36227289e-07	6.931949e-15
3.36563024e-07	7.102142e-15
3.36899095e-07	7.276207e-15
3.37235501e-07	7.454225e-15
3.37572243e-07	7.636279e-15
3.37909321e-07	7.822451e-15
3.38246736e-07	8.012827e-15
3.38584488e-07	8.207495e-15
3.38922578e-07	8.406542e-15
3.39261004e-07	8.610057e-15
3.39599769e-07	8.818135e-15
3.39938872e-07	9.030866e-15
3.40278313e-07	9.248347e-15
3.40618094e-07	9.470676e-15
3.40958214e-07	9.697949e-15
3.41298673e-07	9.930268e-15
3.41639473e-07	1.016774e-14
3.41980612e-07	1.041045e-14
3.42322093e-07	1.065853e-14
3.42663914e-07	1.091208e-14
3.43006076e-07	1.117119e-14
3.43348581e-07	1.143600e-14
3.43691427e-07	1.170661e-14
3.44034616e-07	1.198314e-14
3.44378147e-07	1.226570e-14
3.44722021e-07	1.255442e-14
3.45066239e-07	1.284942e-14
3.45410800e-07	1.315082e-14
3.45755706e-07	1.345875e-14
3.46100956e-07	1.377334e-14
3.46446550e-07	1.409472e-14
3.46792490e-07	1.442302e-14
3.47138775e-07	1.475838e-14
3.47485406e-07	1.510094e-14
3.47832383e-07	1.545083e-14
3.48179707e-07	1.580821e-14
3.48527377e-07	1.617321e-14
3.48875395e-07	1.654598e-14
3.49223760e-07	1.692669e-14
3.49572472e-07	1.731546e-14
3.49921534e-07	1.771248e-14
3.50270943e-07	1.811788e-14
3.50620702e-07	1.853185e-14
3.50970809e-07	1.895452e-14
3.51321267e-07	1.938609e-14
3.51672074e-07	1.982671e-14
3.52023232e-07	2.027655e-14
3.52374740e-07	2.073580e-14
3.52726599e-07	2.120464e-14
3.53078810e-07	2.168323e-14
3.53431372e-07	2.217177e-14
3.53784286e-07	2.267045e-14
3.54137553e-07	2.317946e-14
3.54491173e-07	2.369898e-14
3.54845145e-07	2.422923e-14
3.55199471e-07	2.477038e-14
3.55554151e-07	2.532262e-14
3.55909185e-07	2.588622e-14
3.56264573e-07	2.646144e-14
3.56620317e-07	2.704835e-14
3.56976415e-07	2.764723e-14
3.57332870e-07	2.825830e-14
3.57689680e-07	2.888179e-14
3.58046846e-07	2.951794e-14
3.58404369e-07	3.016697e-14
3.58762249e-07	3.082910e-14
3.59120487e-07	3.150460e-14
3.59479082e-07	3.219370e-14
3.59838035e-07	3.289662e-14
3.60197347e-07	3.361360e-14
3.60557017e-07	3.434453e-14
3.60917046e-07	3.509097e-14
3.61277436e-07	3.585200e-14
3.61638184e-07	3.662806e-14
3.61999294e-07	3.741951e-14
3.62360763e-07	3.822653e-14
3.62722594e-07	3.904978e-14
3.63084786e-07	3.988927e-14
3.63447339e-07	4.074518e-14
3.63810255e-07	4.161807e-14
3.64173533e-07	4.250800e-14
3.64537174e-07	4.341549e-14
3.64901178e-07	4.434069e-14
3.65265545e-07	4.528396e-14
3.65630276e-07	4.624563e-14
3.65995372e-07	4.722606e-14
3.66360832e-07	4.822552e-14
3.66726656e-07	4.924436e-14
3.67092847e-07	5.028288e-14
3.67459402e-07	5.134158e-14
3.67826324e-07	5.242043e-14
3.68193613e-07	5.352039e-14
3.68561267e-07	5.464139e-14
3.68929290e-07	5.578390e-14
3.69297679e-07	5.694799e-14
3.69666437e-07	5.813481e-14
3.70035562e-07	5.934378e-14
3.70405056e-07	6.057634e-14
3.70774920e-07	6.183186e-14
3.71145152e-07	6.311121e-14
3.71515754e-07	6.441494e-14
3.71886726e-07	6.574295e-14
3.72258069e-07	6.709658e-14
3.72629783e-07	6.847598e-14
3.73001867e-07	6.988059e-14
3.73374323e-07	7.131192e-14
3.73747152e-07	7.276993e-14
3.74120352e-07	7.425488e-14
3.74493925e-07	7.576765e-14
3.74867871e-07	7.730851e-14
3.75242191e-07	7.887908e-14
3.75616884e-07	8.047696e-14
3.75991951e-07	8.210646e-14
3.76367393e-07	8.376508e-14
3.76743210e-07	8.545337e-14
3.77119402e-07	8.717081e-14
3.77495970e-07	8.892627e-14
3.77872913e-07	9.071081e-14
3.78250233e-07	9.252709e-14
3.78627930e-07	9.437739e-14
3.79006004e-07	9.626128e-14
3.79384456e-07	9.817918e-14
3.79763285e-07	1.001311e-13
3.80142493e-07	1.021208e-13
3.80522079e-07	1.041444e-13
3.80902045e-07	1.062054e-13
3.81282390e-07	1.083042e-13
3.81663114e-07	1.104372e-13
3.82044219e-07	1.126109e-13
3.82425704e-07	1.148281e-13
3.82807570e-07	1.170813e-13
3.83189818e-07	1.193754e-13
3.83572447e-07	1.217075e-13
3.83955458e-07	1.240858e-13
3.84338852e-07	1.265026e-13
3.84722629e-07	1.289626e-13
3.85106789e-07	1.314702e-13
3.85491332e-07	1.340199e-13
3.85876259e-07	1.366142e-13
3.86261571e-07	1.392544e-13
3.86647268e-07	1.419388e-13
3.87033349e-07	1.446743e-13
3.87419816e-07	1.474555e-13
3.87806669e-07	1.502844e-13
3.88193909e-07	1.531660e-13
3.88581535e-07	1.560905e-13
3.88969548e-07	1.590741e-13
3.89357948e-07	1.621087e-13
3.89746737e-07	1.651899e-13
3.90135913e-07	1.683326e-13
3.90525478e-07	1.715217e-13
3.90915433e-07	1.747677e-13
3.91305776e-07	1.780726e-13
3.91696509e-07	1.814379e-13
3.92087633e-07	1.848546e-13
3.92479147e-07	1.883310e-13
3.92871052e-07	1.918661e-13
3.93263348e-07	1.954641e-13
3.93656036e-07	1.991217e-13
3.94049116e-07	2.028386e-13
3.94442589e-07	2.066159e-13
3.94836455e-07	2.104719e-13
3.95230713e-07	2.143679e-13
3.95625366e-07	2.183466e-13
3.96020412e-07	2.223943e-13
3.96415854e-07	2.265243e-13
3.96811689e-07	2.307035e-13
3.97207921e-07	2.349574e-13
3.97604547e-07	2.392810e-13
3.98001570e-07	2.436752e-13
3.98398990e-07	2.481338e-13
3.98796806e-07	2.526892e-13
3.99195019e-07	2.572947e-13
3.99593630e-07	2.620097e-13
3.99992639e-07	2.667753e-13
4.00392047e-07	2.716259e-13
4.00791853e-07	2.765683e-13
4.01192059e-07	2.815792e-13
4.01592664e-07	2.866802e-13
4.01993669e-07	2.918573e-13
4.02395074e-07	2.971152e-13
4.02796881e-07	3.024730e-13
4.03199088e-07	3.079132e-13
4.03601698e-07	3.134281e-13
4.04004709e-07	3.190564e-13
4.04408123e-07	3.247608e-13
4.04811939e-07	3.305403e-13
4.05216159e-07	3.364517e-13
4.05620782e-07	3.424512e-13
4.06025810e-07	3.485310e-13
4.06431241e-07	3.546747e-13
4.06837078e-07	3.609909e-13
4.07243320e-07	3.673664e-13
4.07649967e-07	3.738765e-13
4.08057021e-07	3.804635e-13
4.08464481e-07	3.871627e-13
4.08872348e-07	3.939425e-13
4.09280622e-07	4.008752e-13
4.09689304e-07	4.078892e-13
4.10098394e-07	4.150177e-13
4.10507892e-07	4.221929e-13
4.10917800e-07	4.296148e-13
4.11328116e-07	4.365512e-13
4.11738843e-07	4.446561e-13
4.12149979e-07	4.521865e-13
4.12561526e-07	4.601775e-13
4.12973484e-07	4.681674e-13
4.13385854e-07	4.762601e-13
4.13798635e-07	4.844452e-13
4.14211828e-07	4.927375e-13
4.14625434e-07	5.011412e-13
4.15039453e-07	5.098286e-13
4.15453885e-07	5.185237e-13
4.15868731e-07	5.273711e-13
4.16283991e-07	5.364403e-13
4.16699666e-07	5.455434e-13
4.17115756e-07	5.548424e-13
4.17532262e-07	5.642226e-13
4.17949183e-07	5.738080e-13
4.18366521e-07	5.835145e-13
4.18784276e-07	5.932839e-13
4.19202447e-07	6.033489e-13
4.19621036e-07	6.133401e-13
4.20040044e-07	6.238657e-13
4.20459469e-07	6.343224e-13
4.20879314e-07	6.448490e-13
4.21299577e-07	6.557553e-13
4.21720260e-07	6.662991e-13
4.22141364e-07	6.775181e-13
4.22562887e-07	6.890581e-13
4.22984832e-07	6.998067e-13
4.23407198e-07	7.119778e-13
4.23829986e-07	7.236847e-13
4.24253196e-07	7.357792e-13
4.24676828e-07	7.481234e-13
4.25100884e-07	7.604287e-13
4.25525363e-07	7.728646e-13
4.25950266e-07	7.856985e-13
4.26375593e-07	7.985545e-13
4.26801345e-07	8.117296e-13
4.27227522e-07	8.248609e-13
4.27654124e-07	8.384335e-13
4.28081153e-07	8.520550e-13
4.28508608e-07	8.660053e-13
4.28936489e-07	8.798246e-13
4.29364798e-07	8.939670e-13
4.29793535e-07	9.088536e-13
4.30222700e-07	9.235766e-13
4.30652293e-07	9.384178e-13
4.31082315e-07	9.535498e-13
4.31512767e-07	9.690701e-13
4.31943648e-07	9.846150e-13
4.32374960e-07	1.000420e-12
4.32806703e-07	1.016356e-12
4.33238876e-07	1.032371e-12
4.33671481e-07	1.049133e-12
4.34104518e-07	1.065925e-12
4.34537988e-07	1.082657e-12
4.34971890e-07	1.099945e-12
4.35406226e-07	1.117563e-12
4.35840995e-07	1.134874e-12
4.36276198e-07	1.153170e-12
4.36711836e-07	1.171099e-12
4.37147909e-07	1.189716e-12
4.37584417e-07	1.208830e-12
4.38021362e-07	1.227797e-12
4.38458742e-07	1.246896e-12
4.38896560e-07	1.266635e-12
4.39334814e-07	1.286073e-12
4.39773506e-07	1.306292e-12
4.40212636e-07	1.327020e-12
4.40652205e-07	1.347715e-12
4.41092212e-07	1.368515e-12
4.41532659e-07	1.389718e-12
4.41973546e-07	1.411158e-12
4.42414873e-07	1.433158e-12
4.42856641e-07	1.454644e-12
4.43298849e-07	1.476853e-12
4.43741500e-07	1.500484e-12
4.44184592e-07	1.523521e-12
4.44628127e-07	1.547049e-12
4.45072105e-07	1.570756e-12
4.45516526e-07	1.594659e-12
4.45961390e-07	1.608199e-12
4.46406699e-07	1.644010e-12
4.46852453e-07	1.669115e-12
4.47298652e-07	1.694312e-12
4.47745296e-07	1.720494e-12
4.48192386e-07	1.746596e-12
4.48639923e-07	1.770009e-12
4.49087906e-07	1.799378e-12
4.49536337e-07	1.827288e-12
4.49985216e-07	1.854629e-12
4.50434543e-07	1.882552e-12
4.50884319e-07	1.910625e-12
4.51334543e-07	1.939380e-12
4.51785218e-07	1.968227e-12
4.52236342e-07	1.997390e-12
4.52687917e-07	2.027861e-12
4.53139942e-07	2.058034e-12
4.53592419e-07	2.088967e-12
4.54045348e-07	2.119734e-12
4.54498729e-07	2.149014e-12
4.54952563e-07	2.183715e-12
4.55406850e-07	2.216241e-12
4.55861591e-07	2.248658e-12
4.56316785e-07	2.282311e-12
4.56772435e-07	2.316302e-12
4.57228539e-07	2.350085e-12
4.57685098e-07	2.384378e-12
4.58142114e-07	2.419261e-12
4.58599586e-07	2.454784e-12
4.59057514e-07	2.490229e-12
4.59515900e-07	2.527605e-12
4.59974744e-07	2.564559e-12
4.60434046e-07	2.601305e-12
4.60893806e-07	2.638821e-12
4.61354026e-07	2.678446e-12
4.61814705e-07	2.717192e-12
4.62275844e-07	2.756482e-12
4.62737444e-07	2.795958e-12
4.63199504e-07	2.836755e-12
4.63662026e-07	2.877538e-12
4.64125010e-07	2.918592e-12
4.64588456e-07	2.959553e-12
4.65052364e-07	3.002233e-12
4.65516737e-07	3.043743e-12
4.65981572e-07	3.090672e-12
4.66446872e-07	3.133124e-12
4.66912637e-07	3.175077e-12
4.67378866e-07	3.224132e-12
4.67845561e-07	3.267170e-12
4.68312722e-07	3.317055e-12
4.68780350e-07	3.354919e-12
4.69248445e-07	3.411819e-12
4.69717007e-07	3.456813e-12
4.70186036e-07	3.509465e-12
4.70655535e-07	3.556766e-12
4.71125502e-07	3.594618e-12
4.71595938e-07	3.659503e-12
4.72066844e-07	3.710973e-12
4.72538220e-07	3.762101e-12
4.73010067e-07	3.815321e-12
4.73482385e-07	3.869255e-12
4.73955175e-07	3.914336e-12
4.74428437e-07	3.977193e-12
4.74902171e-07	4.029838e-12
4.75376378e-07	4.084681e-12
4.75851059e-07	4.139909e-12
4.76326214e-07	4.203150e-12
4.76801844e-07	4.263831e-12
4.77277948e-07	4.316714e-12
4.77754528e-07	4.373918e-12
4.78231583e-07	4.438815e-12
4.78709115e-07	4.501603e-12
4.79187124e-07	4.562500e-12
4.79665610e-07	4.623088e-12
4.80144574e-07	4.673182e-12
4.80624016e-07	4.753737e-12
4.81103937e-07	4.814864e-12
4.81584337e-07	4.882656e-12
4.82065217e-07	4.946406e-12
4.82546577e-07	5.021623e-12
4.83028417e-07	5.078592e-12
4.83510739e-07	5.118148e-12
4.83993543e-07	5.208255e-12
4.84476828e-07	5.271690e-12
4.84960596e-07	5.356532e-12
4.85444847e-07	5.430950e-12
4.85929582e-07	5.513406e-12
4.86414801e-07	5.584143e-12
4.86900504e-07	5.660151e-12
4.87386692e-07	5.734565e-12
4.87873366e-07	5.759986e-12
4.88360525e-07	5.894071e-12
4.88848171e-07	5.967052e-12
4.89336304e-07	6.043385e-12
4.89824925e-07	6.064229e-12
4.90314033e-07	6.211272e-12
4.90803630e-07	6.284784e-12
4.91293716e-07	6.379053e-12
4.91784291e-07	6.465087e-12
4.92275355e-07	6.548233e-12
4.92766911e-07	6.629839e-12
4.93258957e-07	6.729904e-12
4.93751494e-07	6.815572e-12
4.94244523e-07	6.883649e-12
4.94738045e-07	6.989079e-12
4.95232059e-07	7.082660e-12
4.95726566e-07	7.178782e-12
4.96221568e-07	7.267937e-12
4.96717063e-07	7.360209e-12
4.97213054e-07	7.447069e-12
4.97709539e-07	7.550724e-12
4.98206521e-07	7.658659e-12
4.98703999e-07	7.752283e-12
4.99201973e-07	7.845250e-12
4.99700445e-07	7.951822e-12
5.00199414e-07	8.068358e-12
5.00698882e-07	8.179607e-12
5.01198848e-07	8.269532e-12
5.01699314e-07	8.377465e-12
5.02200279e-07	8.476264e-12
5.02701745e-07	8.604908e-12
5.03203711e-07	8.689481e-12
5.03706178e-07	8.810794e-12
5.04209148e-07	8.942468e-12
5.04712619e-07	9.040214e-12
5.05216594e-07	9.169783e-12
5.05721071e-07	9.263695e-12
5.06226052e-07	9.406280e-12
5.06731538e-07	9.495996e-12
5.07237528e-07	9.627411e-12
5.07744023e-07	9.767840e-12
5.08251025e-07	9.865991e-12
5.08758532e-07	9.973718e-12
5.09266546e-07	1.014137e-11
5.09775068e-07	1.027256e-11
5.10284097e-07	1.038323e-11
5.10793635e-07	1.040892e-11
5.11303681e-07	1.063072e-11
5.11814237e-07	1.075630e-11
5.12325302e-07	1.080136e-11
5.12836878e-07	1.101773e-11
5.13348965e-07	1.113819e-11
5.13861563e-07	1.131802e-11
5.14374672e-07	1.142459e-11
5.14888295e-07	1.163872e-11
5.15402430e-07	1.177429e-11
5.15917078e-07	1.192449e-11
5.16432240e-07	1.205467e-11
5.16947917e-07	1.219625e-11
5.17464109e-07	1.235224e-11
5.17980816e-07	1.251148e-11
5.18498039e-07	1.269559e-11
5.19015778e-07	1.283846e-11
5.19534035e-07	1.301848e-11
5.20052809e-07	1.317784e-11
5.20572101e-07	1.330654e-11
5.21091911e-07	1.349196e-11
5.21612241e-07	1.364952e-11
5.22133090e-07	1.384911e-11
5.22654459e-07	1.399289e-11
5.23176349e-07	1.415410e-11
5.23698760e-07	1.434534e-11
5.24221693e-07	1.440147e-11
5.24745148e-07	1.466710e-11
5.25269125e-07	1.487464e-11
5.25793626e-07	1.506550e-11
5.26318650e-07	1.525423e-11
5.26844199e-07	1.538071e-11
5.27370272e-07	1.559947e-11
5.27896871e-07	1.563382e-11
5.28423996e-07	1.600754e-11
5.28951647e-07	1.618534e-11
5.29479824e-07	1.634494e-11
5.30008530e-07	1.659007e-11
5.30537763e-07	1.678392e-11
5.31067524e-07	1.695541e-11
5.31597815e-07	1.718165e-11
5.32128635e-07	1.739865e-11
5.32659985e-07	1.755608e-11
5.33191866e-07	1.777758e-11
5.33724278e-07	1.800977e-11
5.34257221e-07	1.820192e-11
5.34790697e-07	1.843206e-11
5.35324705e-07	1.866842e-11
5.35859247e-07	1.885281e-11
5.36394322e-07	1.898342e-11
5.36929932e-07	1.935011e-11
5.37466076e-07	1.955683e-11
5.38002756e-07	1.982017e-11
5.38539972e-07	2.000774e-11
5.39077724e-07	2.013287e-11
5.39616013e-07	2.020390e-11
5.40154839e-07	2.057134e-11
5.40694204e-07	2.088943e-11
5.41234107e-07	2.120303e-11
5.41774550e-07	2.133925e-11
5.42315532e-07	2.143695e-11
5.42857054e-07	2.178818e-11
5.43399117e-07	2.180872e-11
5.43941721e-07	2.194943e-11
5.44484867e-07	2.268277e-11
5.45028555e-07	2.290301e-11
5.45572786e-07	2.325651e-11
5.46117561e-07	2.338819e-11
5.46662879e-07	2.349650e-11
5.47208743e-07	2.394351e-11
5.47755151e-07	2.429213e-11
5.48302105e-07	2.445734e-11
5.48849605e-07	2.487910e-11
5.49397651e-07	2.514744e-11
5.49946245e-07	2.551007e-11
5.50495387e-07	2.564081e-11
5.51045077e-07	2.610735e-11
5.51595316e-07	2.607976e-11
5.52146104e-07	2.672207e-11
5.52697443e-07	2.668212e-11
5.53249331e-07	2.723514e-11
5.53801771e-07	2.706901e-11
5.54354763e-07	2.776720e-11
5.54908307e-07	2.827215e-11
5.55462403e-07	2.846135e-11
5.56017053e-07	2.880039e-11
5.56572257e-07	2.879870e-11
5.57128015e-07	2.930396e-11
5.57684328e-07	2.958338e-11
5.58241196e-07	3.020776e-11
5.58798621e-07	3.058779e-11
5.59356602e-07	3.086811e-11
5.59915140e-07	3.121623e-11
5.60474236e-07	3.144402e-11
5.61033890e-07	3.187595e-11
5.61594104e-07	3.211152e-11
5.62154876e-07	3.270851e-11
5.62716209e-07	3.292670e-11
5.63278102e-07	3.337382e-11
5.63840556e-07	3.352844e-11
5.64403571e-07	3.406322e-11
5.64967149e-07	3.452823e-11
5.65531290e-07	3.475520e-11
5.66095994e-07	3.495214e-11
5.66661262e-07	3.557702e-11
5.67227094e-07	3.590416e-11
5.67793491e-07	3.602453e-11
5.68360454e-07	3.501960e-11
5.68927983e-07	3.678094e-11
5.69496079e-07	3.726161e-11
5.70064741e-07	3.765021e-11
5.70633972e-07	3.780012e-11
5.71203771e-07	3.809542e-11
5.71774140e-07	3.815321e-11
5.72345077e-07	3.890731e-11
5.72916585e-07	3.999147e-11
5.73488663e-07	4.051894e-11
5.74061313e-07	4.066615e-11
5.74634535e-07	4.090757e-11
5.75208328e-07	4.129944e-11
5.75782695e-07	4.207900e-11
5.76357636e-07	4.232476e-11
5.76933150e-07	4.304511e-11
5.77509239e-07	4.339964e-11
5.78085904e-07	4.299511e-11
5.78663144e-07	4.395878e-11
5.79240960e-07	4.387750e-11
5.79819354e-07	4.515840e-11
5.80398325e-07	4.478455e-11
5.80977874e-07	4.584601e-11
5.81558002e-07	4.517362e-11
5.82138709e-07	4.738685e-11
5.82719997e-07	4.739980e-11
5.83301864e-07	4.802784e-11
5.83884313e-07	4.736933e-11
5.84467343e-07	4.823479e-11
5.85050955e-07	4.905591e-11
5.85635150e-07	5.002235e-11
5.86219928e-07	4.947613e-11
5.86805291e-07	4.828410e-11
5.87391238e-07	5.126560e-11
5.87977770e-07	5.147714e-11
5.88564887e-07	5.194200e-11
5.89152591e-07	4.730322e-11
5.89740882e-07	5.177591e-11
5.90329760e-07	5.083145e-11
5.90919226e-07	5.388979e-11
5.91509281e-07	5.466789e-11
5.92099925e-07	5.267193e-11
5.92691158e-07	5.531380e-11
5.93282982e-07	5.554399e-11
5.93875397e-07	5.605680e-11
5.94468404e-07	5.659045e-11
5.95062003e-07	5.680215e-11
5.95656194e-07	5.864364e-11
5.96250979e-07	5.874898e-11
5.96846358e-07	5.599414e-11
5.97442331e-07	5.948586e-11
5.98038899e-07	5.967317e-11
5.98636063e-07	6.172275e-11
5.99233823e-07	6.068663e-11
5.99832181e-07	6.274611e-11
6.00431135e-07	5.666703e-11
6.01030688e-07	6.342512e-11
6.01630839e-07	6.347526e-11
6.02231590e-07	6.344412e-11
6.02832941e-07	6.591301e-11
6.03434892e-07	6.684223e-11
6.04037444e-07	6.528181e-11
6.04640598e-07	6.408407e-11
6.05244354e-07	6.726614e-11
6.05848713e-07	6.770563e-11
6.06453675e-07	6.849143e-11
6.07059241e-07	7.063089e-11
6.07665413e-07	7.109159e-11
6.08272189e-07	7.264720e-11
6.08879571e-07	7.397293e-11
6.09487560e-07	7.447902e-11
6.10096156e-07	7.543919e-11
6.10705360e-07	7.441757e-11
6.11315172e-07	7.699942e-11
6.11925592e-07	7.738404e-11
6.12536623e-07	7.691736e-11
6.13148263e-07	7.975556e-11
6.13760515e-07	7.940948e-11
6.14373377e-07	7.802286e-11
6.14986852e-07	8.130868e-11
6.15600939e-07	8.274482e-11
6.16215639e-07	8.238134e-11
6.16830953e-07	8.094234e-11
6.17446882e-07	8.465298e-11
6.18063426e-07	8.543173e-11
6.18680585e-07	8.715882e-11
6.19298360e-07	8.642450e-11
6.19916753e-07	8.647000e-11
6.20535763e-07	8.907564e-11
6.21155390e-07	8.814924e-11
6.21775637e-07	9.199815e-11
6.22396503e-07	9.161397e-11
6.23017989e-07	9.328197e-11
6.23640096e-07	9.177703e-11
6.24262823e-07	9.363056e-11
6.24886173e-07	9.484522e-11
6.25510145e-07	9.638659e-11
6.26134740e-07	9.397708e-11
6.26759959e-07	9.492917e-11
6.27385802e-07	9.704088e-11
6.28012270e-07	9.592007e-11
6.28639363e-07	9.746326e-11
6.29267083e-07	1.025139e-10
6.29895429e-07	1.014200e-10
6.30524403e-07	1.004817e-10
6.31154005e-07	1.015679e-10
6.31784236e-07	1.030355e-10
6.32415096e-07	1.013905e-10
6.33046586e-07	9.993335e-11
6.33678706e-07	1.085559e-10
6.34311458e-07	1.092120e-10
6.34944842e-07	1.088357e-10
6.35578858e-07	1.110728e-10
6.36213507e-07	1.128713e-10
6.36848789e-07	1.131813e-10
6.37484706e-07	1.101433e-10
6.38121259e-07	1.127327e-10
6.38758446e-07	1.126169e-10
6.39396270e-07	1.169129e-10
6.40034731e-07	1.176395e-10
6.40673830e-07	1.173746e-10
6.41313566e-07	1.177548e-10
6.41953941e-07	1.196443e-10
6.42594956e-07	1.218672e-10
6.43236611e-07	1.188165e-10
6.43878907e-07	1.203887e-10
6.44521844e-07	1.162538e-10
6.45165423e-07	1.236528e-10
6.45809644e-07	1.248880e-10
6.46454509e-07	1.240466e-10
6.47100018e-07	1.204481e-10
6.47746171e-07	1.208161e-10
6.48392970e-07	1.252422e-10
6.49040414e-07	1.320328e-10
6.49688505e-07	1.288121e-10
6.50337243e-07	1.339147e-10
6.50986629e-07	1.332899e-10
6.51636663e-07	1.240516e-10
6.52287347e-07	1.293890e-10
6.52938680e-07	1.289355e-10
6.53590663e-07	1.342191e-10
6.54243298e-07	1.355354e-10
6.54896584e-07	1.403614e-10
6.55550522e-07	1.389730e-10
6.56205114e-07	1.322493e-10
6.56860359e-07	1.363809e-10
6.57516258e-07	1.300158e-10
6.58172813e-07	1.427059e-10
6.58830023e-07	9.537060e-11
6.59487889e-07	1.306363e-10
6.60146412e-07	1.454982e-10
6.60805592e-07	1.530878e-10
6.61465431e-07	1.491221e-10
6.62125929e-07	1.533826e-10
6.62787086e-07	9.361760e-11
6.63448904e-07	1.268981e-10
6.64111382e-07	1.565732e-10
6.64774522e-07	1.431901e-10
6.65438324e-07	1.551253e-10
6.66102789e-07	1.583174e-10
6.66767917e-07	1.524837e-10
6.67433710e-07	1.505833e-10
6.68100167e-07	1.605273e-10
6.68767290e-07	1.638011e-10
6.69435079e-07	1.653365e-10
6.70103534e-07	1.685129e-10
6.70772657e-07	1.574218e-10
6.71442449e-07	1.725627e-10
6.72112909e-07	1.669165e-10
6.72784039e-07	1.757789e-10
6.73455838e-07	1.765563e-10
6.74128309e-07	1.614188e-10
6.74801451e-07	1.597839e-10
6.75475265e-07	1.736124e-10
6.76149752e-07	1.834038e-10
6.76824913e-07	1.651464e-10
6.77500748e-07	1.809802e-10
6.78177257e-07	1.840225e-10
6.78854443e-07	1.824875e-10
6.79532304e-07	1.814861e-10
6.80210842e-07	1.877796e-10
6.80890058e-07	1.894484e-10
6.81569952e-07	1.823043e-10
6.82250525e-07	1.863182e-10
6.82931777e-07	1.977647e-10
6.83613710e-07	1.953693e-10
6.84296323e-07	1.976830e-10
6.84979619e-07	2.021096e-10
6.85663596e-07	1.940004e-10
6.86348257e-07	2.034114e-10
6.87033601e-07	2.036019e-10
6.87719629e-07	1.428890e-10
6.88406343e-07	1.913861e-10
6.89093742e-07	2.032049e-10
6.89781828e-07	2.017679e-10
6.90470600e-07	1.993498e-10
6.91160061e-07	1.881048e-10
6.91850210e-07	1.851180e-10
6.92541048e-07	1.457172e-10
6.93232576e-07	1.848887e-10
6.93924794e-07	1.974431e-10
6.94617704e-07	1.918711e-10
6.95311305e-07	1.977632e-10
6.96005599e-07	2.021337e-10
6.96700587e-07	1.984935e-10
6.97396268e-07	2.018290e-10
6.98092644e-07	2.081329e-10
6.98789716e-07	2.153137e-10
6.99487483e-07	2.193967e-10
7.00185947e-07	2.019874e-10
7.00885109e-07	2.023204e-10
7.01584968e-07	2.211573e-10
7.02285527e-07	2.149914e-10
7.02986785e-07	2.008486e-10
7.03688744e-07	2.155924e-10
7.04391403e-07	2.116765e-10
7.05094764e-07	2.083256e-10
7.05798827e-07	2.356600e-10
7.06503593e-07	2.324289e-10
7.07209063e-07	1.955869e-10
7.07915238e-07	2.286916e-10
7.08622117e-07	2.237761e-10
7.09329703e-07	1.868543e-10
7.10037995e-07	2.255278e-10
7.10746994e-07	2.066985e-10
7.11456701e-07	2.348079e-10
7.12167117e-07	1.977869e-10
7.12878242e-07	2.227530e-10
7.13590078e-07	2.245639e-10
7.14302624e-07	2.018935e-10
7.15015881e-07	2.218005e-10
7.15729851e-07	1.985398e-10
7.16444534e-07	1.992107e-10
7.17159931e-07	2.174119e-10
7.17876041e-07	2.058843e-10
7.18592867e-07	2.096229e-10
7.19310409e-07	2.053072e-10
7.20028667e-07	2.109904e-10
7.20747642e-07	1.991954e-10
7.21467335e-07	1.712524e-10
7.22187747e-07	2.141418e-10
7.22908878e-07	2.159850e-10
7.23630730e-07	1.592547e-10
7.24353302e-07	1.920460e-10
7.25076595e-07	2.154878e-10
7.25800611e-07	2.012259e-10
7.26525350e-07	1.991931e-10
7.27250813e-07	2.181943e-10
7.27976999e-07	2.346855e-10
7.28703911e-07	2.197819e-10
7.29431549e-07	2.114038e-10
7.30159914e-07	1.967056e-10
7.30889005e-07	1.892318e-10
7.31618825e-07	2.394907e-10
7.32349374e-07	1.958664e-10
7.33080652e-07	2.302853e-10
7.33812660e-07	2.311727e-10
7.34545399e-07	2.391820e-10
7.35278870e-07	2.367683e-10
7.36013073e-07	2.301413e-10
7.36748009e-07	1.723253e-10
7.37483680e-07	2.358554e-10
7.38220084e-07	2.228159e-10
7.38957224e-07	2.454489e-10
7.39695101e-07	2.701145e-10
7.40433714e-07	2.230926e-10
7.41173064e-07	2.307066e-10
7.41913153e-07	1.776886e-10
7.42653981e-07	2.500469e-10
7.43395548e-07	2.632271e-10
7.44137856e-07	6.580227e-11
7.44880905e-07	2.572077e-10
7.45624697e-07	1.482277e-10
7.46369230e-07	2.386842e-10
7.47114508e-07	2.169487e-10
7.47860529e-07	2.709779e-10
7.48607296e-07	2.480983e-10
7.49354808e-07	2.763663e-10
7.50103066e-07	2.722178e-10
7.50852072e-07	2.168525e-10
7.51601826e-07	2.381167e-10
7.52352328e-07	2.537830e-10
7.53103580e-07	2.365566e-10
7.53855582e-07	2.600387e-10
7.54608334e-07	2.740916e-10
7.55361839e-07	2.766859e-10
7.56116095e-07	2.679887e-10
7.56871105e-07	2.570577e-10
7.57626869e-07	2.749537e-10
7.58383388e-07	2.852027e-10
7.59140662e-07	2.541979e-10
7.59898692e-07	2.795876e-10
7.60657479e-07	2.698758e-10
7.61417023e-07	3.007708e-10
7.62177326e-07	3.105190e-10
7.62938389e-07	3.202731e-10
7.63700211e-07	3.258905e-10
7.64462794e-07	3.204431e-10
7.65226138e-07	2.840301e-10
7.65990245e-07	3.212485e-10
7.66755115e-07	3.262447e-10
7.67520748e-07	3.078213e-10
7.68287146e-07	3.373301e-10
7.69054309e-07	3.194642e-10
7.69822238e-07	2.976971e-10
7.70590934e-07	2.861835e-10
7.71360398e-07	3.192924e-10
7.72130630e-07	2.987496e-10
7.72901631e-07	3.571069e-10
7.73673402e-07	3.296338e-10
7.74445944e-07	3.429595e-10
7.75219257e-07	3.460954e-10
7.75993342e-07	3.560106e-10
7.76768200e-07	3.495628e-10
7.77543832e-07	3.269016e-10
7.78320238e-07	3.546938e-10
7.79097420e-07	3.133542e-10
7.79875377e-07	3.603876e-10
7.80654112e-07	3.756264e-10
7.81433624e-07	3.665095e-10
7.82213914e-07	3.755676e-10
7.82994984e-07	3.812466e-10
7.83776833e-07	3.380670e-10
7.84559463e-07	3.569870e-10
7.85342875e-07	3.711426e-10
7.86127069e-07	3.818818e-10
7.86912046e-07	3.332402e-10
7.87697807e-07	3.868131e-10
7.88484352e-07	3.702579e-10
7.89271683e-07	3.698981e-10
7.90059800e-07	3.709242e-10
7.90848704e-07	3.989130e-10
7.91638396e-07	4.013585e-10
7.92428876e-07	4.071940e-10
7.93220146e-07	4.063595e-10
7.94012205e-07	4.071981e-10
7.94805056e-07	4.070944e-10
7.95598698e-07	4.147108e-10
7.96393133e-07	3.948484e-10
7.97188361e-07	4.339505e-10
7.97984383e-07	4.049449e-10
7.98781200e-07	4.173147e-10
7.99578813e-07	4.267831e-10
8.00377222e-07	4.019482e-10
8.01176428e-07	4.234523e-10
8.01976433e-07	4.283709e-10
8.02777236e-07	4.304053e-10
8.03578839e-07	3.534552e-10
8.04381242e-07	3.968929e-10
8.05184446e-07	4.248028e-10
8.05988453e-07	3.899712e-10
8.06793262e-07	2.877410e-10
8.07598875e-07	2.514344e-10
8.08405293e-07	3.819026e-10
8.09212515e-07	3.320967e-10
8.10020544e-07	3.491715e-10
8.10829379e-07	3.119582e-10
8.11639023e-07	3.092942e-10
8.12449474e-07	2.542540e-10
8.13260735e-07	2.685825e-10
8.14072806e-07	3.711765e-10
8.14885688e-07	2.323890e-10
8.15699382e-07	2.434767e-10
8.16513888e-07	3.925847e-10
8.17329207e-07	3.909535e-10
8.18145341e-07	3.994542e-10
8.18962289e-07	3.729412e-10
8.19780053e-07	3.575103e-10
8.20598634e-07	3.521182e-10
8.21418032e-07	4.075867e-10
8.22238248e-07	4.211804e-10
8.23059284e-07	3.332150e-11
8.23881139e-07	3.830418e-10
8.24703815e-07	3.113656e-10
8.25527312e-07	4.102535e-10
8.26351632e-07	3.660244e-10
8.27176774e-07	4.178492e-10
8.28002741e-07	4.814468e-10
8.28829533e-07	3.142835e-10
8.29657150e-07	2.675326e-10
8.30485593e-07	4.471545e-10
8.31314864e-07	3.774185e-10
8.32144962e-07	4.953740e-10
8.32975890e-07	4.846576e-10
8.33807647e-07	4.475535e-10
8.34640235e-07	2.829902e-10
8.35473654e-07	1.810058e-10
8.36307906e-07	3.636806e-10
8.37142990e-07	3.917098e-10
8.37978908e-07	4.269251e-10
8.38815661e-07	3.159862e-10
8.39653250e-07	4.436447e-10
8.40491675e-07	3.562271e-10
8.41330937e-07	3.899078e-10
8.42171037e-07	4.190779e-10
8.43011976e-07	4.066725e-10
8.43853755e-07	4.228954e-10
8.44696374e-07	4.809244e-10
8.45539834e-07	4.381676e-10
8.46384137e-07	2.262423e-10
8.47229283e-07	4.393646e-10
8.48075273e-07	4.310198e-10
8.48922108e-07	4.861201e-10
8.49769788e-07	4.826429e-10
8.50618314e-07	4.471837e-10
8.51467688e-07	4.690270e-10
8.52317910e-07	4.583538e-10
8.53168981e-07	5.000993e-10
8.54020902e-07	5.139133e-10
8.54873674e-07	4.455232e-10
8.55727297e-07	3.509761e-10
8.56581772e-07	3.970219e-10
8.57437101e-07	4.578200e-10
8.58293284e-07	4.556491e-10
8.59150321e-07	5.257490e-10
8.60008215e-07	4.256546e-10
8.60866965e-07	5.329306e-10
8.61726572e-07	5.212309e-10
8.62587038e-07	5.328026e-10
8.63448363e-07	5.271462e-10
8.64310548e-07	5.360965e-10
8.65173595e-07	5.340856e-10
8.66037502e-07	5.184144e-10
8.66902273e-07	5.919635e-10
8.67767907e-07	5.122743e-10
8.68634405e-07	6.293778e-10
8.69501769e-07	5.087846e-10
8.70369999e-07	5.182098e-10
8.71239096e-07	3.774987e-10
8.72109060e-07	6.112715e-10
8.72979893e-07	5.990006e-10
8.73851596e-07	6.415400e-10
8.74724169e-07	6.157534e-10
8.75597614e-07	5.579426e-10
8.76471930e-07	6.128245e-10
8.77347120e-07	6.788148e-10
8.78223184e-07	5.525770e-10
8.79100122e-07	6.522747e-10
8.79977936e-07	6.664771e-10
8.80856627e-07	6.048368e-10
8.81736195e-07	6.240326e-10
8.82616641e-07	6.589058e-10
8.83497966e-07	5.997176e-10
8.84380172e-07	6.323001e-10
8.85263258e-07	6.885259e-10
8.86147226e-07	6.106948e-10
8.87032077e-07	5.904638e-10
8.87917812e-07	6.576698e-10
8.88804430e-07	6.236255e-10
8.89691935e-07	6.483145e-10
8.90580325e-07	6.863465e-10
8.91469602e-07	5.201045e-10
8.92359768e-07	5.349545e-10
8.93250822e-07	5.492072e-10
8.94142766e-07	6.662153e-10
8.95035601e-07	5.905414e-10
8.95929327e-07	5.771554e-10
8.96823946e-07	5.354795e-10
8.97719458e-07	2.238450e-10
8.98615864e-07	6.359273e-10
8.99513165e-07	6.595128e-10
9.00411362e-07	6.909172e-10
9.01310456e-07	6.463869e-10
9.02210448e-07	6.577291e-10
9.03111339e-07	5.680791e-10
9.04013129e-07	5.564151e-10
9.04915820e-07	6.297594e-10
9.05819412e-07	5.754920e-10
9.06723906e-07	6.934776e-10
9.07629303e-07	5.321236e-10
9.08535605e-07	7.330111e-10
9.09442811e-07	5.319908e-10
9.10350924e-07	6.597154e-10
9.11259943e-07	7.310118e-10
9.12169869e-07	6.694722e-10
9.13080705e-07	3.512975e-10
9.13992450e-07	7.216390e-10
9.14905105e-07	7.414967e-10
9.15818672e-07	6.713296e-11
9.16733151e-07	4.406773e-10
9.17648543e-07	2.443180e-10
9.18564849e-07	6.235149e-10
9.19482070e-07	4.406815e-10
9.20400207e-07	4.587342e-10
9.21319260e-07	4.723753e-10
9.22239232e-07	4.693942e-10
9.23160122e-07	2.168607e-10
9.24081931e-07	3.247232e-10
9.25004661e-07	7.084904e-10
9.25928313e-07	6.198156e-11
9.26852887e-07	4.871773e-10
9.27778384e-07	2.431052e-10
9.28704805e-07	5.089569e-11
9.29632151e-07	2.428401e-10
9.30560423e-07	5.416608e-10
9.31489622e-07	5.931227e-10
9.32419749e-07	6.972149e-11
9.33350805e-07	9.250171e-11
9.34282790e-07	2.301588e-10
9.35215706e-07	3.792292e-10
9.36149554e-07	3.472753e-10
9.37084334e-07	5.198506e-10
9.38020047e-07	2.073417e-11
9.38956695e-07	1.124703e-10
9.39894278e-07	2.947383e-10
9.40832797e-07	5.742345e-10
9.41772253e-07	5.310900e-11
9.42712648e-07	2.015767e-10
9.43653981e-07	1.073229e-10
9.44596255e-07	1.354408e-10
9.45539469e-07	4.019981e-10
9.46483625e-07	4.702921e-10
9.47428724e-07	1.810248e-10
9.48374767e-07	3.090027e-10
9.49321755e-07	3.142522e-10
9.50269687e-07	3.207172e-10
9.51218567e-07	4.774090e-10
9.52168394e-07	2.753096e-10
9.53119169e-07	2.570120e-10
9.54070894e-07	5.762679e-10
9.55023569e-07	4.942170e-10
9.55977196e-07	2.163058e-10
9.56931774e-07	8.251522e-11
9.57887306e-07	4.873143e-10
9.58843792e-07	4.342689e-10
9.59801233e-07	2.273433e-10
9.60759630e-07	1.350051e-10
9.61718984e-07	3.790073e-10
9.62679296e-07	1.276038e-10
9.63640567e-07	9.171750e-11
9.64602798e-07	4.551706e-10
9.65565990e-07	3.078062e-10
9.66530143e-07	4.986116e-10
9.67495259e-07	3.563521e-10
9.68461339e-07	1.701364e-10
9.69428384e-07	2.008288e-10
9.70396394e-07	5.976299e-10
9.71365371e-07	5.235518e-10
9.72335315e-07	4.263730e-10
9.73306228e-07	3.329492e-10
9.74278110e-07	1.105558e-10
9.75250963e-07	1.836343e-10
9.76224787e-07	4.928293e-10
9.77199584e-07	3.691517e-10
9.78175354e-07	3.599220e-10
9.79152098e-07	3.208723e-10
9.80129818e-07	5.545210e-10
9.81108514e-07	4.448208e-10
9.82088187e-07	4.376351e-10
9.83068838e-07	4.421141e-10
9.84050469e-07	3.712528e-10
9.85033080e-07	2.947335e-10
9.86016672e-07	3.404310e-10
9.87001246e-07	5.017509e-10
9.87986804e-07	3.168106e-10
9.88973345e-07	4.592294e-10
9.89960871e-07	4.194178e-10
9.90949384e-07	4.735007e-10
9.91938884e-07	4.268596e-10
9.92929371e-07	4.702769e-10
9.93920848e-07	6.365066e-10
9.94913315e-07	4.808120e-10
9.95906773e-07	4.390363e-10
9.96901223e-07	4.234988e-10
9.97896665e-07	6.048690e-10
9.98893102e-07	6.451643e-10
9.99890534e-07	5.949605e-10
1.00088896e-06	3.537025e-10
1.00188839e-06	3.588459e-10
1.00288881e-06	5.385994e-10
1.00389023e-06	6.532262e-10
1.00489265e-06	5.192544e-10
1.00589607e-06	5.181076e-10
1.00690050e-06	6.615303e-10
1.00790593e-06	6.006627e-10
1.00891236e-06	7.008381e-10
1.00991979e-06	6.717658e-10
1.01092824e-06	4.428157e-10
1.01193769e-06	6.814771e-10
1.01294814e-06	5.498671e-10
1.01395961e-06	6.482112e-10
1.01497209e-06	6.948802e-10
1.01598557e-06	7.386182e-10
1.01700007e-06	6.413963e-10
1.01801558e-06	6.526793e-10
1.01903211e-06	7.776671e-10
1.02004965e-06	4.718520e-10
1.02106821e-06	7.646940e-10
1.02208778e-06	7.557272e-10
1.02310838e-06	6.271998e-10
1.02412999e-06	6.968929e-10
1.02515262e-06	7.493855e-10
1.02617627e-06	6.412902e-10
1.02720095e-06	7.720235e-10
1.02822665e-06	7.049461e-10
1.02925337e-06	7.139055e-10
1.03028112e-06	7.222967e-10
1.03130989e-06	8.058055e-10
1.03233969e-06	7.495135e-10
1.03337052e-06	8.153385e-10
1.03440238e-06	8.822572e-10
1.03543527e-06	8.330012e-10
1.03646919e-06	8.893281e-10
1.03750414e-06	7.518355e-10
1.03854013e-06	8.077070e-10
1.03957715e-06	8.769051e-10
1.04061521e-06	8.888057e-10
1.04165430e-06	7.723676e-10
1.04269443e-06	7.821043e-10
1.04373560e-06	8.453798e-10
1.04477781e-06	8.200583e-10
1.04582106e-06	9.046726e-10
1.04686535e-06	7.115574e-10
1.04791068e-06	7.689536e-10
1.04895706e-06	8.543755e-10
1.05000448e-06	8.223724e-10
1.05105295e-06	7.936710e-10
1.05210246e-06	7.858978e-10
1.05315303e-06	9.768590e-10
1.05420464e-06	9.756137e-10
1.05525730e-06	1.027073e-09
1.05631102e-06	9.518852e-10
1.05736578e-06	1.006386e-09
1.05842160e-06	1.027443e-09
1.05947847e-06	9.050023e-10
1.06053640e-06	8.626824e-10
1.06159539e-06	9.685045e-10
1.06265543e-06	9.993074e-10
1.06371653e-06	9.590903e-10
1.06477869e-06	1.058106e-09
1.06584191e-06	9.647323e-10
1.06690619e-06	9.606168e-10
1.06797154e-06	1.003227e-09
1.06903795e-06	8.622738e-10
1.07010542e-06	1.052241e-09
1.07117396e-06	8.978695e-10
1.07224357e-06	1.099091e-09
1.07331424e-06	1.070728e-09
1.07438599e-06	1.160851e-09
1.07545880e-06	1.102197e-09
1.07653269e-06	9.447795e-10
1.07760765e-06	9.959790e-10
1.07868368e-06	5.904431e-10
1.07976078e-06	9.714416e-10
1.08083896e-06	1.081243e-09
1.08191822e-06	1.059961e-09
1.08299856e-06	1.107936e-09
1.08407997e-06	1.096679e-09
1.08516247e-06	1.012334e-09
1.08624604e-06	8.637879e-10
1.08733070e-06	8.745020e-10
1.08841644e-06	9.684679e-10
1.08950326e-06	7.794925e-10
1.09059117e-06	9.021978e-10
1.09168017e-06	3.461546e-10
1.09277025e-06	3.647256e-10
1.09386142e-06	4.101321e-10
1.09495368e-06	3.847384e-10
1.09604703e-06	2.057905e-10
1.09714148e-06	4.392776e-10
1.09823701e-06	7.223544e-10
1.09933364e-06	6.793644e-10
1.10043137e-06	3.814661e-10
1.10153019e-06	4.700016e-10
1.10263011e-06	4.976186e-10
1.10373113e-06	8.904671e-10
1.10483324e-06	5.328541e-10
1.10593646e-06	3.900886e-10
1.10704078e-06	6.181405e-10
1.10814620e-06	4.743548e-10
1.10925273e-06	4.172842e-10
1.11036036e-06	1.234800e-10
1.11146909e-06	5.288138e-10
1.11257893e-06	5.425787e-10
1.11368989e-06	5.003297e-10
1.11480195e-06	1.331988e-10
1.11591512e-06	6.946439e-10
1.11702940e-06	2.704361e-10
1.11814480e-06	6.354975e-10
1.11926130e-06	2.000011e-10
1.12037893e-06	5.684375e-11
1.12149767e-06	6.491159e-10
1.12261752e-06	6.470081e-10
1.12373850e-06	5.825310e-10
1.12486059e-06	5.849630e-10
1.12598381e-06	6.163311e-10
1.12710815e-06	6.860024e-10
1.12823361e-06	1.980662e-10
1.12936019e-06	1.176088e-10
1.13048790e-06	6.037546e-10
1.13161673e-06	3.923363e-10
1.13274669e-06	7.865563e-10
1.13387778e-06	6.902871e-10
1.13501000e-06	4.041712e-10
1.13614335e-06	4.453458e-10
1.13727783e-06	5.372290e-10
1.13841345e-06	7.844482e-10
1.13955019e-06	7.393382e-10
1.14068808e-06	6.576151e-10
1.14182710e-06	4.447781e-10
1.14296725e-06	4.598557e-10
1.14410855e-06	1.627015e-10
1.14525098e-06	6.064831e-10
1.14639456e-06	2.840759e-10
1.14753928e-06	4.980598e-10
1.14868514e-06	3.385873e-10
1.14983214e-06	1.713198e-10
1.15098029e-06	4.014421e-10
1.15212959e-06	7.701642e-10
1.15328003e-06	2.339951e-10
1.15443162e-06	3.142987e-10
1.15558437e-06	4.124316e-10
1.15673826e-06	6.512921e-10
1.15789331e-06	3.965127e-10
1.15904951e-06	6.423769e-10
1.16020686e-06	5.402480e-10
1.16136537e-06	5.363956e-10
1.16252504e-06	6.820845e-11
1.16368586e-06	8.138315e-11
1.16484784e-06	3.656760e-10
1.16601099e-06	6.209350e-10
1.16717529e-06	3.943896e-10
1.16834076e-06	8.853024e-11
1.16950739e-06	1.119838e-10
1.17067519e-06	3.201742e-10
1.17184415e-06	6.913754e-10
1.17301428e-06	4.814605e-10
1.17418558e-06	5.046687e-10
1.17535805e-06	5.998993e-10
1.17653168e-06	4.610752e-10
1.17770650e-06	4.137136e-10
1.17888248e-06	3.287864e-10
1.18005964e-06	2.909598e-10
1.18123797e-06	5.475614e-10
1.18241748e-06	9.634976e-11
1.18359817e-06	3.438094e-10
1.18478003e-06	4.980944e-10
1.18596308e-06	1.852527e-10
1.18714731e-06	8.756295e-10
1.18833272e-06	6.910450e-10
1.18951931e-06	3.493882e-10
1.19070709e-06	4.246773e-10
1.19189606e-06	5.992974e-10
1.19308621e-06	8.325492e-10
1.19427755e-06	6.946451e-10
1.19547008e-06	8.791380e-10
1.19666380e-06	7.626889e-10
1.19785872e-06	7.451350e-10
1.19905482e-06	4.511516e-10
1.20025212e-06	9.197452e-10
1.20145062e-06	8.159430e-10
1.20265031e-06	7.579900e-10
1.20385120e-06	1.043940e-09
1.20505329e-06	6.638926e-10
1.20625658e-06	6.737826e-10
1.20746108e-06	8.745898e-10
1.20866677e-06	9.090427e-10
1.20987367e-06	4.055629e-10
1.21108177e-06	8.303591e-10
1.21229108e-06	6.447599e-10
1.21350160e-06	8.431409e-10
1.21471333e-06	9.301678e-10
1.21592626e-06	6.250017e-10
1.21714041e-06	8.635931e-10
1.21835577e-06	1.035353e-09
1.21957234e-06	1.171371e-09
1.22079013e-06	7.088028e-10
1.22200914e-06	9.666037e-10
1.22322936e-06	8.275172e-10
1.22445080e-06	1.055353e-09
1.22567346e-06	8.735036e-10
1.22689734e-06	8.688264e-10
1.22812244e-06	1.004585e-09
1.22934876e-06	8.220383e-10
1.23057631e-06	7.823802e-10
1.23180509e-06	6.515213e-10
1.23303509e-06	1.020635e-09
1.23426633e-06	8.634980e-10
1.23549879e-06	8.854353e-10
1.23673248e-06	7.582823e-10
1.23796740e-06	9.773855e-10
1.23920356e-06	1.106108e-09
1.24044095e-06	9.440541e-10
1.24167957e-06	1.170505e-09
1.24291944e-06	9.260477e-10
1.24416054e-06	9.700614e-10
1.24540288e-06	1.273096e-09
1.24664646e-06	1.256578e-09
1.24789128e-06	1.234114e-09
1.24913735e-06	1.282940e-09
1.25038466e-06	1.315461e-09
1.25163321e-06	1.223401e-09
1.25288301e-06	1.321787e-09
1.25413407e-06	1.321340e-09
1.25538636e-06	8.830131e-10
1.25663991e-06	1.207849e-09
1.25789472e-06	1.065267e-09
1.25915077e-06	1.393010e-09
1.26040808e-06	9.470557e-10
1.26166664e-06	1.259539e-09
1.26292646e-06	1.399539e-09
1.26418754e-06	1.296999e-09
1.26544988e-06	1.327880e-09
1.26671348e-06	1.447847e-09
1.26797834e-06	1.491247e-09
1.26924446e-06	1.302226e-09
1.27051185e-06	5.689974e-10
1.27178050e-06	1.487715e-09
1.27305042e-06	1.160543e-09
1.27432161e-06	1.652838e-09
1.27559407e-06	1.411995e-09
1.27686780e-06	1.208237e-09
1.27814280e-06	1.484815e-09
1.27941907e-06	1.194694e-09
1.28069662e-06	1.220649e-09
1.28197544e-06	1.189058e-09
1.28325554e-06	5.898065e-10
1.28453692e-06	1.206648e-09
1.28581958e-06	1.398489e-09
1.28710351e-06	1.558674e-09
1.28838874e-06	1.350672e-09
1.28967524e-06	8.285547e-10
1.29096303e-06	1.367564e-09
1.29225210e-06	1.344452e-09
1.29354246e-06	1.670512e-09
1.29483411e-06	1.007897e-09
1.29612705e-06	1.369408e-09
1.29742128e-06	1.206703e-09
1.29871681e-06	1.519515e-09
1.30001362e-06	1.756627e-09
1.30131174e-06	1.254038e-09
1.30261114e-06	1.213054e-09
1.30391185e-06	1.307300e-09
1.30521385e-06	1.382134e-09
1.30651716e-06	1.202691e-09
1.30782176e-06	1.195058e-09
1.30912767e-06	3.177978e-10
1.31043489e-06	8.262859e-10
1.31174340e-06	6.096717e-10
1.31305323e-06	1.348001e-09
1.31436436e-06	1.073837e-09
1.31567680e-06	1.322521e-09
1.31699055e-06	7.599512e-10
1.31830562e-06	1.081137e-09
1.31962199e-06	9.765458e-10
1.32093969e-06	9.768581e-10
1.32225869e-06	1.176140e-09
1.32357902e-06	1.081619e-09
1.32490066e-06	1.031980e-09
1.32622362e-06	5.688676e-10
1.32754791e-06	1.552497e-09
1.32887351e-06	5.756280e-10
1.33020044e-06	4.424631e-10
1.33152870e-06	1.109443e-09
1.33285828e-06	3.295126e-10
1.33418918e-06	6.418182e-10
1.33552142e-06	6.570447e-10
1.33685499e-06	4.395043e-10
1.33818989e-06	3.707954e-10
1.33952612e-06	5.516202e-10
1.34086369e-06	6.312935e-10
1.34220259e-06	8.812614e-10
1.34354283e-06	1.937837e-10
1.34488441e-06	1.026894e-10
1.34622732e-06	6.145472e-10
1.34757158e-06	2.964676e-10
1.34891718e-06	4.159726e-10
1.35026412e-06	1.823563e-10
1.35161241e-06	1.529718e-10
1.35296205e-06	2.994141e-10
1.35431303e-06	2.137588e-10
1.35566536e-06	1.580378e-10
1.35701905e-06	2.915926e-10
1.35837408e-06	1.211570e-10
1.35973047e-06	3.212341e-10
1.36108821e-06	1.066204e-10
1.36244730e-06	1.952415e-10
1.36380776e-06	5.291305e-10
1.36516957e-06	4.452459e-10
1.36653274e-06	2.718146e-10
1.36789728e-06	2.575518e-10
1.36926317e-06	2.013566e-10
1.37063043e-06	2.175870e-10
1.37199906e-06	4.267468e-10
1.37336905e-06	5.400576e-10
1.37474041e-06	4.072199e-10
1.37611314e-06	2.552264e-10
1.37748724e-06	6.707639e-10
1.37886271e-06	3.185938e-10
1.38023956e-06	2.156776e-10
1.38161778e-06	6.234920e-10
1.38299737e-06	3.080409e-10
1.38437835e-06	2.090432e-10
1.38576070e-06	1.889993e-10
1.38714443e-06	3.785912e-10
1.38852955e-06	5.416598e-10
1.38991605e-06	1.253589e-10
1.39130393e-06	5.106282e-10
1.39269320e-06	1.457411e-10
1.39408385e-06	6.038558e-10
1.39547590e-06	3.070247e-10
1.39686933e-06	3.253634e-10
1.39826416e-06	4.838549e-10
1.39966038e-06	1.373994e-10
1.40105799e-06	1.468317e-10
1.40245700e-06	5.342395e-10
1.40385740e-06	4.891664e-10
1.40525921e-06	1.805953e-10
1.40666241e-06	1.527299e-10
1.40806702e-06	4.609683e-10
1.40947302e-06	3.011798e-10
1.41088043e-06	2.077406e-10
1.41228925e-06	3.300369e-10
1.41369947e-06	2.790372e-10
1.41511110e-06	4.533084e-10
1.41652415e-06	7.002336e-10
1.41793860e-06	3.375181e-10
1.41935446e-06	2.216979e-10
1.42077174e-06	1.325565e-10
1.42219043e-06	1.918296e-10
1.42361054e-06	1.595949e-10
1.42503207e-06	2.771071e-10
1.42645502e-06	4.453644e-10
1.42787939e-06	3.104696e-10
1.42930518e-06	1.918068e-10
1.43073239e-06	4.858980e-10
1.43216103e-06	2.071066e-10
1.43359110e-06	4.318138e-10
1.43502259e-06	4.413924e-10
1.43645551e-06	3.256330e-10
1.43788987e-06	3.534795e-10
1.43932565e-06	4.519839e-10
1.44076287e-06	3.459487e-10
1.44220153e-06	4.239521e-10
1.44364162e-06	6.166382e-10
1.44508315e-06	2.783443e-10
1.44652612e-06	4.605292e-10
1.44797053e-06	3.126031e-10
1.44941638e-06	5.526652e-10
1.45086368e-06	2.289881e-10
1.45231242e-06	4.863754e-10
1.45376261e-06	2.490689e-10
1.45521424e-06	5.239343e-10
1.45666733e-06	1.498882e-10
1.45812186e-06	1.823411e-10
1.45957785e-06	2.152415e-10
1.46103529e-06	5.604652e-10
1.46249419e-06	2.558531e-10
1.46395455e-06	2.560371e-10
1.46541636e-06	6.188881e-10
1.46687963e-06	2.892113e-10
1.46834437e-06	4.057496e-10
1.46981056e-06	4.769120e-10
1.47127822e-06	5.776926e-10
1.47274735e-06	7.511813e-10
1.47421794e-06	2.596798e-10
1.47569000e-06	2.417083e-10
1.47716353e-06	4.063217e-10
1.47863854e-06	2.245918e-10
1.48011501e-06	3.588935e-10
1.48159296e-06	5.058266e-10
1.48307239e-06	8.283658e-10
1.48455329e-06	2.792135e-10
1.48603567e-06	4.095676e-10
1.48751953e-06	5.888613e-10
1.48900488e-06	7.019871e-10
1.49049170e-06	3.848873e-10
1.49198001e-06	6.066134e-10
1.49346981e-06	2.447392e-10
1.49496110e-06	9.023003e-10
1.49645387e-06	2.731608e-10
1.49794813e-06	7.815004e-10
1.49944389e-06	7.280111e-10
1.50094114e-06	5.228328e-10
1.50243989e-06	5.079942e-10
1.50394013e-06	5.041859e-10
1.50544187e-06	5.619990e-10
1.50694511e-06	4.767707e-10
1.50844985e-06	6.624879e-10
1.50995609e-06	5.744819e-10
1.51146384e-06	5.590699e-10
1.51297309e-06	8.679416e-10
1.51448385e-06	5.890173e-10
1.51599612e-06	8.636915e-10
1.51750990e-06	4.122674e-10
1.51902519e-06	2.927285e-10
1.52054199e-06	6.730253e-10
1.52206031e-06	3.876378e-10
1.52358014e-06	6.031251e-10
1.52510149e-06	5.853421e-10
1.52662436e-06	9.989567e-10
1.52814875e-06	5.390169e-10
1.52967467e-06	1.224384e-09
1.53120210e-06	2.712895e-10
1.53273107e-06	7.893077e-10
1.53426156e-06	4.592624e-10
1.53579357e-06	6.461351e-10
1.53732712e-06	2.824339e-10
1.53886220e-06	7.313674e-10
1.54039881e-06	9.045425e-10
1.54193695e-06	7.828685e-10
1.54347663e-06	8.576071e-10
1.54501785e-06	1.173936e-09
1.54656061e-06	4.868437e-10
1.54810491e-06	9.915885e-10
1.54965075e-06	6.556275e-10
1.55119813e-06	9.246610e-10
1.55274706e-06	9.580818e-10
1.55429754e-06	1.095165e-09
1.55584956e-06	9.975162e-10
1.55740313e-06	7.137152e-10
1.55895826e-06	9.968597e-10
1.56051494e-06	1.088151e-09
1.56207317e-06	1.084434e-09
1.56363296e-06	1.123284e-09
1.56519430e-06	7.015655e-10
1.56675721e-06	1.094786e-09
1.56832167e-06	1.075921e-09
1.56988770e-06	1.118395e-09
1.57145529e-06	9.841413e-10
1.57302445e-06	5.857150e-10
1.57459517e-06	1.166844e-09
1.57616746e-06	1.036699e-09
1.57774132e-06	1.280551e-09
1.57931676e-06	1.220029e-09
1.58089376e-06	1.327919e-09
1.58247234e-06	6.072218e-10
1.58405250e-06	1.071550e-09
1.58563424e-06	1.218632e-09
1.58721755e-06	1.007497e-09
1.58880245e-06	1.455250e-09
1.59038892e-06	6.898911e-10
1.59197699e-06	1.082095e-09
1.59356663e-06	1.440478e-09
1.59515787e-06	1.571298e-09
1.59675069e-06	1.321904e-09
1.59834511e-06	1.020275e-09
1.59994111e-06	1.270900e-09
1.60153872e-06	1.244477e-09
1.60313791e-06	1.066594e-09
1.60473870e-06	1.585098e-09
1.60634109e-06	1.353947e-09
1.60794509e-06	1.473681e-09
1.60955068e-06	1.432447e-09
1.61115787e-06	1.438985e-09
1.61276668e-06	1.395358e-09
1.61437708e-06	1.541274e-09
1.61598910e-06	1.409827e-09
1.61760272e-06	1.547787e-09
1.61921796e-06	1.317170e-09
1.62083481e-06	1.531446e-09
1.62245327e-06	1.430195e-09
1.62407335e-06	1.314102e-09
1.62569505e-06	1.454323e-09
1.62731837e-06	1.451893e-09
1.62894330e-06	1.647431e-09
1.63056986e-06	1.567289e-09
1.63219805e-06	4.866765e-10
1.63382786e-06	1.632118e-09
1.63545930e-06	1.441051e-09
1.63709236e-06	1.447561e-09
1.63872706e-06	1.493718e-09
1.64036339e-06	1.385021e-09
1.64200135e-06	1.863173e-09
1.64364095e-06	1.655958e-09
1.64528219e-06	1.562336e-09
1.64692506e-06	1.553641e-09
1.64856958e-06	1.628702e-09
1.65021574e-06	1.686532e-09
1.65186354e-06	1.519180e-09
1.65351299e-06	1.761687e-09
1.65516408e-06	1.729377e-09
1.65681682e-06	1.763537e-09
1.65847122e-06	1.660345e-09
1.66012726e-06	1.579897e-09
1.66178496e-06	1.629384e-09
1.66344431e-06	1.705210e-09
1.66510532e-06	1.765463e-09
1.66676799e-06	1.593724e-09
1.66843232e-06	1.720070e-09
1.67009831e-06	1.245302e-09
1.67176597e-06	1.114488e-09
1.67343529e-06	1.662782e-09
1.67510628e-06	1.650335e-09
1.67677893e-06	1.738568e-09
1.67845326e-06	1.156836e-09
1.68012926e-06	1.741399e-09
1.68180693e-06	1.982623e-09
1.68348627e-06	1.429714e-09
1.68516730e-06	1.555474e-09
1.68685000e-06	9.509527e-10
1.68853438e-06	1.642577e-09
1.69022045e-06	1.804648e-09
1.69190819e-06	1.225409e-09
1.69359763e-06	1.848237e-09
1.69528875e-06	1.201063e-09
1.69698156e-06	1.544058e-09
1.69867605e-06	1.804471e-09
1.70037225e-06	1.521747e-09
1.70207013e-06	1.678904e-09
1.70376971e-06	1.114735e-09
1.70547099e-06	1.437821e-09
1.70717396e-06	1.659050e-09
1.70887864e-06	1.517396e-09
1.71058502e-06	1.847194e-09
1.71229310e-06	1.575672e-09
1.71400289e-06	1.294045e-09
1.71571438e-06	1.082521e-09
1.71742759e-06	1.082904e-09
1.71914250e-06	1.067352e-09
1.72085913e-06	9.571194e-10
1.72257747e-06	1.108439e-09
1.72429753e-06	1.598080e-09
1.72601931e-06	1.465907e-09
1.72774280e-06	1.093022e-09
1.72946801e-06	9.908628e-10
1.73119495e-06	1.222974e-09
1.73292362e-06	1.168158e-09
1.73465400e-06	1.152176e-09
1.73638612e-06	1.428655e-09
1.73811997e-06	1.276358e-09
1.73985554e-06	6.930502e-10
1.74159285e-06	1.316846e-09
1.74333190e-06	1.335405e-09
1.74507268e-06	8.799272e-10
1.74681520e-06	3.241230e-10
1.74855946e-06	1.580015e-09
1.75030546e-06	4.573353e-10
1.75205321e-06	5.256680e-10
1.75380270e-06	1.065293e-09
1.75555393e-06	3.930995e-10
1.75730692e-06	5.651636e-10
1.75906165e-06	1.423972e-09
1.76081814e-06	1.222639e-09
1.76257638e-06	1.210281e-09
1.76433638e-06	1.217329e-09
1.76609814e-06	1.239906e-09
1.76786165e-06	3.172910e-10
1.76962693e-06	1.502911e-09
1.77139397e-06	1.034548e-09
1.77316277e-06	8.134041e-10
1.77493334e-06	8.048976e-10
1.77670567e-06	9.504972e-10
1.77847978e-06	5.765209e-10
1.78025566e-06	8.818742e-10
1.78203331e-06	6.320849e-10
1.78381274e-06	8.574369e-10
1.78559394e-06	1.108095e-09
1.78737692e-06	1.081228e-09
1.78916168e-06	9.628317e-10
1.79094823e-06	7.097606e-10
1.79273655e-06	5.552975e-10
1.79452667e-06	1.306121e-09
1.79631857e-06	3.297660e-10
1.79811226e-06	8.459928e-10
1.79990774e-06	1.052844e-09
1.80170502e-06	6.026124e-10
1.80350409e-06	5.612474e-10
1.80530495e-06	1.034256e-09
1.80710762e-06	5.433135e-10
1.80891208e-06	5.151685e-10
1.81071835e-06	3.881046e-10
1.81252641e-06	3.927530e-10
1.81433629e-06	7.766743e-10
1.81614797e-06	1.260283e-09
1.81796146e-06	6.803440e-10
1.81977676e-06	7.299912e-10
1.82159388e-06	5.454908e-10
1.82341281e-06	4.249172e-10
1.82523355e-06	7.978849e-10
1.82705612e-06	7.168209e-10
1.82888050e-06	3.624352e-10
1.83070670e-06	7.967547e-10
1.83253473e-06	4.134374e-10
1.83436459e-06	1.258928e-09
1.83619627e-06	4.178439e-10
1.83802978e-06	9.355616e-10
1.83986512e-06	3.772301e-10
1.84170229e-06	1.141377e-09
1.84354130e-06	4.691419e-10
1.84538214e-06	1.087275e-09
1.84722483e-06	4.032620e-10
1.84906935e-06	1.302840e-09
1.85091571e-06	1.061418e-09
1.85276392e-06	1.300437e-09
1.85461397e-06	8.440222e-10
1.85646588e-06	7.910411e-10
1.85831963e-06	8.408518e-10
1.86017523e-06	7.897798e-10
1.86203268e-06	7.114332e-10
1.86389199e-06	9.058473e-10
1.86575315e-06	9.602267e-10
1.86761618e-06	6.981214e-10
1.86948106e-06	1.120926e-09
1.87134781e-06	8.430956e-10
1.87321642e-06	8.091124e-10
1.87508689e-06	1.014378e-09
1.87695924e-06	9.854467e-10
1.87883345e-06	8.822414e-10
1.88070954e-06	1.268349e-09
1.88258749e-06	1.160229e-09
1.88446733e-06	1.057306e-09
1.88634904e-06	1.488485e-09
1.88823263e-06	1.080480e-09
1.89011810e-06	6.566074e-10
1.89200545e-06	1.032215e-09
1.89389469e-06	4.002677e-10
1.89578581e-06	1.324139e-09
1.89767882e-06	9.899567e-10
1.89957373e-06	1.066496e-09
1.90147052e-06	4.502841e-10
1.90336921e-06	6.631346e-10
1.90526980e-06	9.455874e-10
1.90717228e-06	5.987907e-10
1.90907666e-06	1.238613e-09
1.91098294e-06	1.038128e-09
1.91289113e-06	7.642369e-10
1.91480122e-06	1.249177e-09
1.91671322e-06	8.657514e-10
1.91862713e-06	1.230899e-09
1.92054295e-06	1.106884e-09
1.92246069e-06	8.586782e-10
1.92438033e-06	1.177243e-09
1.92630190e-06	8.785239e-10
1.92822538e-06	1.040546e-09
1.93015079e-06	1.220334e-09
1.93207812e-06	1.271187e-09
1.93400737e-06	7.352474e-10
1.93593855e-06	1.003879e-09
1.93787165e-06	9.104603e-10
1.93980669e-06	4.923905e-10
1.94174366e-06	1.307106e-09
1.94368256e-06	9.759587e-10
1.94562340e-06	1.121138e-09
1.94756618e-06	7.933462e-10
1.94951089e-06	1.036197e-09
1.95145755e-06	1.181564e-09
1.95340615e-06	4.512998e-10
1.95535670e-06	8.713793e-10
1.95730920e-06	8.289207e-10
1.95926364e-06	1.352521e-09
1.96122004e-06	1.062766e-09
1.96317839e-06	1.164940e-09
1.96513870e-06	6.971518e-10
1.96710096e-06	1.181315e-09
1.96906519e-06	1.111754e-09
1.97103137e-06	8.957600e-10
1.97299952e-06	7.639326e-10
1.97496963e-06	1.225922e-09
1.97694171e-06	9.977368e-10
1.97891576e-06	1.513830e-09
1.98089178e-06	1.124393e-09
1.98286978e-06	7.387902e-10
1.98484975e-06	7.610527e-10
1.98683169e-06	7.892848e-10
1.98881562e-06	1.421513e-09
1.99080152e-06	5.203160e-10
1.99278941e-06	7.734099e-10
1.99477929e-06	1.231207e-09
1.99677115e-06	7.839224e-10
1.99876500e-06	1.271485e-09
2.00076084e-06	1.336609e-09
2.00275867e-06	1.248434e-09
2.00475850e-06	1.143530e-09
2.00676033e-06	1.373899e-09
2.00876415e-06	4.649779e-10
2.01076998e-06	7.936343e-10
2.01277780e-06	1.286070e-09
2.01478764e-06	1.108747e-09
2.01679948e-06	6.753661e-10
2.01881333e-06	5.044418e-10
2.02082919e-06	1.141858e-09
2.02284706e-06	1.066296e-09
2.02486695e-06	8.449646e-10
2.02688885e-06	1.162146e-09
2.02891278e-06	8.783175e-10
2.03093872e-06	8.509089e-10
2.03296669e-06	9.952363e-10
2.03499668e-06	1.008276e-09
2.03702870e-06	1.254816e-09
2.03906275e-06	1.061803e-09
2.04109883e-06	1.194712e-09
2.04313694e-06	1.205278e-09
2.04517709e-06	1.435884e-09
2.04721927e-06	1.176160e-09
2.04926350e-06	1.435803e-09
2.05130976e-06	1.442075e-09
2.05335807e-06	7.205087e-10
2.05540843e-06	1.547635e-09
2.05746083e-06	1.325650e-09
2.05951528e-06	1.457905e-09
2.06157178e-06	8.611774e-10
2.06363034e-06	1.310445e-09
2.06569095e-06	1.434751e-09
2.06775362e-06	8.274316e-10
2.06981835e-06	1.634433e-09
2.07188514e-06	1.388206e-09
2.07395399e-06	1.365808e-09
2.07602491e-06	1.286650e-09
2.07809790e-06	1.477036e-09
2.08017296e-06	1.489543e-09
2.08225009e-06	1.615089e-09
2.08432929e-06	1.156997e-09
2.08641057e-06	9.300543e-10
2.08849393e-06	1.145611e-09
2.09057937e-06	1.268616e-09
2.09266689e-06	1.628613e-09
2.09475649e-06	1.197397e-09
2.09684818e-06	1.266816e-09
2.09894197e-06	1.480971e-09
2.10103784e-06	1.368454e-09
2.10313580e-06	1.521135e-09
2.10523586e-06	1.470663e-09
2.10733802e-06	1.213067e-09
2.10944227e-06	1.644618e-09
2.11154863e-06	1.164880e-09
2.11365709e-06	1.437492e-09
2.11576765e-06	1.606600e-09
2.11788032e-06	1.544797e-09
2.11999511e-06	1.282907e-09
2.12211200e-06	1.621799e-09
2.12423101e-06	1.662028e-09
2.12635213e-06	1.553739e-09
2.12847537e-06	1.068544e-09
2.13060073e-06	1.370882e-09
2.13272822e-06	1.565756e-09
2.13485783e-06	1.518336e-09
2.13698956e-06	1.294848e-09
2.13912342e-06	1.659768e-09
2.14125942e-06	1.363983e-09
2.14339754e-06	1.034045e-09
2.14553781e-06	1.700057e-09
2.14768021e-06	1.732837e-09
2.14982474e-06	1.272868e-09
2.15197142e-06	1.625191e-09
2.15412025e-06	1.592618e-09
2.15627122e-06	1.716565e-09
2.15842433e-06	1.771420e-09
2.16057960e-06	1.393286e-09
2.16273702e-06	1.727119e-09
2.16489659e-06	1.608101e-09
2.16705832e-06	1.705281e-09
2.16922221e-06	1.661994e-09
2.17138826e-06	1.295745e-09
2.17355647e-06	1.705357e-09
2.17572684e-06	1.364306e-09
2.17789939e-06	1.708509e-09
2.18007410e-06	1.593688e-09
2.18225099e-06	1.563823e-09
2.18443005e-06	1.373912e-09
2.18661128e-06	1.292048e-09
2.18879469e-06	1.633698e-09
2.19098028e-06	1.506113e-09
2.19316806e-06	1.688250e-09
2.19535802e-06	1.601633e-09
2.19755017e-06	1.611357e-09
2.19974450e-06	1.661792e-09
2.20194103e-06	1.564015e-09
2.20413975e-06	1.554739e-09
2.20634066e-06	1.586614e-09
2.20854377e-06	1.130972e-09
2.21074909e-06	1.258331e-09
2.21295660e-06	1.593133e-09
2.21516632e-06	1.625886e-09
2.21737825e-06	1.586711e-09
2.21959238e-06	7.942667e-10
2.22180873e-06	1.470840e-09
2.22402729e-06	1.653412e-09
2.22624806e-06	1.624237e-09
2.22847105e-06	1.612908e-09
2.23069626e-06	1.708195e-09
2.23292369e-06	8.570850e-10
2.23515335e-06	1.630120e-09
2.23738523e-06	1.655501e-09
2.23961935e-06	1.712914e-09
2.24185569e-06	9.939567e-10
2.24409427e-06	1.694485e-09
2.24633508e-06	1.563667e-09
2.24857813e-06	1.671861e-09
2.25082341e-06	1.563733e-09
2.25307094e-06	1.659544e-09
2.25532072e-06	1.607343e-09
2.25757274e-06	1.662344e-09
2.25982701e-06	1.636987e-09
2.26208353e-06	1.711077e-09
2.26434231e-06	1.447687e-09
2.26660334e-06	1.568380e-09
2.26886662e-06	1.547138e-09
2.27113217e-06	1.649844e-09
2.27339998e-06	1.566464e-09
2.27567005e-06	1.629071e-09
2.27794240e-06	1.608365e-09
2.28021700e-06	1.355517e-09
2.28249389e-06	1.349028e-09
2.28477304e-06	1.655589e-09
2.28705447e-06	1.546630e-09
2.28933818e-06	1.649430e-09
2.29162417e-06	1.435381e-09
2.29391244e-06	7.531293e-10
2.29620300e-06	1.464097e-09
2.29849584e-06	1.110352e-09
2.30079097e-06	1.492538e-09
2.30308840e-06	1.213664e-09
2.30538812e-06	1.544230e-09
2.30769013e-06	1.395236e-09
2.30999445e-06	1.223929e-09
2.31230106e-06	1.501525e-09
2.31460998e-06	1.545787e-09
2.31692121e-06	1.576522e-09
2.31923474e-06	1.620710e-09
2.32155058e-06	1.583415e-09
2.32386873e-06	1.533582e-09
2.32618920e-06	1.507865e-09
2.32851199e-06	9.592189e-10
2.33083709e-06	1.567926e-09
2.33316452e-06	1.379184e-09
2.33549427e-06	1.338436e-09
2.33782635e-06	1.464539e-09
2.34016076e-06	1.486314e-09
2.34249749e-06	1.416558e-09
2.34483656e-06	8.531543e-10
2.34717797e-06	1.597273e-09
2.34952171e-06	1.146805e-09
2.35186780e-06	1.643103e-09
2.35421623e-06	1.553514e-09
2.35656700e-06	1.602436e-09
2.35892012e-06	1.396583e-09
2.36127559e-06	1.507492e-09
2.36363341e-06	1.601815e-09
2.36599358e-06	1.586658e-09
2.36835612e-06	1.641174e-09
2.37072101e-06	1.377615e-09
2.37308826e-06	8.432496e-10
2.37545788e-06	1.429685e-09
2.37782986e-06	1.656241e-09
2.38020421e-06	1.500503e-09
2.38258093e-06	1.263471e-09
2.38496003e-06	1.371059e-09
2.38734150e-06	1.357260e-09
2.38972535e-06	1.598064e-09
2.39211158e-06	1.220122e-09
2.39450019e-06	1.501493e-09
2.39689119e-06	1.458267e-09
2.39928457e-06	1.612982e-09
2.40168035e-06	1.147280e-09
2.40407851e-06	9.915006e-10
2.40647907e-06	1.661453e-09
2.40888203e-06	1.267583e-09
2.41128739e-06	1.534166e-09
2.41369515e-06	1.066840e-09
2.41610531e-06	7.462869e-10
2.41851788e-06	1.209104e-09
2.42093286e-06	1.560187e-09
2.42335026e-06	7.338225e-10
2.42577006e-06	1.029982e-09
2.42819228e-06	1.273476e-09
2.43061692e-06	1.199460e-09
2.43304398e-06	1.586505e-09
2.43547347e-06	1.318490e-09
2.43790538e-06	9.238124e-10
2.44033972e-06	1.503825e-09
2.44277649e-06	1.556455e-09
2.44521569e-06	1.419047e-09
2.44765733e-06	1.247538e-09
2.45010140e-06	1.108706e-09
2.45254792e-06	1.142796e-09
2.45499688e-06	1.291953e-09
2.45744829e-06	1.657687e-09
2.45990214e-06	1.008801e-09
2.46235844e-06	1.623237e-09
2.46481720e-06	1.599732e-09
2.46727841e-06	1.581616e-09
2.46974208e-06	1.102086e-09
2.47220821e-06	1.150607e-09
2.47467680e-06	1.255648e-09
2.47714786e-06	1.301763e-09
2.47962138e-06	1.120227e-09
2.48209737e-06	1.227037e-09
2.48457584e-06	9.746396e-10
2.48705678e-06	7.656525e-10
2.48954020e-06	7.152157e-10
2.49202610e-06	1.101599e-09
2.49451448e-06	1.233949e-09
2.49700534e-06	9.153186e-10
2.49949870e-06	1.167462e-09
2.50199454e-06	1.574104e-09
2.50449287e-06	9.722829e-10
2.50699370e-06	1.259375e-09
2.50949703e-06	1.336087e-09
2.51200285e-06	7.261271e-10
2.51451118e-06	1.099490e-09
2.51702201e-06	1.416824e-09
2.51953535e-06	8.268732e-10
2.52205120e-06	1.132740e-09
2.52456956e-06	9.326864e-10
2.52709044e-06	1.188670e-09
2.52961383e-06	1.126337e-09
2.53213975e-06	1.399275e-09
2.53466818e-06	7.700468e-10
2.53719914e-06	1.273706e-09
2.53973263e-06	7.908858e-10
2.54226865e-06	1.256988e-09
2.54480720e-06	1.401863e-09
2.54734828e-06	1.321187e-09
2.54989190e-06	1.168594e-09
2.55243806e-06	1.122892e-09
2.55498677e-06	1.144197e-09
2.55753802e-06	1.292329e-09
2.56009181e-06	7.474928e-10
2.56264816e-06	8.155372e-10
2.56520706e-06	1.158924e-09
2.56776851e-06	7.643217e-10
2.57033253e-06	1.598417e-09
2.57289910e-06	1.340326e-09
2.57546823e-06	1.162397e-09
2.57803993e-06	8.064086e-10
2.58061420e-06	1.370889e-09
2.58319104e-06	9.561775e-10
2.58577045e-06	1.233217e-09
2.58835244e-06	9.936128e-10
2.59093701e-06	1.454028e-09
2.59352415e-06	1.141905e-09
2.59611388e-06	8.663725e-10
2.59870620e-06	1.453887e-09
2.60130110e-06	9.477766e-10
2.60389860e-06	1.178913e-09
2.60649869e-06	8.498767e-10
2.60910137e-06	8.965044e-10
2.61170666e-06	1.459151e-09
2.61431454e-06	1.513470e-09
2.61692503e-06	1.041763e-09
2.61953813e-06	1.501984e-09
2.62215384e-06	1.198658e-09
2.62477215e-06	1.410158e-09
2.62739309e-06	1.009084e-09
2.63001663e-06	1.528869e-09
2.63264280e-06	9.004655e-10
2.63527160e-06	1.510230e-09
2.63790301e-06	1.554422e-09
2.64053706e-06	7.938768e-10
2.64317373e-06	8.112693e-10
2.64581304e-06	8.254030e-10
2.64845498e-06	9.366005e-10
2.65109956e-06	9.606180e-10
2.65374678e-06	1.548907e-09
2.65639665e-06	1.240105e-09
2.65904916e-06	1.425210e-09
2.66170431e-06	1.466099e-09
2.66436213e-06	1.378473e-09
2.66702259e-06	9.894700e-10
2.66968571e-06	8.716537e-10
2.67235149e-06	1.488012e-09
2.67501993e-06	1.266347e-09
2.67769104e-06	9.927003e-10
2.68036481e-06	1.123981e-09
2.68304126e-06	8.667243e-10
2.68572037e-06	8.031899e-10
2.68840216e-06	1.278664e-09
2.69108663e-06	8.070828e-10
2.69377378e-06	8.154215e-10
2.69646362e-06	9.372635e-10
2.69915613e-06	1.538538e-09
2.70185134e-06	8.886458e-10
2.70454924e-06	8.474445e-10
2.70724983e-06	9.763748e-10
2.70995312e-06	9.836696e-10
2.71265911e-06	1.402492e-09
2.71536780e-06	8.478568e-10
2.71807920e-06	1.236636e-09
2.72079330e-06	1.049515e-09
2.72351011e-06	1.156227e-09
2.72622964e-06	1.022028e-09
2.72895188e-06	8.274741e-10
2.73167684e-06	8.712721e-10
2.73440452e-06	1.219625e-09
2.73713492e-06	1.367106e-09
2.73986805e-06	1.037998e-09
2.74260391e-06	1.549432e-09
2.74534251e-06	9.871252e-10
2.74808383e-06	8.842100e-10
2.75082790e-06	1.242138e-09
2.75357470e-06	1.564302e-09
2.75632425e-06	1.498545e-09
2.75907654e-06	1.729808e-09
2.76183158e-06	1.560545e-09
2.76458937e-06	9.944996e-10
2.76734991e-06	1.165123e-09
2.77011322e-06	8.712043e-10
2.77287928e-06	1.099235e-09
2.77564810e-06	1.442343e-09
2.77841969e-06	9.956873e-10
2.78119404e-06	9.354383e-10
2.78397117e-06	1.301633e-09
2.78675106e-06	1.028718e-09
2.78953374e-06	8.578299e-10
2.79231919e-06	9.020136e-10
2.79510743e-06	1.125490e-09
2.79789844e-06	9.040741e-10
2.80069225e-06	8.499273e-10
2.80348884e-06	9.343955e-10
2.80628823e-06	1.397384e-09
2.80909041e-06	9.226979e-10
2.81189540e-06	1.394899e-09
2.81470318e-06	8.495670e-10
2.81751376e-06	9.116253e-10
2.82032715e-06	1.060009e-09
2.82314336e-06	8.684155e-10
2.82596237e-06	9.680313e-10
2.82878420e-06	1.043163e-09
2.83160884e-06	1.078539e-09
2.83443631e-06	1.134548e-09
2.83726660e-06	8.596435e-10
2.84009972e-06	1.019500e-09
2.84293566e-06	1.005206e-09
2.84577444e-06	1.195983e-09
2.84861605e-06	8.770523e-10
2.85146050e-06	9.231065e-10
2.85430779e-06	1.254406e-09
2.85715792e-06	1.071007e-09
2.86001090e-06	1.350278e-09
2.86286672e-06	1.511697e-09
2.86572540e-06	8.677152e-10
2.86858693e-06	9.508577e-10
2.87145132e-06	9.585183e-10
2.87431857e-06	1.640307e-09
2.87718869e-06	9.460256e-10
2.88006167e-06	1.471481e-09
2.88293752e-06	9.563271e-10
2.88581624e-06	1.162592e-09
2.88869783e-06	9.426540e-10
2.89158230e-06	1.078377e-09
2.89446965e-06	1.169269e-09
2.89735989e-06	1.345042e-09
2.90025301e-06	1.028806e-09
2.90314902e-06	1.709908e-09
2.90604792e-06	1.311351e-09
2.90894972e-06	9.152955e-10
2.91185441e-06	9.905245e-10
2.91476201e-06	1.160639e-09
2.91767251e-06	1.320424e-09
2.92058591e-06	9.009391e-10
2.92350222e-06	1.106643e-09
2.92642145e-06	9.927641e-10
2.92934359e-06	1.332787e-09
2.93226865e-06	1.300435e-09
2.93519663e-06	1.320793e-09
2.93812753e-06	9.831193e-10
2.94106136e-06	1.482632e-09
2.94399812e-06	1.338588e-09
2.94693781e-06	1.208889e-09
2.94988043e-06	1.607812e-09
2.95282600e-06	1.796248e-09
2.95577451e-06	1.124749e-09
2.95872596e-06	1.284571e-09
2.96168035e-06	1.425615e-09
2.96463770e-06	1.502999e-09
2.96759800e-06	1.469269e-09
2.97056126e-06	1.020700e-09
2.97352747e-06	1.138587e-09
2.97649665e-06	1.403862e-09
2.97946879e-06	1.092675e-09
2.98244390e-06	9.626523e-10
2.98542198e-06	1.124865e-09
2.98840304e-06	1.440859e-09
2.99138707e-06	1.021441e-09
2.99437408e-06	1.162890e-09
2.99736407e-06	1.667513e-09
3.00035705e-06	1.352172e-09
3.00335302e-06	1.013921e-09
3.00635198e-06	1.313494e-09
3.00935393e-06	1.441836e-09
3.01235888e-06	1.446216e-09
3.01536684e-06	1.637947e-09
3.01837779e-06	1.164617e-09
3.02139175e-06	1.393923e-09
3.02440873e-06	1.200291e-09
3.02742871e-06	1.551232e-09
3.03045171e-06	1.255206e-09
3.03347773e-06	1.090852e-09
3.03650677e-06	1.357348e-09
3.03953883e-06	1.297347e-09
3.04257392e-06	1.054154e-09
3.04561205e-06	1.684382e-09
3.04865320e-06	1.332240e-09
3.05169740e-06	1.378439e-09
3.05474463e-06	1.378948e-09
3.05779491e-06	1.529011e-09
3.06084823e-06	1.274391e-09
3.06390460e-06	9.894736e-10
3.06696402e-06	1.279528e-09
3.07002650e-06	1.328526e-09
3.07309203e-06	1.018705e-09
3.07616063e-06	1.606067e-09
3.07923229e-06	1.416387e-09
3.08230702e-06	1.392754e-09
3.08538481e-06	1.210734e-09
3.08846569e-06	1.295758e-09
3.09154963e-06	1.172514e-09
3.09463666e-06	1.141416e-09
3.09772677e-06	1.200032e-09
3.10081996e-06	1.202441e-09
3.10391625e-06	1.505900e-09
3.10701562e-06	1.022142e-09
3.11011809e-06	1.110812e-09
3.11322366e-06	1.409442e-09
3.11633233e-06	1.214193e-09
3.11944410e-06	1.466462e-09
3.12255898e-06	1.088407e-09
3.12567698e-06	1.420500e-09
3.12879808e-06	1.339011e-09
3.13192230e-06	1.341200e-09
3.13504964e-06	1.178573e-09
3.13818010e-06	1.126552e-09
3.14131369e-06	1.166000e-09
3.14445041e-06	1.487441e-09
3.14759026e-06	1.368750e-09
3.15073325e-06	1.097234e-09
3.15387937e-06	1.331595e-09
3.15702864e-06	1.324393e-09
3.16018105e-06	1.189111e-09
3.16333660e-06	1.025434e-09
3.16649531e-06	1.399721e-09
3.16965718e-06	1.590454e-09
3.17282220e-06	1.309625e-09
3.17599038e-06	1.201499e-09
3.17916172e-06	1.160353e-09
3.18233623e-06	1.675255e-09
3.18551391e-06	1.313024e-09
3.18869477e-06	1.166055e-09
3.19187880e-06	1.462275e-09
3.19506601e-06	1.299848e-09
3.19825640e-06	1.309930e-09
3.20144997e-06	1.072743e-09
3.20464674e-06	1.081521e-09
3.20784670e-06	1.509901e-09
3.21104985e-06	1.169897e-09
3.21425621e-06	1.404967e-09
3.21746576e-06	1.379190e-09
3.22067852e-06	1.238237e-09
3.22389449e-06	1.034361e-09
3.22711366e-06	1.395275e-09
3.23033606e-06	1.584780e-09
3.23356167e-06	1.303358e-09
3.23679050e-06	1.231132e-09
3.24002255e-06	1.677226e-09
3.24325783e-06	1.059585e-09
3.24649635e-06	1.495904e-09
3.24973809e-06	1.524395e-09
3.25298308e-06	1.411039e-09
3.25623130e-06	1.652213e-09
3.25948277e-06	1.077541e-09
3.26273748e-06	1.693832e-09
3.26599545e-06	1.656440e-09
3.26925667e-06	1.232122e-09
3.27252114e-06	1.835283e-09
3.27578887e-06	1.236513e-09
3.27905987e-06	1.657759e-09
3.28233413e-06	1.303677e-09
3.28561167e-06	1.295215e-09
3.28889247e-06	1.774088e-09
3.29217655e-06	1.362779e-09
3.29546391e-06	1.644464e-09
3.29875455e-06	1.365318e-09
3.30204848e-06	1.814582e-09
3.30534570e-06	1.289768e-09
3.30864621e-06	1.298480e-09
3.31195002e-06	9.870238e-10
3.31525712e-06	1.424060e-09
3.31856753e-06	1.471065e-09
3.32188124e-06	1.285562e-09
3.32519826e-06	1.423411e-09
3.32851860e-06	1.215340e-09
3.33184225e-06	1.211251e-09
3.33516921e-06	1.564989e-09
3.33849950e-06	1.281228e-09
3.34183312e-06	1.257652e-09
3.34517006e-06	1.311284e-09
3.34851034e-06	1.366059e-09
3.35185395e-06	1.631587e-09
3.35520090e-06	1.493854e-09
3.35855119e-06	1.362545e-09
3.36190483e-06	1.411443e-09
3.36526182e-06	1.414916e-09
3.36862216e-06	1.460340e-09
3.37198585e-06	1.696930e-09
3.37535290e-06	1.812076e-09
3.37872332e-06	1.620820e-09
3.38209710e-06	1.572626e-09
3.38547425e-06	1.383847e-09
3.38885477e-06	1.727324e-09
3.39223867e-06	1.288108e-09
3.39562594e-06	1.562754e-09
3.39901660e-06	1.628640e-09
3.40241065e-06	1.658096e-09
3.40580808e-06	1.710121e-09
3.40920890e-06	1.313478e-09
3.41261313e-06	1.255056e-09
3.41602075e-06	1.547886e-09
3.41943177e-06	1.578171e-09
3.42284620e-06	1.610528e-09
3.42626404e-06	1.324868e-09
3.42968529e-06	1.322077e-09
3.43310996e-06	1.501914e-09
3.43653804e-06	1.138082e-09
3.43996956e-06	1.623853e-09
3.44340449e-06	1.590948e-09
3.44684286e-06	1.299666e-09
3.45028466e-06	1.731261e-09
3.45372990e-06	1.561220e-09
3.45717857e-06	1.505303e-09
3.46063070e-06	1.813359e-09
3.46408626e-06	1.560500e-09
3.46754528e-06	1.283184e-09
3.47100775e-06	1.076117e-09
3.47447368e-06	1.614588e-09
3.47794307e-06	1.250486e-09
3.48141593e-06	1.305271e-09
3.48489225e-06	1.173973e-09
3.48837205e-06	1.608875e-09
3.49185532e-06	1.553333e-09
3.49534206e-06	1.550872e-09
3.49883229e-06	1.719594e-09
3.50232600e-06	1.837614e-09
3.50582321e-06	1.797450e-09
3.50932390e-06	1.722599e-09
3.51282809e-06	1.743434e-09
3.51633578e-06	1.266993e-09
3.51984697e-06	1.694133e-09
3.52336167e-06	1.867341e-09
3.52687988e-06	1.070172e-09
3.53040160e-06	1.836633e-09
3.53392683e-06	1.715190e-09
3.53745559e-06	1.733736e-09
3.54098787e-06	1.541529e-09
3.54452368e-06	1.529301e-09
3.54806302e-06	1.927643e-09
3.55160589e-06	1.676986e-09
3.55515230e-06	1.630830e-09
3.55870225e-06	1.682554e-09
3.56225575e-06	1.784846e-09
3.56581279e-06	1.698126e-09
3.56937339e-06	1.664519e-09
3.57293754e-06	1.734791e-09
3.57650525e-06	1.713734e-09
3.58007652e-06	1.881915e-09
3.58365136e-06	1.850092e-09
3.58722977e-06	1.827044e-09
3.59081175e-06	1.866549e-09
3.59439731e-06	1.970786e-09
3.59798645e-06	1.215162e-09
3.60157917e-06	1.223685e-09
3.60517548e-06	1.796570e-09
3.60877538e-06	1.585585e-09
3.61237888e-06	1.416241e-09
3.61598597e-06	1.580524e-09
3.61959667e-06	1.906383e-09
3.62321097e-06	1.696824e-09
3.62682888e-06	1.502880e-09
3.63045040e-06	1.627993e-09
3.63407554e-06	1.577393e-09
3.63770430e-06	1.325960e-09
3.64133669e-06	1.977857e-09
3.64497270e-06	2.034443e-09
3.64861234e-06	1.686075e-09
3.65225561e-06	1.394829e-09
3.65590252e-06	2.124700e-09
3.65955308e-06	1.920015e-09
3.66320728e-06	1.825663e-09
3.66686512e-06	1.990128e-09
3.67052662e-06	1.972392e-09
3.67419178e-06	1.421243e-09
3.67786060e-06	1.827838e-09
3.68153308e-06	1.840819e-09
3.68520923e-06	2.209464e-09
3.68888904e-06	1.636599e-09
3.69257254e-06	2.048330e-09
3.69625971e-06	1.320541e-09
3.69995056e-06	1.683798e-09
3.70364510e-06	1.993027e-09
3.70734332e-06	1.702733e-09
3.71104524e-06	1.693458e-09
3.71475086e-06	1.984672e-09
3.71846018e-06	1.907122e-09
3.72217320e-06	1.762706e-09
3.72588992e-06	1.945489e-09
3.72961036e-06	2.050323e-09
3.73333452e-06	1.953129e-09
3.73706239e-06	1.924399e-09
3.74079399e-06	2.136491e-09
3.74452931e-06	1.941483e-09
3.74826836e-06	1.361724e-09
3.75201114e-06	2.058775e-09
3.75575766e-06	1.998790e-09
3.75950793e-06	2.125381e-09
3.76326194e-06	2.192396e-09
3.76701969e-06	2.154994e-09
3.77078120e-06	1.800364e-09
3.77454647e-06	1.843005e-09
3.77831549e-06	1.810264e-09
3.78208828e-06	1.698783e-09
3.78586483e-06	1.846224e-09
3.78964516e-06	2.289532e-09
3.79342926e-06	1.358061e-09
3.79721714e-06	2.318815e-09
3.80100880e-06	2.224389e-09
3.80480425e-06	2.137692e-09
3.80860349e-06	2.198517e-09
3.81240652e-06	2.290232e-09
3.81621335e-06	2.048424e-09
3.82002398e-06	2.308827e-09
3.82383842e-06	2.164094e-09
3.82765666e-06	2.236174e-09
3.83147872e-06	1.879264e-09
3.83530459e-06	2.296737e-09
3.83913428e-06	2.168921e-09
3.84296780e-06	2.288124e-09
3.84680515e-06	1.667824e-09
3.85064633e-06	1.992352e-09
3.85449134e-06	2.312687e-09
3.85834019e-06	2.180885e-09
3.86219289e-06	1.959577e-09
3.86604943e-06	1.799057e-09
3.86990982e-06	2.274322e-09
3.87377407e-06	2.079348e-09
3.87764218e-06	2.176038e-09
3.88151415e-06	2.313110e-09
3.88538998e-06	2.075933e-09
3.88926969e-06	2.149971e-09
3.89315327e-06	2.313745e-09
3.89704073e-06	1.915550e-09
3.90093207e-06	2.304030e-09
3.90482729e-06	2.303480e-09
3.90872641e-06	2.285899e-09
3.91262941e-06	2.221380e-09
3.91653632e-06	2.164687e-09
3.92044713e-06	1.865022e-09
3.92436184e-06	1.836310e-09
3.92828046e-06	2.308248e-09
3.93220299e-06	1.490552e-09
3.93612944e-06	2.136946e-09
3.94005981e-06	1.945071e-09
3.94399411e-06	2.309853e-09
3.94793233e-06	1.971478e-09
3.95187449e-06	1.910773e-09
3.95582058e-06	2.405789e-09
3.95977062e-06	2.169468e-09
3.96372460e-06	1.620696e-09
3.96768252e-06	2.085304e-09
3.97164440e-06	2.081797e-09
3.97561023e-06	1.708134e-09
3.97958003e-06	2.161578e-09
3.98355379e-06	2.094974e-09
3.98753151e-06	2.150521e-09
3.99151321e-06	1.682892e-09
3.99549888e-06	2.228130e-09
3.99948854e-06	1.443364e-09
4.00348217e-06	2.328396e-09
