2.99769222e-07	3.587523e-17
3.00068553e-07	1.368631e-16
3.00368182e-07	1.406164e-16
3.00668111e-07	1.444673e-16
3.00968339e-07	1.484180e-16
3.01268867e-07	1.524712e-16
3.01569695e-07	1.566292e-16
3.01870824e-07	1.608946e-16
3.02172253e-07	1.652700e-16
3.02473983e-07	1.697580e-16
3.02776015e-07	1.743615e-16
3.03078348e-07	1.790831e-16
3.03380983e-07	1.839258e-16
3.03683920e-07	1.888924e-16
3.03987160e-07	1.939859e-16
3.04290702e-07	1.992093e-16
3.04594547e-07	2.045658e-16
3.04898696e-07	2.100586e-16
3.05203149e-07	2.156909e-16
3.05507906e-07	2.214659e-16
3.05812967e-07	2.273872e-16
3.06118332e-07	2.334581e-16
3.06424003e-07	2.396823e-16
3.06729978e-07	2.460633e-16
3.07036260e-07	2.526049e-16
3.07342847e-07	2.593108e-16
3.07649740e-07	2.661848e-16
3.07956940e-07	2.732310e-16
3.08264446e-07	2.804534e-16
3.08572260e-07	2.878561e-16
3.08880380e-07	2.954433e-16
3.09188809e-07	3.032194e-16
3.09497545e-07	3.111886e-16
3.09806590e-07	3.193555e-16
3.10115944e-07	3.277248e-16
3.10425606e-07	3.363010e-16
3.10735577e-07	3.450890e-16
3.11045858e-07	3.540936e-16
3.11356449e-07	3.633199e-16
3.11667350e-07	3.727730e-16
3.11978561e-07	3.824579e-16
3.12290084e-07	3.923802e-16
3.12601917e-07	4.025452e-16
3.12914061e-07	4.129584e-16
3.13226518e-07	4.236256e-16
3.13539286e-07	4.345524e-16
3.13852367e-07	4.457448e-16
3.14165760e-07	4.572089e-16
3.14479466e-07	4.689507e-16
3.14793485e-07	4.809766e-16
3.15107818e-07	4.932929e-16
3.15422465e-07	5.059063e-16
3.15737426e-07	5.188234e-16
3.16052702e-07	5.320510e-16
3.16368292e-07	5.455960e-16
3.16684197e-07	5.594657e-16
3.17000418e-07	5.736672e-16
3.17316955e-07	5.882080e-16
3.17633808e-07	6.030955e-16
3.17950977e-07	6.183375e-16
3.18268463e-07	6.339420e-16
3.18586266e-07	6.499168e-16
3.18904386e-07	6.662702e-16
3.19222824e-07	6.830105e-16
3.19541579e-07	7.001463e-16
3.19860654e-07	7.176863e-16
3.20180046e-07	7.356393e-16
3.20499758e-07	7.540144e-16
3.20819789e-07	7.728208e-16
3.21140139e-07	7.920680e-16
3.21460810e-07	8.117656e-16
3.21781800e-07	8.319234e-16
3.22103111e-07	8.525513e-16
3.22424743e-07	8.736596e-16
3.22746696e-07	8.952586e-16
3.23068971e-07	9.173591e-16
3.23391567e-07	9.399718e-16
3.23714485e-07	9.631077e-16
3.24037726e-07	9.867781e-16
3.24361290e-07	1.010995e-15
3.24685177e-07	1.035769e-15
3.25009387e-07	1.061112e-15
3.25333921e-07	1.087038e-15
3.25658779e-07	1.113557e-15
3.25983961e-07	1.140684e-15
3.26309468e-07	1.168430e-15
3.26635300e-07	1.196809e-15
3.26961458e-07	1.225834e-15
3.27287941e-07	1.255520e-15
3.27614750e-07	1.285879e-15
3.27941886e-07	1.316926e-15
3.28269348e-07	1.348675e-15
3.28597137e-07	1.381142e-15
3.28925253e-07	1.414341e-15
3.29253697e-07	1.448288e-15
3.29582469e-07	1.482998e-15
3.29911570e-07	1.518487e-15
3.30240998e-07	1.554772e-15
3.30570756e-07	1.591868e-15
3.30900844e-07	1.629793e-15
3.31231260e-07	1.668564e-15
3.31562007e-07	1.708198e-15
3.31893084e-07	1.748713e-15
3.32224491e-07	1.790128e-15
3.32556230e-07	1.832460e-15
3.32888300e-07	1.875729e-15
3.33220701e-07	1.919954e-15
3.33553434e-07	1.965154e-15
3.33886500e-07	2.011350e-15
3.34219898e-07	2.058561e-15
3.34553629e-07	2.106808e-15
3.34887693e-07	2.156112e-15
3.35222091e-07	2.206495e-15
3.35556822e-07	2.257979e-15
3.35891888e-07	2.310585e-15
3.36227289e-07	2.364337e-15
3.36563024e-07	2.419257e-15
3.36899095e-07	2.475370e-15
3.37235501e-07	2.532698e-15
3.37572243e-07	2.591266e-15
3.37909321e-07	2.651099e-15
3.38246736e-07	2.712222e-15
3.38584488e-07	2.774662e-15
3.38922578e-07	2.838444e-15
3.39261004e-07	2.903594e-15
3.39599769e-07	2.970140e-15
3.39938872e-07	3.038110e-15
3.40278313e-07	3.107532e-15
3.40618094e-07	3.178434e-15
3.40958214e-07	3.250845e-15
3.41298673e-07	3.324796e-15
3.41639473e-07	3.400316e-15
3.41980612e-07	3.477435e-15
3.42322093e-07	3.556187e-15
3.42663914e-07	3.636601e-15
3.43006076e-07	3.718711e-15
3.43348581e-07	3.802550e-15
3.43691427e-07	3.888150e-15
3.44034616e-07	3.975547e-15
3.44378147e-07	4.064775e-15
3.44722021e-07	4.155869e-15
3.45066239e-07	4.248866e-15
3.45410800e-07	4.343801e-15
3.45755706e-07	4.440713e-15
3.46100956e-07	4.539639e-15
3.46446550e-07	4.640618e-15
3.46792490e-07	4.743689e-15
3.47138775e-07	4.848891e-15
3.47485406e-07	4.956267e-15
3.47832383e-07	5.065856e-15
3.48179707e-07	5.177701e-15
3.48527377e-07	5.291844e-15
3.48875395e-07	5.408330e-15
3.49223760e-07	5.527202e-15
3.49572472e-07	5.648505e-15
3.49921534e-07	5.772286e-15
3.50270943e-07	5.898590e-15
3.50620702e-07	6.027465e-15
3.50970809e-07	6.158959e-15
3.51321267e-07	6.293122e-15
3.51672074e-07	6.430002e-15
3.52023232e-07	6.569651e-15
3.52374740e-07	6.712120e-15
3.52726599e-07	6.857462e-15
3.53078810e-07	7.005729e-15
3.53431372e-07	7.156976e-15
3.53784286e-07	7.311257e-15
3.54137553e-07	7.468630e-15
3.54491173e-07	7.629150e-15
3.54845145e-07	7.792876e-15
3.55199471e-07	7.959865e-15
3.55554151e-07	8.130170e-15
3.55909185e-07	8.303864e-15
3.56264573e-07	8.481026e-15
3.56620317e-07	8.661682e-15
3.56976415e-07	8.845911e-15
3.57332870e-07	9.033777e-15
3.57689680e-07	9.225346e-15
3.58046846e-07	9.420691e-15
3.58404369e-07	9.619874e-15
3.58762249e-07	9.822963e-15
3.59120487e-07	1.003003e-14
3.59479082e-07	1.024115e-14
3.59838035e-07	1.045639e-14
3.60197347e-07	1.067582e-14
3.60557017e-07	1.089942e-14
3.60917046e-07	1.112759e-14
3.61277436e-07	1.136010e-14
3.61638184e-07	1.159709e-14
3.61999294e-07	1.183867e-14
3.62360763e-07	1.208488e-14
3.62722594e-07	1.233589e-14
3.63084786e-07	1.259173e-14
3.63447339e-07	1.285246e-14
3.63810255e-07	1.311822e-14
3.64173533e-07	1.338905e-14
3.64537174e-07	1.366508e-14
3.64901178e-07	1.394638e-14
3.65265545e-07	1.423304e-14
3.65630276e-07	1.452515e-14
3.65995372e-07	1.482283e-14
3.66360832e-07	1.512615e-14
3.66726656e-07	1.543523e-14
3.67092847e-07	1.575014e-14
3.67459402e-07	1.607102e-14
3.67826324e-07	1.639790e-14
3.68193613e-07	1.673101e-14
3.68561267e-07	1.707035e-14
3.68929290e-07	1.741608e-14
3.69297679e-07	1.776822e-14
3.69666437e-07	1.812705e-14
3.70035562e-07	1.849249e-14
3.70405056e-07	1.886487e-14
3.70774920e-07	1.924408e-14
3.71145152e-07	1.963035e-14
3.71515754e-07	2.002382e-14
3.71886726e-07	2.042452e-14
3.72258069e-07	2.083275e-14
3.72629783e-07	2.124859e-14
3.73001867e-07	2.167195e-14
3.73374323e-07	2.210319e-14
3.73747152e-07	2.254234e-14
3.74120352e-07	2.298948e-14
3.74493925e-07	2.344486e-14
3.74867871e-07	2.390854e-14
3.75242191e-07	2.438095e-14
3.75616884e-07	2.486159e-14
3.75991951e-07	2.535141e-14
3.76367393e-07	2.584993e-14
3.76743210e-07	2.635732e-14
3.77119402e-07	2.687345e-14
3.77495970e-07	2.740040e-14
3.77872913e-07	2.793614e-14
3.78250233e-07	2.848137e-14
3.78627930e-07	2.903661e-14
3.79006004e-07	2.960180e-14
3.79384456e-07	3.017710e-14
3.79763285e-07	3.076251e-14
3.80142493e-07	3.135893e-14
3.80522079e-07	3.196558e-14
3.80902045e-07	3.258321e-14
3.81282390e-07	3.321200e-14
3.81663114e-07	3.385120e-14
3.82044219e-07	3.450229e-14
3.82425704e-07	3.516590e-14
3.82807570e-07	3.584044e-14
3.83189818e-07	3.652706e-14
3.83572447e-07	3.722520e-14
3.83955458e-07	3.793664e-14
3.84338852e-07	3.865978e-14
3.84722629e-07	3.939573e-14
3.85106789e-07	4.014546e-14
3.85491332e-07	4.090781e-14
3.85876259e-07	4.168346e-14
3.86261571e-07	4.247270e-14
3.86647268e-07	4.327525e-14
3.87033349e-07	4.409260e-14
3.87419816e-07	4.492372e-14
3.87806669e-07	4.576906e-14
3.88193909e-07	4.662978e-14
3.88581535e-07	4.750385e-14
3.88969548e-07	4.839480e-14
3.89357948e-07	4.930093e-14
3.89746737e-07	5.022143e-14
3.90135913e-07	5.115948e-14
3.90525478e-07	5.211201e-14
3.90915433e-07	5.308127e-14
3.91305776e-07	5.406788e-14
3.91696509e-07	5.507201e-14
3.92087633e-07	5.609202e-14
3.92479147e-07	5.712966e-14
3.92871052e-07	5.818485e-14
3.93263348e-07	5.925858e-14
3.93656036e-07	6.035006e-14
3.94049116e-07	6.145952e-14
3.94442589e-07	6.258744e-14
3.94836455e-07	6.373712e-14
3.95230713e-07	6.490111e-14
3.95625366e-07	6.608822e-14
3.96020412e-07	6.729581e-14
3.96415854e-07	6.852670e-14
3.96811689e-07	6.977403e-14
3.97207921e-07	7.104310e-14
3.97604547e-07	7.233327e-14
3.98001570e-07	7.364457e-14
3.98398990e-07	7.497597e-14
3.98796806e-07	7.633415e-14
3.99195019e-07	7.770980e-14
3.99593630e-07	7.911486e-14
3.99992639e-07	8.053780e-14
4.00392047e-07	8.198540e-14
4.00791853e-07	8.345954e-14
4.01192059e-07	8.495530e-14
4.01592664e-07	8.647734e-14
4.01993669e-07	8.802282e-14
4.02395074e-07	8.959287e-14
4.02796881e-07	9.119173e-14
4.03199088e-07	9.281565e-14
4.03601698e-07	9.446334e-14
4.04004709e-07	9.614274e-14
4.04408123e-07	9.784649e-14
4.04811939e-07	9.957407e-14
4.05216159e-07	1.013383e-13
4.05620782e-07	1.031293e-13
4.06025810e-07	1.049461e-13
4.06431241e-07	1.067849e-13
4.06837078e-07	1.086694e-13
4.07243320e-07	1.105753e-13
4.07649967e-07	1.125187e-13
4.08057021e-07	1.144878e-13
4.08464481e-07	1.164900e-13
4.08872348e-07	1.185190e-13
4.09280622e-07	1.205898e-13
4.09689304e-07	1.226880e-13
4.10098394e-07	1.248204e-13
4.10507892e-07	1.269745e-13
4.10917800e-07	1.291875e-13
4.11328116e-07	1.313163e-13
4.11738843e-07	1.336913e-13
4.12149979e-07	1.359600e-13
4.12561526e-07	1.383393e-13
4.12973484e-07	1.407288e-13
4.13385854e-07	1.431511e-13
4.13798635e-07	1.456043e-13
4.14211828e-07	1.480929e-13
4.14625434e-07	1.506148e-13
4.15039453e-07	1.532116e-13
4.15453885e-07	1.558198e-13
4.15868731e-07	1.584742e-13
4.16283991e-07	1.611880e-13
4.16699666e-07	1.639216e-13
4.17115756e-07	1.667097e-13
4.17532262e-07	1.695295e-13
4.17949183e-07	1.724041e-13
4.18366521e-07	1.753188e-13
4.18784276e-07	1.782622e-13
4.19202447e-07	1.812782e-13
4.19621036e-07	1.843000e-13
4.20040044e-07	1.874401e-13
4.20459469e-07	1.905844e-13
4.20879314e-07	1.937583e-13
4.21299577e-07	1.970284e-13
4.21720260e-07	2.002384e-13
4.22141364e-07	2.036044e-13
4.22562887e-07	2.070569e-13
4.22984832e-07	2.103487e-13
4.23407198e-07	2.139718e-13
4.23829986e-07	2.175075e-13
4.24253196e-07	2.211400e-13
4.24676828e-07	2.248449e-13
4.25100884e-07	2.285587e-13
4.25525363e-07	2.323162e-13
4.25950266e-07	2.361764e-13
4.26375593e-07	2.400591e-13
4.26801345e-07	2.440287e-13
4.27227522e-07	2.480124e-13
4.27654124e-07	2.520983e-13
4.28081153e-07	2.562196e-13
4.28508608e-07	2.604291e-13
4.28936489e-07	2.646293e-13
4.29364798e-07	2.689278e-13
4.29793535e-07	2.733886e-13
4.30222700e-07	2.778433e-13
4.30652293e-07	2.823445e-13
4.31082315e-07	2.869286e-13
4.31512767e-07	2.916134e-13
4.31943648e-07	2.963287e-13
4.32374960e-07	3.011197e-13
4.32806703e-07	3.059643e-13
4.33238876e-07	3.108464e-13
4.33671481e-07	3.159104e-13
4.34104518e-07	3.210021e-13
4.34537988e-07	3.261080e-13
4.34971890e-07	3.313512e-13
4.35406226e-07	3.366956e-13
4.35840995e-07	3.420008e-13
4.36276198e-07	3.475353e-13
4.36711836e-07	3.530230e-13
4.37147909e-07	3.586679e-13
4.37584417e-07	3.644566e-13
4.38021362e-07	3.702405e-13
4.38458742e-07	3.760789e-13
4.38896560e-07	3.820814e-13
4.39334814e-07	3.880555e-13
4.39773506e-07	3.942079e-13
4.40212636e-07	4.005043e-13
4.40652205e-07	4.068213e-13
4.41092212e-07	4.131965e-13
4.41532659e-07	4.196844e-13
4.41973546e-07	4.262515e-13
4.42414873e-07	4.329692e-13
4.42856641e-07	4.396095e-13
4.43298849e-07	4.464482e-13
4.43741500e-07	4.535970e-13
4.44184592e-07	4.606667e-13
4.44628127e-07	4.678661e-13
4.45072105e-07	4.751420e-13
4.45516526e-07	4.824959e-13
4.45961390e-07	4.878379e-13
4.46406699e-07	4.976379e-13
4.46852453e-07	5.053506e-13
4.47298652e-07	5.131229e-13
4.47745296e-07	5.211322e-13
4.48192386e-07	5.291702e-13
4.48639923e-07	5.367367e-13
4.49087906e-07	5.454867e-13
4.49536337e-07	5.540091e-13
4.49985216e-07	5.624627e-13
4.50434543e-07	5.710818e-13
4.50884319e-07	5.797762e-13
4.51334543e-07	5.886560e-13
4.51785218e-07	5.975846e-13
4.52236342e-07	6.066550e-13
4.52687917e-07	6.160033e-13
4.53139942e-07	6.253602e-13
4.53592419e-07	6.349163e-13
4.54045348e-07	6.444729e-13
4.54498729e-07	6.538265e-13
4.54952563e-07	6.642511e-13
4.55406850e-07	6.743297e-13
4.55861591e-07	6.844260e-13
4.56316785e-07	6.948430e-13
4.56772435e-07	7.053724e-13
4.57228539e-07	7.159078e-13
4.57685098e-07	7.266113e-13
4.58142114e-07	7.374851e-13
4.58599586e-07	7.485478e-13
4.59057514e-07	7.596582e-13
4.59515900e-07	7.711861e-13
4.59974744e-07	7.827171e-13
4.60434046e-07	7.942533e-13
4.60893806e-07	8.060239e-13
4.61354026e-07	8.182648e-13
4.61814705e-07	8.303873e-13
4.62275844e-07	8.426879e-13
4.62737444e-07	8.550966e-13
4.63199504e-07	8.678168e-13
4.63662026e-07	8.806310e-13
4.64125010e-07	8.935438e-13
4.64588456e-07	9.064937e-13
4.65052364e-07	9.199016e-13
4.65516737e-07	9.330479e-13
4.65981572e-07	9.474923e-13
4.66446872e-07	9.610461e-13
4.66912637e-07	9.744957e-13
4.67378866e-07	9.895650e-13
4.67845561e-07	1.003360e-12
4.68312722e-07	1.018789e-12
4.68780350e-07	1.031518e-12
4.69248445e-07	1.048703e-12
4.69717007e-07	1.063229e-12
4.70186036e-07	1.079507e-12
4.70655535e-07	1.094719e-12
4.71125502e-07	1.107501e-12
4.71595938e-07	1.127042e-12
4.72066844e-07	1.143338e-12
4.72538220e-07	1.159601e-12
4.73010067e-07	1.176478e-12
4.73482385e-07	1.193545e-12
4.73955175e-07	1.208696e-12
4.74428437e-07	1.227948e-12
4.74902171e-07	1.244984e-12
4.75376378e-07	1.262533e-12
4.75851059e-07	1.280310e-12
4.76326214e-07	1.299879e-12
4.76801844e-07	1.318947e-12
4.77277948e-07	1.336441e-12
4.77754528e-07	1.355163e-12
4.78231583e-07	1.375337e-12
4.78709115e-07	1.395172e-12
4.79187124e-07	1.414713e-12
4.79665610e-07	1.434331e-12
4.80144574e-07	1.452195e-12
4.80624016e-07	1.475896e-12
4.81103937e-07	1.496180e-12
4.81584337e-07	1.517617e-12
4.82065217e-07	1.538309e-12
4.82546577e-07	1.561644e-12
4.83028417e-07	1.581056e-12
4.83510739e-07	1.597205e-12
4.83993543e-07	1.623481e-12
4.84476828e-07	1.644478e-12
4.84960596e-07	1.670772e-12
4.85444847e-07	1.694701e-12
4.85929582e-07	1.720386e-12
4.86414801e-07	1.743790e-12
4.86900504e-07	1.768278e-12
4.87386692e-07	1.792549e-12
4.87873366e-07	1.804342e-12
4.88360525e-07	1.843883e-12
4.88848171e-07	1.867934e-12
4.89336304e-07	1.893198e-12
4.89824925e-07	1.904027e-12
4.90314033e-07	1.947195e-12
4.90803630e-07	1.971937e-12
4.91293716e-07	2.001632e-12
4.91784291e-07	2.029586e-12
4.92275355e-07	2.056910e-12
4.92766911e-07	2.084280e-12
4.93258957e-07	2.115492e-12
4.93751494e-07	2.143716e-12
4.94244523e-07	2.167932e-12
4.94738045e-07	2.201479e-12
4.95232059e-07	2.231910e-12
4.95726566e-07	2.263075e-12
4.96221568e-07	2.292798e-12
4.96717063e-07	2.323624e-12
4.97213054e-07	2.353014e-12
4.97709539e-07	2.386843e-12
4.98206521e-07	2.420933e-12
4.98703999e-07	2.452407e-12
4.99201973e-07	2.483308e-12
4.99700445e-07	2.518635e-12
5.00199414e-07	2.555458e-12
5.00698882e-07	2.591455e-12
5.01198848e-07	2.622896e-12
5.01699314e-07	2.658567e-12
5.02200279e-07	2.691740e-12
5.02701745e-07	2.732379e-12
5.03203711e-07	2.762769e-12
5.03706178e-07	2.802140e-12
5.04209148e-07	2.844216e-12
5.04712619e-07	2.878181e-12
5.05216594e-07	2.920537e-12
5.05721071e-07	2.953465e-12
5.06226052e-07	2.998662e-12
5.06731538e-07	3.031755e-12
5.07237528e-07	3.073966e-12
5.07744023e-07	3.119602e-12
5.08251025e-07	3.153943e-12
5.08758532e-07	3.191103e-12
5.09266546e-07	3.244260e-12
5.09775068e-07	3.288197e-12
5.10284097e-07	3.327228e-12
5.10793635e-07	3.343959e-12
5.11303681e-07	3.412660e-12
5.11814237e-07	3.454481e-12
5.12325302e-07	3.482346e-12
5.12836878e-07	3.542953e-12
5.13348965e-07	3.585543e-12
5.13861563e-07	3.642424e-12
5.14374672e-07	3.683435e-12
5.14888295e-07	3.748088e-12
5.15402430e-07	3.794220e-12
5.15917078e-07	3.845560e-12
5.16432240e-07	3.891739e-12
5.16947917e-07	3.939714e-12
5.17464109e-07	3.992624e-12
5.17980816e-07	4.046152e-12
5.18498039e-07	4.105761e-12
5.19015778e-07	4.155539e-12
5.19534035e-07	4.214504e-12
5.20052809e-07	4.268823e-12
5.20572101e-07	4.316085e-12
5.21091911e-07	4.377968e-12
5.21612241e-07	4.431164e-12
5.22133090e-07	4.496477e-12
5.22654459e-07	4.548874e-12
5.23176349e-07	4.603696e-12
5.23698760e-07	4.667967e-12
5.24221693e-07	4.695024e-12
5.24745148e-07	4.781593e-12
5.25269125e-07	4.849688e-12
5.25793626e-07	4.913654e-12
5.26318650e-07	4.978275e-12
5.26844199e-07	5.029443e-12
5.27370272e-07	5.099229e-12
5.27896871e-07	5.130180e-12
5.28423996e-07	5.237792e-12
5.28951647e-07	5.300653e-12
5.29479824e-07	5.358275e-12
5.30008530e-07	5.438438e-12
5.30537763e-07	5.506049e-12
5.31067524e-07	5.569602e-12
5.31597815e-07	5.645694e-12
5.32128635e-07	5.719557e-12
5.32659985e-07	5.779968e-12
5.33191866e-07	5.854759e-12
5.33724278e-07	5.933673e-12
5.34257221e-07	6.002564e-12
5.34790697e-07	6.081982e-12
5.35324705e-07	6.162282e-12
5.35859247e-07	6.230666e-12
5.36394322e-07	6.287411e-12
5.36929932e-07	6.399176e-12
5.37466076e-07	6.473427e-12
5.38002756e-07	6.562481e-12
5.38539972e-07	6.632239e-12
5.39077724e-07	6.688473e-12
5.39616013e-07	6.718429e-12
5.40154839e-07	6.845468e-12
5.40694204e-07	6.947424e-12
5.41234107e-07	7.050787e-12
5.41774550e-07	7.108352e-12
5.42315532e-07	7.158187e-12
5.42857054e-07	7.270534e-12
5.43399117e-07	7.298919e-12
5.43941721e-07	7.364108e-12
5.44484867e-07	7.574491e-12
5.45028555e-07	7.663854e-12
5.45572786e-07	7.781747e-12
5.46117561e-07	7.838759e-12
5.46662879e-07	7.890740e-12
5.47208743e-07	8.041471e-12
5.47755151e-07	8.154906e-12
5.48302105e-07	8.220310e-12
5.48849605e-07	8.361370e-12
5.49397651e-07	8.462006e-12
5.49946245e-07	8.580616e-12
5.50495387e-07	8.644542e-12
5.51045077e-07	8.795661e-12
5.51595316e-07	8.822205e-12
5.52146104e-07	9.015853e-12
5.52697443e-07	9.036597e-12
5.53249331e-07	9.205162e-12
5.53801771e-07	9.184358e-12
5.54354763e-07	9.407961e-12
5.54908307e-07	9.570171e-12
5.55462403e-07	9.655265e-12
5.56017053e-07	9.772388e-12
5.56572257e-07	9.799595e-12
5.57128015e-07	9.969666e-12
5.57684328e-07	1.008370e-11
5.58241196e-07	1.027655e-11
5.58798621e-07	1.041026e-11
5.59356602e-07	1.052001e-11
5.59915140e-07	1.064357e-11
5.60474236e-07	1.073877e-11
5.61033890e-07	1.088977e-11
5.61594104e-07	1.098966e-11
5.62154876e-07	1.118201e-11
5.62716209e-07	1.127673e-11
5.63278102e-07	1.143112e-11
5.63840556e-07	1.152427e-11
5.64403571e-07	1.168838e-11
5.64967149e-07	1.185477e-11
5.65531290e-07	1.195405e-11
5.66095994e-07	1.203905e-11
5.66661262e-07	1.224773e-11
5.67227094e-07	1.235714e-11
5.67793491e-07	1.241121e-11
5.68360454e-07	1.211851e-11
5.68927983e-07	1.268933e-11
5.69496079e-07	1.287984e-11
5.70064741e-07	1.302470e-11
5.70633972e-07	1.312698e-11
5.71203771e-07	1.324282e-11
5.71774140e-07	1.328638e-11
5.72345077e-07	1.353348e-11
5.72916585e-07	1.388834e-11
5.73488663e-07	1.405967e-11
5.74061313e-07	1.415488e-11
5.74634535e-07	1.423637e-11
5.75208328e-07	1.439282e-11
5.75782695e-07	1.466801e-11
5.76357636e-07	1.476959e-11
5.76933150e-07	1.502962e-11
5.77509239e-07	1.515965e-11
5.78085904e-07	1.506572e-11
5.78663144e-07	1.542425e-11
5.79240960e-07	1.543151e-11
5.79819354e-07	1.585120e-11
5.80398325e-07	1.573702e-11
5.80977874e-07	1.615363e-11
5.81558002e-07	1.597341e-11
5.82138709e-07	1.667484e-11
5.82719997e-07	1.671407e-11
5.83301864e-07	1.697160e-11
5.83884313e-07	1.686889e-11
5.84467343e-07	1.710187e-11
5.85050955e-07	1.737212e-11
5.85635150e-07	1.771280e-11
5.86219928e-07	1.758768e-11
5.86805291e-07	1.728517e-11
5.87391238e-07	1.819187e-11
5.87977770e-07	1.831100e-11
5.88564887e-07	1.845922e-11
5.89152591e-07	1.697733e-11
5.89740882e-07	1.843837e-11
5.90329760e-07	1.814535e-11
5.90919226e-07	1.919302e-11
5.91509281e-07	1.953652e-11
5.92099925e-07	1.911177e-11
5.92691158e-07	1.981412e-11
5.93282982e-07	1.999404e-11
5.93875397e-07	2.015799e-11
5.94468404e-07	2.035737e-11
5.95062003e-07	2.046142e-11
5.95656194e-07	2.106973e-11
5.96250979e-07	2.114677e-11
5.96846358e-07	2.030254e-11
5.97442331e-07	2.149622e-11
5.98038899e-07	2.167127e-11
5.98636063e-07	2.227338e-11
5.99233823e-07	2.192256e-11
5.99832181e-07	2.265529e-11
6.00431135e-07	2.071761e-11
6.01030688e-07	2.301277e-11
6.01630839e-07	2.310141e-11
6.02231590e-07	2.314254e-11
6.02832941e-07	2.396693e-11
6.03434892e-07	2.433165e-11
6.04037444e-07	2.382183e-11
6.04640598e-07	2.374849e-11
6.05244354e-07	2.456559e-11
6.05848713e-07	2.477831e-11
6.06453675e-07	2.512034e-11
6.07059241e-07	2.582355e-11
6.07665413e-07	2.597212e-11
6.08272189e-07	2.657641e-11
6.08879571e-07	2.710732e-11
6.09487560e-07	2.726242e-11
6.10096156e-07	2.767549e-11
6.10705360e-07	2.731303e-11
6.11315172e-07	2.827448e-11
6.11925592e-07	2.853036e-11
6.12536623e-07	2.843651e-11
6.13148263e-07	2.933821e-11
6.13760515e-07	2.930749e-11
6.14373377e-07	2.892308e-11
6.14986852e-07	3.003679e-11
6.15600939e-07	3.052110e-11
6.16215639e-07	3.056094e-11
6.16830953e-07	3.013828e-11
6.17446882e-07	3.131993e-11
6.18063426e-07	3.164990e-11
6.18680585e-07	3.221156e-11
6.19298360e-07	3.207509e-11
6.19916753e-07	3.217758e-11
6.20535763e-07	3.303891e-11
6.21155390e-07	3.292096e-11
6.21775637e-07	3.416567e-11
6.22396503e-07	3.418288e-11
6.23017989e-07	3.479032e-11
6.23640096e-07	3.445125e-11
6.24262823e-07	3.511396e-11
6.24886173e-07	3.550893e-11
6.25510145e-07	3.610076e-11
6.26134740e-07	3.542844e-11
6.26759959e-07	3.579733e-11
6.27385802e-07	3.657130e-11
6.28012270e-07	3.637684e-11
6.28639363e-07	3.696653e-11
6.29267083e-07	3.865337e-11
6.29895429e-07	3.835753e-11
6.30524403e-07	3.822421e-11
6.31154005e-07	3.879725e-11
6.31784236e-07	3.907496e-11
6.32415096e-07	3.871064e-11
6.33046586e-07	3.817934e-11
6.33678706e-07	4.124845e-11
6.34311458e-07	4.158878e-11
6.34944842e-07	4.161308e-11
6.35578858e-07	4.242776e-11
6.36213507e-07	4.308373e-11
6.36848789e-07	4.324232e-11
6.37484706e-07	4.232987e-11
6.38121259e-07	4.326121e-11
6.38758446e-07	4.337722e-11
6.39396270e-07	4.488788e-11
6.40034731e-07	4.521137e-11
6.40673830e-07	4.525518e-11
6.41313566e-07	4.529030e-11
6.41953941e-07	4.611285e-11
6.42594956e-07	4.693863e-11
6.43236611e-07	4.587852e-11
6.43878907e-07	4.655965e-11
6.44521844e-07	4.494880e-11
6.45165423e-07	4.760006e-11
6.45809644e-07	4.829201e-11
6.46454509e-07	4.798277e-11
6.47100018e-07	4.643556e-11
6.47746171e-07	4.647113e-11
6.48392970e-07	4.860539e-11
6.49040414e-07	5.107558e-11
6.49688505e-07	5.026955e-11
6.50337243e-07	5.200612e-11
6.50986629e-07	5.190333e-11
6.51636663e-07	4.847239e-11
6.52287347e-07	5.049284e-11
6.52938680e-07	5.066734e-11
6.53590663e-07	5.266521e-11
6.54243298e-07	5.329649e-11
6.54896584e-07	5.485970e-11
6.55550522e-07	5.445113e-11
6.56205114e-07	5.230272e-11
6.56860359e-07	5.372945e-11
6.57516258e-07	5.172384e-11
6.58172813e-07	5.654310e-11
6.58830023e-07	3.913463e-11
6.59487889e-07	5.205401e-11
6.60146412e-07	5.719947e-11
6.60805592e-07	6.047924e-11
6.61465431e-07	5.880243e-11
6.62125929e-07	6.078731e-11
6.62787086e-07	3.937329e-11
6.63448904e-07	5.125875e-11
6.64111382e-07	6.216100e-11
6.64774522e-07	5.753763e-11
6.65438324e-07	6.219714e-11
6.66102789e-07	6.347904e-11
6.66767917e-07	6.126572e-11
6.67433710e-07	6.091739e-11
6.68100167e-07	6.423536e-11
6.68767290e-07	6.581309e-11
6.69435079e-07	6.677318e-11
6.70103534e-07	6.777568e-11
6.70772657e-07	6.515679e-11
6.71442449e-07	6.972198e-11
6.72112909e-07	6.767197e-11
6.72784039e-07	7.094451e-11
6.73455838e-07	7.150591e-11
6.74128309e-07	6.613999e-11
6.74801451e-07	6.597949e-11
6.75475265e-07	7.088094e-11
6.76149752e-07	7.442398e-11
6.76824913e-07	6.921768e-11
6.77500748e-07	7.387887e-11
6.78177257e-07	7.511946e-11
6.78854443e-07	7.480265e-11
6.79532304e-07	7.510341e-11
6.80210842e-07	7.703681e-11
6.80890058e-07	7.789639e-11
6.81569952e-07	7.594420e-11
6.82250525e-07	7.701368e-11
6.82931777e-07	8.133668e-11
6.83613710e-07	8.053921e-11
6.84296323e-07	8.143664e-11
6.84979619e-07	8.307414e-11
6.85663596e-07	8.144809e-11
6.86348257e-07	8.387918e-11
6.87033601e-07	8.457859e-11
6.87719629e-07	6.100307e-11
6.88406343e-07	8.007930e-11
6.89093742e-07	8.440068e-11
6.89781828e-07	8.385263e-11
6.90470600e-07	8.210047e-11
6.91160061e-07	7.785491e-11
6.91850210e-07	7.577154e-11
6.92541048e-07	6.189273e-11
6.93232576e-07	7.616675e-11
6.93924794e-07	8.125233e-11
6.94617704e-07	7.931723e-11
6.95311305e-07	8.200279e-11
6.96005599e-07	8.362020e-11
6.96700587e-07	8.282423e-11
6.97396268e-07	8.505373e-11
6.98092644e-07	8.735473e-11
6.98789716e-07	9.022551e-11
6.99487483e-07	9.184273e-11
7.00185947e-07	8.605588e-11
7.00885109e-07	8.721678e-11
7.01584968e-07	9.302767e-11
7.02285527e-07	9.042430e-11
7.02986785e-07	8.367809e-11
7.03688744e-07	9.107023e-11
7.04391403e-07	8.861019e-11
7.05094764e-07	8.706067e-11
7.05798827e-07	9.851967e-11
7.06503593e-07	9.708716e-11
7.07209063e-07	8.346909e-11
7.07915238e-07	9.644740e-11
7.08622117e-07	9.518975e-11
7.09329703e-07	8.248147e-11
7.10037995e-07	9.521177e-11
7.10746994e-07	8.865654e-11
7.11456701e-07	9.949894e-11
7.12167117e-07	8.442657e-11
7.12878242e-07	9.486775e-11
7.13590078e-07	9.484414e-11
7.14302624e-07	8.555497e-11
7.15015881e-07	9.381345e-11
7.15729851e-07	8.612735e-11
7.16444534e-07	8.430763e-11
7.17159931e-07	9.070457e-11
7.17876041e-07	8.729750e-11
7.18592867e-07	8.938918e-11
7.19310409e-07	8.819352e-11
7.20028667e-07	9.009675e-11
7.20747642e-07	8.591712e-11
7.21467335e-07	7.809481e-11
7.22187747e-07	9.205988e-11
7.22908878e-07	9.318643e-11
7.23630730e-07	7.453646e-11
7.24353302e-07	8.608964e-11
7.25076595e-07	9.305304e-11
7.25800611e-07	8.811403e-11
7.26525350e-07	8.976309e-11
7.27250813e-07	9.422006e-11
7.27976999e-07	1.002795e-10
7.28703911e-07	9.773655e-11
7.29431549e-07	9.201296e-11
7.30159914e-07	8.677561e-11
7.30889005e-07	8.658681e-11
7.31618825e-07	1.038357e-10
7.32349374e-07	8.923256e-11
7.33080652e-07	1.017325e-10
7.33812660e-07	1.027852e-10
7.34545399e-07	1.044808e-10
7.35278870e-07	1.036921e-10
7.36013073e-07	1.019602e-10
7.36748009e-07	8.101492e-11
7.37483680e-07	1.039817e-10
7.38220084e-07	1.008002e-10
7.38957224e-07	1.080451e-10
7.39695101e-07	1.182381e-10
7.40433714e-07	1.009843e-10
7.41173064e-07	1.049697e-10
7.41913153e-07	8.604901e-11
7.42653981e-07	1.111361e-10
7.43395548e-07	1.169062e-10
7.44137856e-07	4.357875e-11
7.44880905e-07	1.157634e-10
7.45624697e-07	7.590514e-11
7.46369230e-07	1.087087e-10
7.47114508e-07	1.022202e-10
7.47860529e-07	1.203522e-10
7.48607296e-07	1.126701e-10
7.49354808e-07	1.236021e-10
7.50103066e-07	1.221874e-10
7.50852072e-07	1.035124e-10
7.51601826e-07	1.117824e-10
7.52352328e-07	1.163412e-10
7.53103580e-07	1.122345e-10
7.53855582e-07	1.204126e-10
7.54608334e-07	1.259562e-10
7.55361839e-07	1.259577e-10
7.56116095e-07	1.247899e-10
7.56871105e-07	1.215467e-10
7.57626869e-07	1.275129e-10
7.58383388e-07	1.309138e-10
7.59140662e-07	1.203531e-10
7.59898692e-07	1.302844e-10
7.60657479e-07	1.270268e-10
7.61417023e-07	1.370564e-10
7.62177326e-07	1.417719e-10
7.62938389e-07	1.461818e-10
7.63700211e-07	1.479434e-10
7.64462794e-07	1.462026e-10
7.65226138e-07	1.340614e-10
7.65990245e-07	1.472586e-10
7.66755115e-07	1.488214e-10
7.67520748e-07	1.445057e-10
7.68287146e-07	1.539767e-10
7.69054309e-07	1.470095e-10
7.69822238e-07	1.407581e-10
7.70590934e-07	1.359566e-10
7.71360398e-07	1.490576e-10
7.72130630e-07	1.408273e-10
7.72901631e-07	1.628556e-10
7.73673402e-07	1.534232e-10
7.74445944e-07	1.602385e-10
7.75219257e-07	1.594374e-10
7.75993342e-07	1.636892e-10
7.76768200e-07	1.618871e-10
7.77543832e-07	1.556061e-10
7.78320238e-07	1.645990e-10
7.79097420e-07	1.493708e-10
7.79875377e-07	1.658902e-10
7.80654112e-07	1.722901e-10
7.81433624e-07	1.697837e-10
7.82213914e-07	1.729051e-10
7.82994984e-07	1.745783e-10
7.83776833e-07	1.597027e-10
7.84559463e-07	1.678991e-10
7.85342875e-07	1.734386e-10
7.86127069e-07	1.772166e-10
7.86912046e-07	1.608251e-10
7.87697807e-07	1.794826e-10
7.88484352e-07	1.739977e-10
7.89271683e-07	1.742648e-10
7.90059800e-07	1.757534e-10
7.90848704e-07	1.851388e-10
7.91638396e-07	1.863448e-10
7.92428876e-07	1.890526e-10
7.93220146e-07	1.892028e-10
7.94012205e-07	1.910131e-10
7.94805056e-07	1.896282e-10
7.95598698e-07	1.923012e-10
7.96393133e-07	1.861177e-10
7.97188361e-07	2.001335e-10
7.97984383e-07	1.920246e-10
7.98781200e-07	1.953242e-10
7.99578813e-07	1.973487e-10
8.00377222e-07	1.895761e-10
8.01176428e-07	1.994749e-10
8.01976433e-07	2.000720e-10
8.02777236e-07	2.015095e-10
8.03578839e-07	1.728206e-10
8.04381242e-07	1.889394e-10
8.05184446e-07	2.001578e-10
8.05988453e-07	1.861825e-10
8.06793262e-07	1.505657e-10
8.07598875e-07	1.359154e-10
8.08405293e-07	1.819158e-10
8.09212515e-07	1.643247e-10
8.10020544e-07	1.705986e-10
8.10829379e-07	1.604765e-10
8.11639023e-07	1.557030e-10
8.12449474e-07	1.401197e-10
8.13260735e-07	1.432466e-10
8.14072806e-07	1.835345e-10
8.14885688e-07	1.315533e-10
8.15699382e-07	1.356395e-10
8.16513888e-07	1.912127e-10
8.17329207e-07	1.920332e-10
8.18145341e-07	1.921131e-10
8.18962289e-07	1.851809e-10
8.19780053e-07	1.804207e-10
8.20598634e-07	1.791376e-10
8.21418032e-07	2.006788e-10
8.22238248e-07	2.063716e-10
8.23059284e-07	3.765459e-11
8.23881139e-07	1.901227e-10
8.24703815e-07	1.663604e-10
8.25527312e-07	2.023423e-10
8.26351632e-07	1.881052e-10
8.27176774e-07	2.060716e-10
8.28002741e-07	2.315212e-10
8.28829533e-07	1.701664e-10
8.29657150e-07	1.508214e-10
8.30485593e-07	2.205068e-10
8.31314864e-07	1.933579e-10
8.32144962e-07	2.372400e-10
8.32975890e-07	2.377753e-10
8.33807647e-07	2.185367e-10
8.34640235e-07	1.585770e-10
8.35473654e-07	1.169210e-10
8.36307906e-07	1.931688e-10
8.37142990e-07	2.038853e-10
8.37978908e-07	2.156040e-10
8.38815661e-07	1.728396e-10
8.39653250e-07	2.193781e-10
8.40491675e-07	1.897984e-10
8.41330937e-07	2.069109e-10
8.42171037e-07	2.145032e-10
8.43011976e-07	2.109352e-10
8.43853755e-07	2.195460e-10
8.44696374e-07	2.400338e-10
8.45539834e-07	2.232486e-10
8.46384137e-07	1.428632e-10
8.47229283e-07	2.273150e-10
8.48075273e-07	2.273451e-10
8.48922108e-07	2.443680e-10
8.49769788e-07	2.464581e-10
8.50618314e-07	2.349013e-10
8.51467688e-07	2.434866e-10
8.52317910e-07	2.413902e-10
8.53168981e-07	2.553715e-10
8.54020902e-07	2.592444e-10
8.54873674e-07	2.355798e-10
8.55727297e-07	2.015620e-10
8.56581772e-07	2.177936e-10
8.57437101e-07	2.421368e-10
8.58293284e-07	2.422035e-10
8.59150321e-07	2.670958e-10
8.60008215e-07	2.306101e-10
8.60866965e-07	2.711605e-10
8.61726572e-07	2.692842e-10
8.62587038e-07	2.693160e-10
8.63448363e-07	2.718619e-10
8.64310548e-07	2.785575e-10
8.65173595e-07	2.756005e-10
8.66037502e-07	2.719675e-10
8.66902273e-07	2.997047e-10
8.67767907e-07	2.710903e-10
8.68634405e-07	3.155427e-10
8.69501769e-07	2.746466e-10
8.70369999e-07	2.746697e-10
8.71239096e-07	2.221971e-10
8.72109060e-07	3.139031e-10
8.72979893e-07	3.102585e-10
8.73851596e-07	3.250301e-10
8.74724169e-07	3.160446e-10
8.75597614e-07	2.987643e-10
8.76471930e-07	3.185175e-10
8.77347120e-07	3.443861e-10
8.78223184e-07	2.974379e-10
8.79100122e-07	3.334897e-10
8.79977936e-07	3.388473e-10
8.80856627e-07	3.162883e-10
8.81736195e-07	3.200537e-10
8.82616641e-07	3.261387e-10
8.83497966e-07	3.041391e-10
8.84380172e-07	3.197998e-10
8.85263258e-07	3.425825e-10
8.86147226e-07	3.122123e-10
8.87032077e-07	3.001110e-10
8.87917812e-07	3.249722e-10
8.88804430e-07	3.133798e-10
8.89691935e-07	3.223172e-10
8.90580325e-07	3.363852e-10
8.91469602e-07	2.788388e-10
8.92359768e-07	2.839282e-10
8.93250822e-07	2.879299e-10
8.94142766e-07	3.294310e-10
8.95035601e-07	3.066907e-10
8.95929327e-07	2.979088e-10
8.96823946e-07	2.890625e-10
8.97719458e-07	1.528570e-10
8.98615864e-07	3.246786e-10
8.99513165e-07	3.348376e-10
9.00411362e-07	3.498372e-10
9.01310456e-07	3.382673e-10
9.02210448e-07	3.503602e-10
9.03111339e-07	3.099611e-10
9.04013129e-07	3.096504e-10
9.04915820e-07	3.373996e-10
9.05819412e-07	3.194984e-10
9.06723906e-07	3.667723e-10
9.07629303e-07	2.930084e-10
9.08535605e-07	3.829193e-10
9.09442811e-07	3.065707e-10
9.10350924e-07	3.582437e-10
9.11259943e-07	3.786268e-10
9.12169869e-07	3.496887e-10
9.13080705e-07	2.285166e-10
9.13992450e-07	3.734333e-10
9.14905105e-07	3.830929e-10
9.15818672e-07	7.556723e-11
9.16733151e-07	2.630041e-10
9.17648543e-07	1.819639e-10
9.18564849e-07	3.380777e-10
9.19482070e-07	2.683290e-10
9.20400207e-07	2.773308e-10
9.21319260e-07	2.824964e-10
9.22239232e-07	2.876134e-10
9.23160122e-07	1.698807e-10
9.24081931e-07	2.229730e-10
9.25004661e-07	3.755134e-10
9.25928313e-07	7.399805e-11
9.26852887e-07	2.930324e-10
9.27778384e-07	1.902517e-10
9.28704805e-07	6.656783e-11
9.29632151e-07	1.858908e-10
9.30560423e-07	3.176190e-10
9.31489622e-07	3.383199e-10
9.32419749e-07	8.091452e-11
9.33350805e-07	9.724159e-11
9.34282790e-07	1.861865e-10
9.35215706e-07	2.585527e-10
9.36149554e-07	2.449377e-10
9.37084334e-07	3.168785e-10
9.38020047e-07	4.463648e-11
9.38956695e-07	1.114601e-10
9.39894278e-07	2.210755e-10
9.40832797e-07	3.383415e-10
9.41772253e-07	7.068128e-11
9.42712648e-07	1.728142e-10
9.43653981e-07	1.100542e-10
9.44596255e-07	1.314757e-10
9.45539469e-07	2.743481e-10
9.46483625e-07	3.061838e-10
9.47428724e-07	1.572988e-10
9.48374767e-07	2.331450e-10
9.49321755e-07	2.386670e-10
9.50269687e-07	2.388282e-10
9.51218567e-07	3.132348e-10
9.52168394e-07	2.163362e-10
9.53119169e-07	2.066511e-10
9.54070894e-07	3.493015e-10
9.55023569e-07	3.190723e-10
9.55977196e-07	1.842689e-10
9.56931774e-07	9.715587e-11
9.57887306e-07	3.141219e-10
9.58843792e-07	2.973877e-10
9.59801233e-07	1.908602e-10
9.60759630e-07	1.325084e-10
9.61718984e-07	2.762097e-10
9.62679296e-07	1.279729e-10
9.63640567e-07	1.032644e-10
9.64602798e-07	3.130054e-10
9.65565990e-07	2.411792e-10
9.66530143e-07	3.327464e-10
9.67495259e-07	2.682509e-10
9.68461339e-07	1.598852e-10
9.69428384e-07	1.813265e-10
9.70396394e-07	3.788552e-10
9.71365371e-07	3.462917e-10
9.72335315e-07	3.064485e-10
9.73306228e-07	2.571508e-10
9.74278110e-07	1.195436e-10
9.75250963e-07	1.725738e-10
9.76224787e-07	3.417850e-10
9.77199584e-07	2.836572e-10
9.78175354e-07	2.763386e-10
9.79152098e-07	2.566464e-10
9.80129818e-07	3.705642e-10
9.81108514e-07	3.214160e-10
9.82088187e-07	3.125165e-10
9.83068838e-07	3.198733e-10
9.84050469e-07	2.890973e-10
9.85033080e-07	2.415989e-10
9.86016672e-07	2.639012e-10
9.87001246e-07	3.529640e-10
9.87986804e-07	2.576266e-10
9.88973345e-07	3.299462e-10
9.89960871e-07	3.085428e-10
9.90949384e-07	3.386629e-10
9.91938884e-07	3.157051e-10
9.92929371e-07	3.436243e-10
9.93920848e-07	4.128191e-10
9.94913315e-07	3.524519e-10
9.95906773e-07	3.261426e-10
9.96901223e-07	3.214853e-10
9.97896665e-07	4.052612e-10
9.98893102e-07	4.233106e-10
9.99890534e-07	4.061167e-10
1.00088896e-06	2.852578e-10
1.00188839e-06	2.893332e-10
1.00288881e-06	3.792301e-10
1.00389023e-06	4.319455e-10
1.00489265e-06	3.745241e-10
1.00589607e-06	3.717193e-10
1.00690050e-06	4.364746e-10
1.00790593e-06	4.110287e-10
1.00891236e-06	4.552791e-10
1.00991979e-06	4.492531e-10
1.01092824e-06	3.423071e-10
1.01193769e-06	4.487604e-10
1.01294814e-06	3.979769e-10
1.01395961e-06	4.411034e-10
1.01497209e-06	4.617520e-10
1.01598557e-06	4.706097e-10
1.01700007e-06	4.412134e-10
1.01801558e-06	4.484453e-10
1.01903211e-06	4.962207e-10
1.02004965e-06	3.627516e-10
1.02106821e-06	4.966278e-10
1.02208778e-06	4.953234e-10
1.02310838e-06	4.387751e-10
1.02412999e-06	4.709791e-10
1.02515262e-06	4.938985e-10
1.02617627e-06	4.497984e-10
1.02720095e-06	5.063173e-10
1.02822665e-06	4.793735e-10
1.02925337e-06	4.861050e-10
1.03028112e-06	4.865734e-10
1.03130989e-06	5.199954e-10
1.03233969e-06	5.004003e-10
1.03337052e-06	5.264092e-10
1.03440238e-06	5.548636e-10
1.03543527e-06	5.389774e-10
1.03646919e-06	5.582561e-10
1.03750414e-06	5.074655e-10
1.03854013e-06	5.327643e-10
1.03957715e-06	5.563647e-10
1.04061521e-06	5.633337e-10
1.04165430e-06	5.199512e-10
1.04269443e-06	5.230775e-10
1.04373560e-06	5.476539e-10
1.04477781e-06	5.411663e-10
1.04582106e-06	5.724244e-10
1.04686535e-06	4.937521e-10
1.04791068e-06	5.231103e-10
1.04895706e-06	5.558551e-10
1.05000448e-06	5.423501e-10
1.05105295e-06	5.379039e-10
1.05210246e-06	5.450989e-10
1.05315303e-06	6.095928e-10
1.05420464e-06	6.108762e-10
1.05525730e-06	6.261864e-10
1.05631102e-06	6.010765e-10
1.05736578e-06	6.226231e-10
1.05842160e-06	6.314872e-10
1.05947847e-06	5.801298e-10
1.06053640e-06	5.758141e-10
1.06159539e-06	6.172063e-10
1.06265543e-06	6.249030e-10
1.06371653e-06	6.153129e-10
1.06477869e-06	6.468347e-10
1.06584191e-06	6.150627e-10
1.06690619e-06	6.097862e-10
1.06797154e-06	6.349867e-10
1.06903795e-06	5.744263e-10
1.07010542e-06	6.506722e-10
1.07117396e-06	5.889001e-10
1.07224357e-06	6.690515e-10
1.07331424e-06	6.637013e-10
1.07438599e-06	6.947402e-10
1.07545880e-06	6.757783e-10
1.07653269e-06	6.127220e-10
1.07760765e-06	6.314541e-10
1.07868368e-06	4.535104e-10
1.07976078e-06	6.297093e-10
1.08083896e-06	6.723111e-10
1.08191822e-06	6.629896e-10
1.08299856e-06	6.886497e-10
1.08407997e-06	6.806538e-10
1.08516247e-06	6.510552e-10
1.08624604e-06	5.948490e-10
1.08733070e-06	5.923990e-10
1.08841644e-06	6.381521e-10
1.08950326e-06	5.601732e-10
1.09059117e-06	6.190726e-10
1.09168017e-06	3.214508e-10
1.09277025e-06	3.300266e-10
1.09386142e-06	3.657952e-10
1.09495368e-06	3.469670e-10
1.09604703e-06	2.219064e-10
1.09714148e-06	3.855155e-10
1.09823701e-06	5.423720e-10
1.09933364e-06	5.250295e-10
1.10043137e-06	3.499481e-10
1.10153019e-06	4.038179e-10
1.10263011e-06	4.213501e-10
1.10373113e-06	6.254266e-10
1.10483324e-06	4.434153e-10
1.10593646e-06	3.544678e-10
1.10704078e-06	4.991486e-10
1.10814620e-06	4.096172e-10
1.10925273e-06	3.773671e-10
1.11036036e-06	1.605131e-10
1.11146909e-06	4.379676e-10
1.11257893e-06	4.535216e-10
1.11368989e-06	4.280112e-10
1.11480195e-06	1.730944e-10
1.11591512e-06	5.335626e-10
1.11702940e-06	2.742731e-10
1.11814480e-06	5.070185e-10
1.11926130e-06	2.229536e-10
1.12037893e-06	1.136222e-10
1.12149767e-06	5.213019e-10
1.12261752e-06	5.140902e-10
1.12373850e-06	4.761920e-10
1.12486059e-06	4.795368e-10
1.12598381e-06	5.039591e-10
1.12710815e-06	5.314569e-10
1.12823361e-06	2.236799e-10
1.12936019e-06	1.639071e-10
1.13048790e-06	4.994546e-10
1.13161673e-06	3.650539e-10
1.13274669e-06	6.005375e-10
1.13387778e-06	5.468244e-10
1.13501000e-06	3.781658e-10
1.13614335e-06	4.022311e-10
1.13727783e-06	4.681513e-10
1.13841345e-06	6.045820e-10
1.13955019e-06	5.821066e-10
1.14068808e-06	5.429521e-10
1.14182710e-06	4.090457e-10
1.14296725e-06	4.201189e-10
1.14410855e-06	2.022055e-10
1.14525098e-06	5.138595e-10
1.14639456e-06	2.962306e-10
1.14753928e-06	4.424104e-10
1.14868514e-06	3.333913e-10
1.14983214e-06	2.096518e-10
1.15098029e-06	3.795594e-10
1.15212959e-06	6.050355e-10
1.15328003e-06	2.581947e-10
1.15443162e-06	3.165610e-10
1.15558437e-06	3.849894e-10
1.15673826e-06	5.375183e-10
1.15789331e-06	3.764173e-10
1.15904951e-06	5.371694e-10
1.16020686e-06	4.796847e-10
1.16136537e-06	4.723739e-10
1.16252504e-06	1.358939e-10
1.16368586e-06	1.440711e-10
1.16484784e-06	3.565556e-10
1.16601099e-06	5.298468e-10
1.16717529e-06	3.812573e-10
1.16834076e-06	1.537320e-10
1.16950739e-06	1.721465e-10
1.17067519e-06	3.310525e-10
1.17184415e-06	5.778119e-10
1.17301428e-06	4.467788e-10
1.17418558e-06	4.600678e-10
1.17535805e-06	5.263410e-10
1.17653168e-06	4.328183e-10
1.17770650e-06	4.006046e-10
1.17888248e-06	3.394374e-10
1.18005964e-06	3.120788e-10
1.18123797e-06	4.954960e-10
1.18241748e-06	1.604684e-10
1.18359817e-06	3.535092e-10
1.18478003e-06	4.646126e-10
1.18596308e-06	2.322988e-10
1.18714731e-06	6.906999e-10
1.18833272e-06	5.908947e-10
1.18951931e-06	3.598196e-10
1.19070709e-06	4.152352e-10
1.19189606e-06	5.357004e-10
1.19308621e-06	6.811198e-10
1.19427755e-06	6.006295e-10
1.19547008e-06	7.096382e-10
1.19666380e-06	6.454220e-10
1.19785872e-06	6.331297e-10
1.19905482e-06	4.396378e-10
1.20025212e-06	7.383369e-10
1.20145062e-06	6.778834e-10
1.20265031e-06	6.403548e-10
1.20385120e-06	8.072686e-10
1.20505329e-06	5.903955e-10
1.20625658e-06	5.937647e-10
1.20746108e-06	7.193607e-10
1.20866677e-06	7.371936e-10
1.20987367e-06	4.100046e-10
1.21108177e-06	7.001096e-10
1.21229108e-06	5.818018e-10
1.21350160e-06	7.048470e-10
1.21471333e-06	7.582683e-10
1.21592626e-06	5.710695e-10
1.21714041e-06	7.236099e-10
1.21835577e-06	7.988635e-10
1.21957234e-06	8.817444e-10
1.22079013e-06	6.290237e-10
1.22200914e-06	7.842354e-10
1.22322936e-06	7.058423e-10
1.22445080e-06	8.253844e-10
1.22567346e-06	7.201702e-10
1.22689734e-06	7.362037e-10
1.22812244e-06	8.116633e-10
1.22934876e-06	7.035082e-10
1.23057631e-06	6.808576e-10
1.23180509e-06	5.900639e-10
1.23303509e-06	8.153968e-10
1.23426633e-06	7.331449e-10
1.23549879e-06	7.472884e-10
1.23673248e-06	6.536267e-10
1.23796740e-06	8.088605e-10
1.23920356e-06	8.730185e-10
1.24044095e-06	7.875115e-10
1.24167957e-06	9.129393e-10
1.24291944e-06	7.739045e-10
1.24416054e-06	8.041180e-10
1.24540288e-06	9.659277e-10
1.24664646e-06	9.540923e-10
1.24789128e-06	9.458480e-10
1.24913735e-06	9.670564e-10
1.25038466e-06	9.936825e-10
1.25163321e-06	9.513700e-10
1.25288301e-06	1.000776e-09
1.25413407e-06	9.881772e-10
1.25538636e-06	7.479089e-10
1.25663991e-06	9.458064e-10
1.25789472e-06	8.721509e-10
1.25915077e-06	1.033638e-09
1.26040808e-06	8.022164e-10
1.26166664e-06	9.769088e-10
1.26292646e-06	1.045605e-09
1.26418754e-06	1.000556e-09
1.26544988e-06	1.009124e-09
1.26671348e-06	1.069338e-09
1.26797834e-06	1.092931e-09
1.26924446e-06	9.942115e-10
1.27051185e-06	5.495484e-10
1.27178050e-06	1.090957e-09
1.27305042e-06	9.333894e-10
1.27432161e-06	1.160974e-09
1.27559407e-06	1.053253e-09
1.27686780e-06	9.555140e-10
1.27814280e-06	1.099807e-09
1.27941907e-06	9.460859e-10
1.28069662e-06	9.735050e-10
1.28197544e-06	9.529602e-10
1.28325554e-06	5.691037e-10
1.28453692e-06	9.574340e-10
1.28581958e-06	1.073577e-09
1.28710351e-06	1.138320e-09
1.28838874e-06	1.037016e-09
1.28967524e-06	7.373126e-10
1.29096303e-06	1.054087e-09
1.29225210e-06	1.030665e-09
1.29354246e-06	1.193655e-09
1.29483411e-06	8.512153e-10
1.29612705e-06	1.044861e-09
1.29742128e-06	9.541800e-10
1.29871681e-06	1.134822e-09
1.30001362e-06	1.236368e-09
1.30131174e-06	9.950741e-10
1.30261114e-06	9.785081e-10
1.30391185e-06	1.019113e-09
1.30521385e-06	1.072621e-09
1.30651716e-06	9.843467e-10
1.30782176e-06	9.793332e-10
1.30912767e-06	3.778268e-10
1.31043489e-06	7.432509e-10
1.31174340e-06	6.024090e-10
1.31305323e-06	1.059507e-09
1.31436436e-06	9.171549e-10
1.31567680e-06	1.056509e-09
1.31699055e-06	7.087839e-10
1.31830562e-06	8.974926e-10
1.31962199e-06	8.593573e-10
1.32093969e-06	8.307498e-10
1.32225869e-06	9.742569e-10
1.32357902e-06	9.247840e-10
1.32490066e-06	8.927786e-10
1.32622362e-06	5.751074e-10
1.32754791e-06	1.185836e-09
1.32887351e-06	5.812089e-10
1.33020044e-06	4.773039e-10
1.33152870e-06	9.131319e-10
1.33285828e-06	3.957520e-10
1.33418918e-06	6.332291e-10
1.33552142e-06	6.452345e-10
1.33685499e-06	4.786241e-10
1.33818989e-06	4.223067e-10
1.33952612e-06	5.669328e-10
1.34086369e-06	6.251661e-10
1.34220259e-06	8.065238e-10
1.34354283e-06	2.901645e-10
1.34488441e-06	2.259882e-10
1.34622732e-06	6.150748e-10
1.34757158e-06	3.732268e-10
1.34891718e-06	4.642545e-10
1.35026412e-06	2.855033e-10
1.35161241e-06	2.609491e-10
1.35296205e-06	3.760356e-10
1.35431303e-06	3.094632e-10
1.35566536e-06	2.667356e-10
1.35701905e-06	3.770995e-10
1.35837408e-06	2.440058e-10
1.35973047e-06	3.908924e-10
1.36108821e-06	2.366622e-10
1.36244730e-06	2.998724e-10
1.36380776e-06	5.514441e-10
1.36516957e-06	4.889168e-10
1.36653274e-06	3.611728e-10
1.36789728e-06	3.458412e-10
1.36926317e-06	3.047655e-10
1.37063043e-06	3.179567e-10
1.37199906e-06	4.788709e-10
1.37336905e-06	5.634955e-10
1.37474041e-06	4.628233e-10
1.37611314e-06	3.472466e-10
1.37748724e-06	6.651062e-10
1.37886271e-06	3.952802e-10
1.38023956e-06	3.257003e-10
1.38161778e-06	6.320492e-10
1.38299737e-06	3.918588e-10
1.38437835e-06	3.177952e-10
1.38576070e-06	3.012121e-10
1.38714443e-06	4.450143e-10
1.38852955e-06	5.706501e-10
1.38991605e-06	2.613675e-10
1.39130393e-06	5.498591e-10
1.39269320e-06	2.754627e-10
1.39408385e-06	6.190318e-10
1.39547590e-06	3.958946e-10
1.39686933e-06	4.068503e-10
1.39826416e-06	5.249103e-10
1.39966038e-06	2.729116e-10
1.40105799e-06	2.793791e-10
1.40245700e-06	5.692417e-10
1.40385740e-06	5.384311e-10
1.40525921e-06	3.027900e-10
1.40666241e-06	2.843879e-10
1.40806702e-06	5.176420e-10
1.40947302e-06	4.034403e-10
1.41088043e-06	3.262418e-10
1.41228925e-06	4.249200e-10
1.41369947e-06	3.779057e-10
1.41511110e-06	5.129915e-10
1.41652415e-06	7.019254e-10
1.41793860e-06	4.232424e-10
1.41935446e-06	3.417623e-10
1.42077174e-06	2.806103e-10
1.42219043e-06	3.228484e-10
1.42361054e-06	2.981035e-10
1.42503207e-06	3.825927e-10
1.42645502e-06	5.124829e-10
1.42787939e-06	4.075973e-10
1.42930518e-06	3.218842e-10
1.43073239e-06	5.452192e-10
1.43216103e-06	3.338592e-10
1.43359110e-06	5.019557e-10
1.43502259e-06	5.137060e-10
1.43645551e-06	4.226656e-10
1.43788987e-06	4.439940e-10
1.43932565e-06	5.213990e-10
1.44076287e-06	4.416019e-10
1.44220153e-06	4.982180e-10
1.44364162e-06	6.501730e-10
1.44508315e-06	3.892903e-10
1.44652612e-06	5.316286e-10
1.44797053e-06	4.188708e-10
1.44941638e-06	6.028240e-10
1.45086368e-06	3.556020e-10
1.45231242e-06	5.538378e-10
1.45376261e-06	3.754745e-10
1.45521424e-06	5.868293e-10
1.45666733e-06	3.079626e-10
1.45812186e-06	3.298804e-10
1.45957785e-06	3.507892e-10
1.46103529e-06	6.139259e-10
1.46249419e-06	3.838220e-10
1.46395455e-06	3.812021e-10
1.46541636e-06	6.602628e-10
1.46687963e-06	4.075820e-10
1.46834437e-06	4.950655e-10
1.46981056e-06	5.504244e-10
1.47127822e-06	6.302327e-10
1.47274735e-06	7.652658e-10
1.47421794e-06	3.868166e-10
1.47569000e-06	3.741132e-10
1.47716353e-06	5.018245e-10
1.47863854e-06	3.644822e-10
1.48011501e-06	4.637690e-10
1.48159296e-06	5.778418e-10
1.48307239e-06	8.266262e-10
1.48455329e-06	4.073490e-10
1.48603567e-06	5.050248e-10
1.48751953e-06	6.470517e-10
1.48900488e-06	7.280681e-10
1.49049170e-06	4.881713e-10
1.49198001e-06	6.584928e-10
1.49346981e-06	3.862850e-10
1.49496110e-06	8.905666e-10
1.49645387e-06	4.059380e-10
1.49794813e-06	7.987549e-10
1.49944389e-06	7.585296e-10
1.50094114e-06	5.974817e-10
1.50243989e-06	5.877465e-10
1.50394013e-06	5.855802e-10
1.50544187e-06	6.293174e-10
1.50694511e-06	5.684787e-10
1.50844985e-06	7.119489e-10
1.50995609e-06	6.419737e-10
1.51146384e-06	6.300456e-10
1.51297309e-06	8.718742e-10
1.51448385e-06	6.602889e-10
1.51599612e-06	8.738391e-10
1.51750990e-06	5.187788e-10
1.51902519e-06	4.309527e-10
1.52054199e-06	7.265569e-10
1.52206031e-06	5.058271e-10
1.52358014e-06	6.734130e-10
1.52510149e-06	6.558667e-10
1.52662436e-06	9.800193e-10
1.52814875e-06	6.242925e-10
1.52967467e-06	1.149348e-09
1.53120210e-06	4.209597e-10
1.53273107e-06	8.201198e-10
1.53426156e-06	5.642179e-10
1.53579357e-06	7.072053e-10
1.53732712e-06	4.315057e-10
1.53886220e-06	7.838480e-10
1.54039881e-06	9.138443e-10
1.54193695e-06	8.195656e-10
1.54347663e-06	8.751078e-10
1.54501785e-06	1.121229e-09
1.54656061e-06	5.879109e-10
1.54810491e-06	9.871071e-10
1.54965075e-06	7.254177e-10
1.55119813e-06	9.341150e-10
1.55274706e-06	9.632392e-10
1.55429754e-06	1.070092e-09
1.55584956e-06	9.929210e-10
1.55740313e-06	7.675363e-10
1.55895826e-06	9.905253e-10
1.56051494e-06	1.053903e-09
1.56207317e-06	1.062944e-09
1.56363296e-06	1.086548e-09
1.56519430e-06	7.611939e-10
1.56675721e-06	1.073411e-09
1.56832167e-06	1.060100e-09
1.56988770e-06	1.091495e-09
1.57145529e-06	9.898712e-10
1.57302445e-06	6.757986e-10
1.57459517e-06	1.133203e-09
1.57616746e-06	1.034464e-09
1.57774132e-06	1.215962e-09
1.57931676e-06	1.164890e-09
1.58089376e-06	1.249869e-09
1.58247234e-06	6.977486e-10
1.58405250e-06	1.064310e-09
1.58563424e-06	1.174114e-09
1.58721755e-06	1.012552e-09
1.58880245e-06	1.345650e-09
1.59038892e-06	7.655543e-10
1.59197699e-06	1.072134e-09
1.59356663e-06	1.336881e-09
1.59515787e-06	1.428955e-09
1.59675069e-06	1.256570e-09
1.59834511e-06	1.029199e-09
1.59994111e-06	1.219675e-09
1.60153872e-06	1.199688e-09
1.60313791e-06	1.056164e-09
1.60473870e-06	1.436261e-09
1.60634109e-06	1.281606e-09
1.60794509e-06	1.366087e-09
1.60955068e-06	1.340556e-09
1.61115787e-06	1.342166e-09
1.61276668e-06	1.310384e-09
1.61437708e-06	1.417381e-09
1.61598910e-06	1.326031e-09
1.61760272e-06	1.422828e-09
1.61921796e-06	1.258207e-09
1.62083481e-06	1.410483e-09
1.62245327e-06	1.335960e-09
1.62407335e-06	1.251700e-09
1.62569505e-06	1.359049e-09
1.62731837e-06	1.355405e-09
1.62894330e-06	1.493015e-09
1.63056986e-06	1.442683e-09
1.63219805e-06	6.209782e-10
1.63382786e-06	1.485252e-09
1.63545930e-06	1.350245e-09
1.63709236e-06	1.348535e-09
1.63872706e-06	1.387119e-09
1.64036339e-06	1.311549e-09
1.64200135e-06	1.634165e-09
1.64364095e-06	1.495004e-09
1.64528219e-06	1.442041e-09
1.64692506e-06	1.426816e-09
1.64856958e-06	1.486746e-09
1.65021574e-06	1.528924e-09
1.65186354e-06	1.406115e-09
1.65351299e-06	1.572629e-09
1.65516408e-06	1.553280e-09
1.65681682e-06	1.575040e-09
1.65847122e-06	1.510743e-09
1.66012726e-06	1.458102e-09
1.66178496e-06	1.494046e-09
1.66344431e-06	1.537362e-09
1.66510532e-06	1.583732e-09
1.66676799e-06	1.470202e-09
1.66843232e-06	1.553497e-09
1.67009831e-06	1.223174e-09
1.67176597e-06	1.112231e-09
1.67343529e-06	1.512150e-09
1.67510628e-06	1.512488e-09
1.67677893e-06	1.567470e-09
1.67845326e-06	1.145291e-09
1.68012926e-06	1.572542e-09
1.68180693e-06	1.724114e-09
1.68348627e-06	1.357297e-09
1.68516730e-06	1.448349e-09
1.68685000e-06	1.001193e-09
1.68853438e-06	1.510470e-09
1.69022045e-06	1.614836e-09
1.69190819e-06	1.203087e-09
1.69359763e-06	1.645590e-09
1.69528875e-06	1.197618e-09
1.69698156e-06	1.441440e-09
1.69867605e-06	1.624976e-09
1.70037225e-06	1.430324e-09
1.70207013e-06	1.545865e-09
1.70376971e-06	1.125989e-09
1.70547099e-06	1.367230e-09
1.70717396e-06	1.530468e-09
1.70887864e-06	1.423067e-09
1.71058502e-06	1.652337e-09
1.71229310e-06	1.472204e-09
1.71400289e-06	1.266810e-09
1.71571438e-06	1.111589e-09
1.71742759e-06	1.112824e-09
1.71914250e-06	1.097505e-09
1.72085913e-06	1.018180e-09
1.72257747e-06	1.131875e-09
1.72429753e-06	1.481807e-09
1.72601931e-06	1.406002e-09
1.72774280e-06	1.119822e-09
1.72946801e-06	1.042026e-09
1.73119495e-06	1.222313e-09
1.73292362e-06	1.179382e-09
1.73465400e-06	1.170577e-09
1.73638612e-06	1.375472e-09
1.73811997e-06	1.264750e-09
1.73985554e-06	8.108112e-10
1.74159285e-06	1.297147e-09
1.74333190e-06	1.309023e-09
1.74507268e-06	9.638204e-10
1.74681520e-06	5.538246e-10
1.74855946e-06	1.483729e-09
1.75030546e-06	6.402425e-10
1.75205321e-06	6.902536e-10
1.75380270e-06	1.106350e-09
1.75555393e-06	5.989538e-10
1.75730692e-06	7.221438e-10
1.75906165e-06	1.385146e-09
1.76081814e-06	1.226157e-09
1.76257638e-06	1.223180e-09
1.76433638e-06	1.221143e-09
1.76609814e-06	1.241531e-09
1.76786165e-06	5.627599e-10
1.76962693e-06	1.421751e-09
1.77139397e-06	1.078154e-09
1.77316277e-06	9.093600e-10
1.77493334e-06	9.027363e-10
1.77670567e-06	1.020998e-09
1.77847978e-06	7.288779e-10
1.78025566e-06	9.761299e-10
1.78203331e-06	7.830619e-10
1.78381274e-06	9.444597e-10
1.78559394e-06	1.147273e-09
1.78737692e-06	1.123543e-09
1.78916168e-06	1.036250e-09
1.79094823e-06	8.423603e-10
1.79273655e-06	7.304382e-10
1.79452667e-06	1.301020e-09
1.79631857e-06	5.862872e-10
1.79811226e-06	9.458699e-10
1.79990774e-06	1.099808e-09
1.80170502e-06	7.605656e-10
1.80350409e-06	7.296362e-10
1.80530495e-06	1.092142e-09
1.80710762e-06	7.229458e-10
1.80891208e-06	7.027140e-10
1.81071835e-06	6.219101e-10
1.81252641e-06	6.241098e-10
1.81433629e-06	9.013180e-10
1.81614797e-06	1.267539e-09
1.81796146e-06	8.310040e-10
1.81977676e-06	8.607474e-10
1.82159388e-06	7.354639e-10
1.82341281e-06	6.518386e-10
1.82523355e-06	9.169232e-10
1.82705612e-06	8.640263e-10
1.82888050e-06	6.177452e-10
1.83070670e-06	9.187516e-10
1.83253473e-06	6.455107e-10
1.83436459e-06	1.266982e-09
1.83619627e-06	6.499080e-10
1.83802978e-06	1.017031e-09
1.83986512e-06	6.290192e-10
1.84170229e-06	1.180518e-09
1.84354130e-06	6.842201e-10
1.84538214e-06	1.146579e-09
1.84722483e-06	6.476669e-10
1.84906935e-06	1.305280e-09
1.85091571e-06	1.120651e-09
1.85276392e-06	1.315928e-09
1.85461397e-06	9.657748e-10
1.85646588e-06	9.152695e-10
1.85831963e-06	9.601022e-10
1.86017523e-06	9.141204e-10
1.86203268e-06	8.637980e-10
1.86389199e-06	1.017363e-09
1.86575315e-06	1.048460e-09
1.86761618e-06	8.571469e-10
1.86948106e-06	1.176264e-09
1.87134781e-06	9.631039e-10
1.87321642e-06	9.306672e-10
1.87508689e-06	1.101993e-09
1.87695924e-06	1.076188e-09
1.87883345e-06	1.002379e-09
1.88070954e-06	1.283577e-09
1.88258749e-06	1.213950e-09
1.88446733e-06	1.135401e-09
1.88634904e-06	1.466926e-09
1.88823263e-06	1.148056e-09
1.89011810e-06	8.335178e-10
1.89200545e-06	1.121928e-09
1.89389469e-06	6.698312e-10
1.89578581e-06	1.348723e-09
1.89767882e-06	1.083509e-09
1.89957373e-06	1.139777e-09
1.90147052e-06	6.976885e-10
1.90336921e-06	8.440123e-10
1.90526980e-06	1.045884e-09
1.90717228e-06	7.978031e-10
1.90907666e-06	1.285292e-09
1.91098294e-06	1.119244e-09
1.91289113e-06	9.208223e-10
1.91480122e-06	1.281440e-09
1.91671322e-06	9.900910e-10
1.91862713e-06	1.273166e-09
1.92054295e-06	1.179917e-09
1.92246069e-06	9.977703e-10
1.92438033e-06	1.225055e-09
1.92630190e-06	1.012224e-09
1.92822538e-06	1.131829e-09
1.93015079e-06	1.262743e-09
1.93207812e-06	1.306036e-09
1.93400737e-06	9.121258e-10
1.93593855e-06	1.107290e-09
1.93787165e-06	1.033119e-09
1.93980669e-06	7.374523e-10
1.94174366e-06	1.334138e-09
1.94368256e-06	1.083061e-09
1.94562340e-06	1.192958e-09
1.94756618e-06	9.450271e-10
1.94951089e-06	1.131102e-09
1.95145755e-06	1.247034e-09
1.95340615e-06	7.227359e-10
1.95535670e-06	1.013507e-09
1.95730920e-06	9.793659e-10
1.95926364e-06	1.375552e-09
1.96122004e-06	1.150461e-09
1.96317839e-06	1.233582e-09
1.96513870e-06	8.883091e-10
1.96710096e-06	1.245611e-09
1.96906519e-06	1.199415e-09
1.97103137e-06	1.028351e-09
1.97299952e-06	9.379448e-10
1.97496963e-06	1.284257e-09
1.97694171e-06	1.118213e-09
1.97891576e-06	1.502907e-09
1.98089178e-06	1.208287e-09
1.98286978e-06	9.202577e-10
1.98484975e-06	9.370068e-10
1.98683169e-06	9.634648e-10
1.98881562e-06	1.439878e-09
1.99080152e-06	7.752930e-10
1.99278941e-06	9.510669e-10
1.99477929e-06	1.291179e-09
1.99677115e-06	9.562906e-10
1.99876500e-06	1.327688e-09
2.00076084e-06	1.380082e-09
2.00275867e-06	1.308044e-09
2.00475850e-06	1.235340e-09
2.00676033e-06	1.405458e-09
2.00876415e-06	7.563537e-10
2.01076998e-06	9.683102e-10
2.01277780e-06	1.343676e-09
2.01478764e-06	1.213331e-09
2.01679948e-06	8.874937e-10
2.01881333e-06	7.796736e-10
2.02082919e-06	1.236318e-09
2.02284706e-06	1.175649e-09
2.02486695e-06	1.016958e-09
2.02688885e-06	1.250359e-09
2.02891278e-06	1.036267e-09
2.03093872e-06	1.013205e-09
2.03296669e-06	1.127656e-09
2.03499668e-06	1.140893e-09
2.03702870e-06	1.326913e-09
2.03906275e-06	1.177584e-09
2.04109883e-06	1.279206e-09
2.04313694e-06	1.289461e-09
2.04517709e-06	1.468345e-09
2.04721927e-06	1.267424e-09
2.04926350e-06	1.466511e-09
2.05130976e-06	1.470946e-09
2.05335807e-06	9.315152e-10
2.05540843e-06	1.555239e-09
2.05746083e-06	1.383745e-09
2.05951528e-06	1.486425e-09
2.06157178e-06	1.038243e-09
2.06363034e-06	1.371046e-09
2.06569095e-06	1.473348e-09
2.06775362e-06	1.016019e-09
2.06981835e-06	1.623512e-09
2.07188514e-06	1.431445e-09
2.07395399e-06	1.420577e-09
2.07602491e-06	1.359100e-09
2.07809790e-06	1.503358e-09
2.08017296e-06	1.506961e-09
2.08225009e-06	1.609950e-09
2.08432929e-06	1.262647e-09
2.08641057e-06	1.095986e-09
2.08849393e-06	1.253232e-09
2.09057937e-06	1.343546e-09
2.09266689e-06	1.618041e-09
2.09475649e-06	1.295434e-09
2.09684818e-06	1.344379e-09
2.09894197e-06	1.502947e-09
2.10103784e-06	1.421814e-09
2.10313580e-06	1.538114e-09
2.10523586e-06	1.505562e-09
2.10733802e-06	1.306275e-09
2.10944227e-06	1.631010e-09
2.11154863e-06	1.274118e-09
2.11365709e-06	1.477195e-09
2.11576765e-06	1.602055e-09
2.11788032e-06	1.558016e-09
2.11999511e-06	1.363971e-09
2.12211200e-06	1.614766e-09
2.12423101e-06	1.652034e-09
2.12635213e-06	1.563191e-09
2.12847537e-06	1.203738e-09
2.13060073e-06	1.429478e-09
2.13272822e-06	1.571623e-09
2.13485783e-06	1.538628e-09
2.13698956e-06	1.373408e-09
2.13912342e-06	1.642222e-09
2.14125942e-06	1.418768e-09
2.14339754e-06	1.182051e-09
2.14553781e-06	1.674425e-09
2.14768021e-06	1.699853e-09
2.14982474e-06	1.359852e-09
2.15197142e-06	1.621170e-09
2.15412025e-06	1.589642e-09
2.15627122e-06	1.689838e-09
2.15842433e-06	1.733655e-09
2.16057960e-06	1.441926e-09
2.16273702e-06	1.698362e-09
2.16489659e-06	1.605774e-09
2.16705832e-06	1.677266e-09
2.16922221e-06	1.646989e-09
2.17138826e-06	1.369968e-09
2.17355647e-06	1.681552e-09
2.17572684e-06	1.423045e-09
2.17789939e-06	1.683053e-09
2.18007410e-06	1.598041e-09
2.18225099e-06	1.577129e-09
2.18443005e-06	1.432098e-09
2.18661128e-06	1.378064e-09
2.18879469e-06	1.602285e-09
2.19098028e-06	1.525191e-09
2.19316806e-06	1.659830e-09
2.19535802e-06	1.587496e-09
2.19755017e-06	1.600224e-09
2.19974450e-06	1.637564e-09
2.20194103e-06	1.546101e-09
2.20413975e-06	1.559912e-09
2.20634066e-06	1.577144e-09
2.20854377e-06	1.254448e-09
2.21074909e-06	1.353068e-09
2.21295660e-06	1.575579e-09
2.21516632e-06	1.619372e-09
2.21737825e-06	1.594124e-09
2.21959238e-06	1.026506e-09
2.22180873e-06	1.501996e-09
2.22402729e-06	1.646928e-09
2.22624806e-06	1.616107e-09
2.22847105e-06	1.599720e-09
2.23069626e-06	1.683282e-09
2.23292369e-06	1.072067e-09
2.23515335e-06	1.626892e-09
2.23738523e-06	1.639082e-09
2.23961935e-06	1.685402e-09
2.24185569e-06	1.163215e-09
2.24409427e-06	1.680068e-09
2.24633508e-06	1.554206e-09
2.24857813e-06	1.664030e-09
2.25082341e-06	1.575295e-09
2.25307094e-06	1.644886e-09
2.25532072e-06	1.594740e-09
2.25757274e-06	1.659216e-09
2.25982701e-06	1.628926e-09
2.26208353e-06	1.694137e-09
2.26434231e-06	1.485674e-09
2.26660334e-06	1.590987e-09
2.26886662e-06	1.546993e-09
2.27113217e-06	1.642738e-09
2.27339998e-06	1.573229e-09
2.27567005e-06	1.629149e-09
2.27794240e-06	1.610974e-09
2.28021700e-06	1.437406e-09
2.28249389e-06	1.422938e-09
2.28477304e-06	1.651212e-09
2.28705447e-06	1.565650e-09
2.28933818e-06	1.641690e-09
2.29162417e-06	1.483262e-09
2.29391244e-06	1.023685e-09
2.29620300e-06	1.515798e-09
2.29849584e-06	1.274996e-09
2.30079097e-06	1.539816e-09
2.30308840e-06	1.328910e-09
2.30538812e-06	1.579183e-09
2.30769013e-06	1.461005e-09
2.30999445e-06	1.339011e-09
2.31230106e-06	1.551062e-09
2.31460998e-06	1.591626e-09
2.31692121e-06	1.601030e-09
2.31923474e-06	1.626942e-09
2.32155058e-06	1.607739e-09
2.32386873e-06	1.575335e-09
2.32618920e-06	1.547919e-09
2.32851199e-06	1.173323e-09
2.33083709e-06	1.586449e-09
2.33316452e-06	1.447635e-09
2.33549427e-06	1.448813e-09
2.33782635e-06	1.522986e-09
2.34016076e-06	1.536176e-09
2.34249749e-06	1.491934e-09
2.34483656e-06	1.092340e-09
2.34717797e-06	1.615118e-09
2.34952171e-06	1.304284e-09
2.35186780e-06	1.655903e-09
2.35421623e-06	1.589999e-09
2.35656700e-06	1.621842e-09
2.35892012e-06	1.455193e-09
2.36127559e-06	1.562889e-09
2.36363341e-06	1.615704e-09
2.36599358e-06	1.622218e-09
2.36835612e-06	1.649220e-09
2.37072101e-06	1.469912e-09
2.37308826e-06	1.099344e-09
2.37545788e-06	1.479855e-09
2.37782986e-06	1.666011e-09
2.38020421e-06	1.552355e-09
2.38258093e-06	1.381792e-09
2.38496003e-06	1.460084e-09
2.38734150e-06	1.447968e-09
2.38972535e-06	1.626116e-09
2.39211158e-06	1.349062e-09
2.39450019e-06	1.547157e-09
2.39689119e-06	1.532714e-09
2.39928457e-06	1.636213e-09
2.40168035e-06	1.306587e-09
2.40407851e-06	1.217675e-09
2.40647907e-06	1.680272e-09
2.40888203e-06	1.394902e-09
2.41128739e-06	1.570981e-09
2.41369515e-06	1.267891e-09
2.41610531e-06	1.051073e-09
2.41851788e-06	1.367010e-09
2.42093286e-06	1.600582e-09
2.42335026e-06	1.046862e-09
2.42577006e-06	1.228476e-09
2.42819228e-06	1.397970e-09
2.43061692e-06	1.351709e-09
2.43304398e-06	1.617807e-09
2.43547347e-06	1.428181e-09
2.43790538e-06	1.163744e-09
2.44033972e-06	1.568300e-09
2.44277649e-06	1.612922e-09
2.44521569e-06	1.512836e-09
2.44765733e-06	1.387761e-09
2.45010140e-06	1.288056e-09
2.45254792e-06	1.317074e-09
2.45499688e-06	1.416443e-09
2.45744829e-06	1.695784e-09
2.45990214e-06	1.216384e-09
2.46235844e-06	1.667747e-09
2.46481720e-06	1.642356e-09
2.46727841e-06	1.636652e-09
2.46974208e-06	1.267394e-09
2.47220821e-06	1.330679e-09
2.47467680e-06	1.395554e-09
2.47714786e-06	1.418410e-09
2.47962138e-06	1.307390e-09
2.48209737e-06	1.382898e-09
2.48457584e-06	1.200237e-09
2.48705678e-06	1.080541e-09
2.48954020e-06	1.065848e-09
2.49202610e-06	1.293165e-09
2.49451448e-06	1.384077e-09
2.49700534e-06	1.168118e-09
2.49949870e-06	1.332641e-09
2.50199454e-06	1.643375e-09
2.50449287e-06	1.212138e-09
2.50699370e-06	1.404485e-09
2.50949703e-06	1.464152e-09
2.51200285e-06	1.077144e-09
2.51451118e-06	1.286696e-09
2.51702201e-06	1.518360e-09
2.51953535e-06	1.115189e-09
2.52205120e-06	1.322341e-09
2.52456956e-06	1.180956e-09
2.52709044e-06	1.356526e-09
2.52961383e-06	1.309255e-09
2.53213975e-06	1.501500e-09
2.53466818e-06	1.094078e-09
2.53719914e-06	1.428286e-09
2.53973263e-06	1.105052e-09
2.54226865e-06	1.403435e-09
2.54480720e-06	1.505093e-09
2.54734828e-06	1.453616e-09
2.54989190e-06	1.350370e-09
2.55243806e-06	1.311255e-09
2.55498677e-06	1.327335e-09
2.55753802e-06	1.442663e-09
2.56009181e-06	1.100200e-09
2.56264816e-06	1.117916e-09
2.56520706e-06	1.336944e-09
2.56776851e-06	1.100373e-09
2.57033253e-06	1.667952e-09
2.57289910e-06	1.471737e-09
2.57546823e-06	1.350910e-09
2.57803993e-06	1.121850e-09
2.58061420e-06	1.490810e-09
2.58319104e-06	1.206207e-09
2.58577045e-06	1.403416e-09
2.58835244e-06	1.231087e-09
2.59093701e-06	1.563276e-09
2.59352415e-06	1.331906e-09
2.59611388e-06	1.157641e-09
2.59870620e-06	1.561537e-09
2.60130110e-06	1.206529e-09
2.60389860e-06	1.359664e-09
2.60649869e-06	1.150779e-09
2.60910137e-06	1.179290e-09
2.61170666e-06	1.563506e-09
2.61431454e-06	1.611188e-09
2.61692503e-06	1.269070e-09
2.61953813e-06	1.605979e-09
2.62215384e-06	1.378973e-09
2.62477215e-06	1.540647e-09
2.62739309e-06	1.246964e-09
2.63001663e-06	1.627078e-09
2.63264280e-06	1.185920e-09
2.63527160e-06	1.611137e-09
2.63790301e-06	1.650469e-09
2.64053706e-06	1.131690e-09
2.64317373e-06	1.138774e-09
2.64581304e-06	1.144529e-09
2.64845498e-06	1.208478e-09
2.65109956e-06	1.226548e-09
2.65374678e-06	1.642524e-09
2.65639665e-06	1.416881e-09
2.65904916e-06	1.555201e-09
2.66170431e-06	1.579087e-09
2.66436213e-06	1.516635e-09
2.66702259e-06	1.246003e-09
2.66968571e-06	1.175634e-09
2.67235149e-06	1.599342e-09
2.67501993e-06	1.430136e-09
2.67769104e-06	1.249632e-09
2.68036481e-06	1.340282e-09
2.68304126e-06	1.173815e-09
2.68572037e-06	1.150213e-09
2.68840216e-06	1.446871e-09
2.69108663e-06	1.151653e-09
2.69377378e-06	1.152519e-09
2.69646362e-06	1.209967e-09
2.69915613e-06	1.639469e-09
2.70185134e-06	1.187577e-09
2.70454924e-06	1.168874e-09
2.70724983e-06	1.234323e-09
2.70995312e-06	1.247710e-09
2.71265911e-06	1.533034e-09
2.71536780e-06	1.170841e-09
2.71807920e-06	1.422380e-09
2.72079330e-06	1.288042e-09
2.72351011e-06	1.363008e-09
2.72622964e-06	1.273583e-09
2.72895188e-06	1.166187e-09
2.73167684e-06	1.185569e-09
2.73440452e-06	1.405401e-09
2.73713492e-06	1.532101e-09
2.73986805e-06	1.278426e-09
2.74260391e-06	1.649861e-09
2.74534251e-06	1.244907e-09
2.74808383e-06	1.196416e-09
2.75082790e-06	1.426584e-09
2.75357470e-06	1.662013e-09
2.75632425e-06	1.604624e-09
2.75907654e-06	1.790052e-09
2.76183158e-06	1.662592e-09
2.76458937e-06	1.253909e-09
2.76734991e-06	1.373694e-09
2.77011322e-06	1.192408e-09
2.77287928e-06	1.330775e-09
2.77564810e-06	1.570038e-09
2.77841969e-06	1.260389e-09
2.78119404e-06	1.224484e-09
2.78397117e-06	1.466867e-09
2.78675106e-06	1.275350e-09
2.78953374e-06	1.190362e-09
2.79231919e-06	1.210728e-09
2.79510743e-06	1.343881e-09
2.79789844e-06	1.213393e-09
2.80069225e-06	1.191007e-09
2.80348884e-06	1.228653e-09
2.80628823e-06	1.542245e-09
2.80909041e-06	1.225398e-09
2.81189540e-06	1.547173e-09
2.81470318e-06	1.197811e-09
2.81751376e-06	1.220038e-09
2.82032715e-06	1.300520e-09
2.82314336e-06	1.201010e-09
2.82596237e-06	1.252354e-09
2.82878420e-06	1.297637e-09
2.83160884e-06	1.315791e-09
2.83443631e-06	1.350119e-09
2.83726660e-06	1.203682e-09
2.84009972e-06	1.279561e-09
2.84293566e-06	1.273443e-09
2.84577444e-06	1.388241e-09
2.84861605e-06	1.208489e-09
2.85146050e-06	1.229813e-09
2.85430779e-06	1.433170e-09
2.85715792e-06	1.314347e-09
2.86001090e-06	1.502134e-09
2.86286672e-06	1.632259e-09
2.86572540e-06	1.213284e-09
2.86858693e-06	1.248995e-09
2.87145132e-06	1.250843e-09
2.87431857e-06	1.722218e-09
2.87718869e-06	1.245787e-09
2.88006167e-06	1.594976e-09
2.88293752e-06	1.251293e-09
2.88581624e-06	1.379253e-09
2.88869783e-06	1.242101e-09
2.89158230e-06	1.325879e-09
2.89446965e-06	1.391152e-09
2.89735989e-06	1.514070e-09
2.90025301e-06	1.293246e-09
2.90314902e-06	1.779060e-09
2.90604792e-06	1.493489e-09
2.90894972e-06	1.235256e-09
2.91185441e-06	1.275645e-09
2.91476201e-06	1.380650e-09
2.91767251e-06	1.496547e-09
2.92058591e-06	1.231066e-09
2.92350222e-06	1.344022e-09
2.92642145e-06	1.272218e-09
2.92934359e-06	1.503874e-09
2.93226865e-06	1.472356e-09
2.93519663e-06	1.491581e-09
2.93812753e-06	1.270562e-09
2.94106136e-06	1.606803e-09
2.94399812e-06	1.503509e-09
2.94693781e-06	1.415244e-09
2.94988043e-06	1.697049e-09
2.95282600e-06	1.850211e-09
2.95577451e-06	1.359855e-09
2.95872596e-06	1.475862e-09
2.96168035e-06	1.574395e-09
2.96463770e-06	1.632150e-09
2.96759800e-06	1.600405e-09
2.97056126e-06	1.298389e-09
2.97352747e-06	1.367780e-09
2.97649665e-06	1.552661e-09
2.97946879e-06	1.343626e-09
2.98244390e-06	1.267528e-09
2.98542198e-06	1.355208e-09
2.98840304e-06	1.586012e-09
2.99138707e-06	1.297841e-09
2.99437408e-06	1.382717e-09
2.99736407e-06	1.752659e-09
3.00035705e-06	1.518036e-09
3.00335302e-06	1.299736e-09
3.00635198e-06	1.488145e-09
3.00935393e-06	1.578013e-09
3.01235888e-06	1.585604e-09
3.01536684e-06	1.730571e-09
3.01837779e-06	1.389318e-09
3.02139175e-06	1.545552e-09
3.02440873e-06	1.418865e-09
3.02742871e-06	1.636541e-09
3.03045171e-06	1.442973e-09
3.03347773e-06	1.343033e-09
3.03650677e-06	1.494385e-09
3.03953883e-06	1.484083e-09
3.04257392e-06	1.321045e-09
3.04561205e-06	1.759146e-09
3.04865320e-06	1.501683e-09
3.05169740e-06	1.533542e-09
3.05474463e-06	1.530407e-09
3.05779491e-06	1.623996e-09
3.06084823e-06	1.466626e-09
3.06390460e-06	1.292007e-09
3.06696402e-06	1.468819e-09
3.07002650e-06	1.478082e-09
3.07309203e-06	1.303860e-09
3.07616063e-06	1.673164e-09
3.07923229e-06	1.544509e-09
3.08230702e-06	1.538492e-09
3.08538481e-06	1.409344e-09
3.08846569e-06	1.465014e-09
3.09154963e-06	1.393080e-09
3.09463666e-06	1.371941e-09
3.09772677e-06	1.409790e-09
3.10081996e-06	1.414563e-09
3.10391625e-06	1.605344e-09
3.10701562e-06	1.307124e-09
3.11011809e-06	1.358017e-09
3.11322366e-06	1.540209e-09
3.11633233e-06	1.395306e-09
3.11944410e-06	1.567659e-09
3.12255898e-06	1.343589e-09
3.12567698e-06	1.549763e-09
3.12879808e-06	1.494953e-09
3.13192230e-06	1.467611e-09
3.13504964e-06	1.380248e-09
3.13818010e-06	1.366376e-09
3.14131369e-06	1.388257e-09
3.14445041e-06	1.594454e-09
3.14759026e-06	1.501303e-09
3.15073325e-06	1.352019e-09
3.15387937e-06	1.490844e-09
3.15702864e-06	1.483404e-09
3.16018105e-06	1.396230e-09
3.16333660e-06	1.307407e-09
3.16649531e-06	1.511372e-09
3.16965718e-06	1.657370e-09
3.17282220e-06	1.470533e-09
3.17599038e-06	1.411952e-09
3.17916172e-06	1.379427e-09
3.18233623e-06	1.706151e-09
3.18551391e-06	1.466580e-09
3.18869477e-06	1.392335e-09
3.19187880e-06	1.559982e-09
3.19506601e-06	1.450978e-09
3.19825640e-06	1.467395e-09
3.20144997e-06	1.336384e-09
3.20464674e-06	1.341488e-09
3.20784670e-06	1.598024e-09
3.21104985e-06	1.379380e-09
3.21425621e-06	1.519594e-09
3.21746576e-06	1.488544e-09
3.22067852e-06	1.423193e-09
3.22389449e-06	1.318111e-09
3.22711366e-06	1.525035e-09
3.23033606e-06	1.631185e-09
3.23356167e-06	1.462645e-09
3.23679050e-06	1.428693e-09
3.24002255e-06	1.715804e-09
3.24325783e-06	1.328234e-09
3.24649635e-06	1.599774e-09
3.24973809e-06	1.604224e-09
3.25298308e-06	1.530717e-09
3.25623130e-06	1.697242e-09
3.25948277e-06	1.343454e-09
3.26273748e-06	1.712583e-09
3.26599545e-06	1.708572e-09
3.26925667e-06	1.429926e-09
3.27252114e-06	1.836920e-09
3.27578887e-06	1.428946e-09
3.27905987e-06	1.706430e-09
3.28233413e-06	1.473076e-09
3.28561167e-06	1.459345e-09
3.28889247e-06	1.794381e-09
3.29217655e-06	1.509210e-09
3.29546391e-06	1.702871e-09
3.29875455e-06	1.515724e-09
3.30204848e-06	1.825537e-09
3.30534570e-06	1.460151e-09
3.30864621e-06	1.465259e-09
3.31195002e-06	1.304800e-09
3.31525712e-06	1.538419e-09
3.31856753e-06	1.572019e-09
3.32188124e-06	1.466897e-09
3.32519826e-06	1.536927e-09
3.32851860e-06	1.394483e-09
3.33184225e-06	1.400894e-09
3.33516921e-06	1.620440e-09
3.33849950e-06	1.452549e-09
3.34183312e-06	1.434225e-09
3.34517006e-06	1.458961e-09
3.34851034e-06	1.489114e-09
3.35185395e-06	1.673947e-09
3.35520090e-06	1.577660e-09
3.35855119e-06	1.498279e-09
3.36190483e-06	1.538272e-09
3.36526182e-06	1.535974e-09
3.36862216e-06	1.556271e-09
3.37198585e-06	1.714629e-09
3.37535290e-06	1.807368e-09
3.37872332e-06	1.671190e-09
3.38209710e-06	1.634775e-09
3.38547425e-06	1.528208e-09
3.38885477e-06	1.750412e-09
3.39223867e-06	1.461321e-09
3.39562594e-06	1.638426e-09
3.39901660e-06	1.691273e-09
3.40241065e-06	1.706164e-09
3.40580808e-06	1.742945e-09
3.40920890e-06	1.485455e-09
3.41261313e-06	1.444337e-09
3.41602075e-06	1.620510e-09
3.41943177e-06	1.632979e-09
3.42284620e-06	1.668911e-09
3.42626404e-06	1.489375e-09
3.42968529e-06	1.489583e-09
3.43310996e-06	1.599980e-09
3.43653804e-06	1.379714e-09
3.43996956e-06	1.664882e-09
3.44340449e-06	1.662305e-09
3.44684286e-06	1.467148e-09
3.45028466e-06	1.745265e-09
3.45372990e-06	1.626891e-09
3.45717857e-06	1.603292e-09
3.46063070e-06	1.803707e-09
3.46408626e-06	1.624810e-09
3.46754528e-06	1.455583e-09
3.47100775e-06	1.346355e-09
3.47447368e-06	1.663975e-09
3.47794307e-06	1.442212e-09
3.48141593e-06	1.473217e-09
3.48489225e-06	1.400830e-09
3.48837205e-06	1.656084e-09
3.49185532e-06	1.631630e-09
3.49534206e-06	1.614146e-09
3.49883229e-06	1.747174e-09
3.50232600e-06	1.806664e-09
3.50582321e-06	1.776511e-09
3.50932390e-06	1.756997e-09
3.51282809e-06	1.752042e-09
3.51633578e-06	1.452686e-09
3.51984697e-06	1.730836e-09
3.52336167e-06	1.855464e-09
3.52687988e-06	1.343844e-09
3.53040160e-06	1.825712e-09
3.53392683e-06	1.718810e-09
3.53745559e-06	1.756603e-09
3.54098787e-06	1.608243e-09
3.54452368e-06	1.616158e-09
3.54806302e-06	1.893316e-09
3.55160589e-06	1.708588e-09
3.55515230e-06	1.700884e-09
3.55870225e-06	1.722584e-09
3.56225575e-06	1.793225e-09
3.56581279e-06	1.730398e-09
3.56937339e-06	1.718866e-09
3.57293754e-06	1.760389e-09
3.57650525e-06	1.740473e-09
3.58007652e-06	1.855229e-09
3.58365136e-06	1.827422e-09
3.58722977e-06	1.803269e-09
3.59081175e-06	1.849930e-09
3.59439731e-06	1.923235e-09
3.59798645e-06	1.426007e-09
3.60157917e-06	1.428760e-09
3.60517548e-06	1.805602e-09
3.60877538e-06	1.651758e-09
3.61237888e-06	1.544414e-09
3.61598597e-06	1.655761e-09
3.61959667e-06	1.891743e-09
3.62321097e-06	1.706643e-09
3.62682888e-06	1.613810e-09
3.63045040e-06	1.697441e-09
3.63407554e-06	1.657323e-09
3.63770430e-06	1.499524e-09
3.64133669e-06	1.928144e-09
3.64497270e-06	1.975950e-09
3.64861234e-06	1.705375e-09
3.65225561e-06	1.543565e-09
3.65590252e-06	2.049170e-09
3.65955308e-06	1.892156e-09
3.66320728e-06	1.827527e-09
3.66686512e-06	1.949317e-09
3.67052662e-06	1.922833e-09
3.67419178e-06	1.559579e-09
3.67786060e-06	1.842842e-09
3.68153308e-06	1.851582e-09
3.68520923e-06	2.107227e-09
3.68888904e-06	1.708455e-09
3.69257254e-06	1.994684e-09
3.69625971e-06	1.496035e-09
3.69995056e-06	1.748495e-09
3.70364510e-06	1.953325e-09
3.70734332e-06	1.757297e-09
3.71104524e-06	1.749293e-09
3.71475086e-06	1.951177e-09
3.71846018e-06	1.896879e-09
3.72217320e-06	1.793943e-09
3.72588992e-06	1.932131e-09
3.72961036e-06	2.004583e-09
3.73333452e-06	1.940901e-09
3.73706239e-06	1.907225e-09
3.74079399e-06	2.057623e-09
3.74452931e-06	1.922906e-09
3.74826836e-06	1.521660e-09
3.75201114e-06	2.016971e-09
3.75575766e-06	1.963270e-09
3.75950793e-06	2.054712e-09
3.76326194e-06	2.088254e-09
3.76701969e-06	2.083733e-09
3.77078120e-06	1.833774e-09
3.77454647e-06	1.862672e-09
3.77831549e-06	1.836941e-09
3.78208828e-06	1.756891e-09
3.78586483e-06	1.866742e-09
3.78964516e-06	2.178970e-09
3.79342926e-06	1.518575e-09
3.79721714e-06	2.200985e-09
3.80100880e-06	2.130439e-09
3.80480425e-06	2.075126e-09
3.80860349e-06	2.117231e-09
3.81240652e-06	2.178695e-09
3.81621335e-06	2.004758e-09
3.82002398e-06	2.205333e-09
3.82383842e-06	2.092116e-09
3.82765666e-06	2.155026e-09
3.83147872e-06	1.889500e-09
3.83530459e-06	2.183214e-09
3.83913428e-06	2.095811e-09
3.84296780e-06	2.174803e-09
3.84680515e-06	1.739437e-09
3.85064633e-06	1.962736e-09
3.85449134e-06	2.204286e-09
3.85834019e-06	2.088308e-09
3.86219289e-06	1.957163e-09
3.86604943e-06	1.821554e-09
3.86990982e-06	2.177398e-09
3.87377407e-06	2.035513e-09
3.87764218e-06	2.100422e-09
3.88151415e-06	2.211410e-09
3.88538998e-06	2.042691e-09
3.88926969e-06	2.093474e-09
3.89315327e-06	2.204255e-09
3.89704073e-06	1.920343e-09
3.90093207e-06	2.186173e-09
3.90482729e-06	2.202116e-09
3.90872641e-06	2.186939e-09
3.91262941e-06	2.150233e-09
3.91653632e-06	2.091691e-09
3.92044713e-06	1.894880e-09
3.92436184e-06	1.875039e-09
3.92828046e-06	2.211259e-09
3.93220299e-06	1.608569e-09
3.93612944e-06	2.084805e-09
3.94005981e-06	1.944205e-09
3.94399411e-06	2.215974e-09
3.94793233e-06	1.947928e-09
3.95187449e-06	1.907556e-09
3.95582058e-06	2.277904e-09
3.95977062e-06	2.109922e-09
3.96372460e-06	1.709925e-09
3.96768252e-06	2.047066e-09
3.97164440e-06	2.046527e-09
3.97561023e-06	1.770559e-09
3.97958003e-06	2.111567e-09
3.98355379e-06	2.051550e-09
3.98753151e-06	2.102125e-09
3.99151321e-06	1.755555e-09
3.99549888e-06	2.152334e-09
3.99948854e-06	1.574688e-09
4.00348217e-06	2.230930e-09
