2.99769222e-07	3.960443e-16
3.00068553e-07	1.082754e-15
3.00368182e-07	1.110519e-15
3.00668111e-07	1.138949e-15
3.00968339e-07	1.168060e-15
3.01268867e-07	1.197867e-15
3.01569695e-07	1.228384e-15
3.01870824e-07	1.259629e-15
3.02172253e-07	1.291616e-15
3.02473983e-07	1.324363e-15
3.02776015e-07	1.357885e-15
3.03078348e-07	1.392201e-15
3.03380983e-07	1.427327e-15
3.03683920e-07	1.463280e-15
3.03987160e-07	1.500080e-15
3.04290702e-07	1.537744e-15
3.04594547e-07	1.576291e-15
3.04898696e-07	1.615741e-15
3.05203149e-07	1.656112e-15
3.05507906e-07	1.697426e-15
3.05812967e-07	1.739701e-15
3.06118332e-07	1.782959e-15
3.06424003e-07	1.827222e-15
3.06729978e-07	1.872509e-15
3.07036260e-07	1.918845e-15
3.07342847e-07	1.966250e-15
3.07649740e-07	2.014747e-15
3.07956940e-07	2.064361e-15
3.08264446e-07	2.115114e-15
3.08572260e-07	2.167031e-15
3.08880380e-07	2.220137e-15
3.09188809e-07	2.274456e-15
3.09497545e-07	2.330014e-15
3.09806590e-07	2.386837e-15
3.10115944e-07	2.444953e-15
3.10425606e-07	2.504387e-15
3.10735577e-07	2.565167e-15
3.11045858e-07	2.627323e-15
3.11356449e-07	2.690882e-15
3.11667350e-07	2.755873e-15
3.11978561e-07	2.822327e-15
3.12290084e-07	2.890273e-15
3.12601917e-07	2.959743e-15
3.12914061e-07	3.030769e-15
3.13226518e-07	3.103381e-15
3.13539286e-07	3.177613e-15
3.13852367e-07	3.253499e-15
3.14165760e-07	3.331071e-15
3.14479466e-07	3.410365e-15
3.14793485e-07	3.491416e-15
3.15107818e-07	3.574260e-15
3.15422465e-07	3.658933e-15
3.15737426e-07	3.745472e-15
3.16052702e-07	3.833916e-15
3.16368292e-07	3.924302e-15
3.16684197e-07	4.016670e-15
3.17000418e-07	4.111061e-15
3.17316955e-07	4.207514e-15
3.17633808e-07	4.306072e-15
3.17950977e-07	4.406776e-15
3.18268463e-07	4.509670e-15
3.18586266e-07	4.614797e-15
3.18904386e-07	4.722202e-15
3.19222824e-07	4.831930e-15
3.19541579e-07	4.944027e-15
3.19860654e-07	5.058542e-15
3.20180046e-07	5.175520e-15
3.20499758e-07	5.295012e-15
3.20819789e-07	5.417066e-15
3.21140139e-07	5.541733e-15
3.21460810e-07	5.669066e-15
3.21781800e-07	5.799114e-15
3.22103111e-07	5.931934e-15
3.22424743e-07	6.067577e-15
3.22746696e-07	6.206100e-15
3.23068971e-07	6.347559e-15
3.23391567e-07	6.492010e-15
3.23714485e-07	6.639512e-15
3.24037726e-07	6.790124e-15
3.24361290e-07	6.943906e-15
3.24685177e-07	7.100919e-15
3.25009387e-07	7.261226e-15
3.25333921e-07	7.424890e-15
3.25658779e-07	7.591975e-15
3.25983961e-07	7.762547e-15
3.26309468e-07	7.936673e-15
3.26635300e-07	8.114420e-15
3.26961458e-07	8.295859e-15
3.27287941e-07	8.481058e-15
3.27614750e-07	8.670089e-15
3.27941886e-07	8.863026e-15
3.28269348e-07	9.059941e-15
3.28597137e-07	9.260910e-15
3.28925253e-07	9.466010e-15
3.29253697e-07	9.675318e-15
3.29582469e-07	9.888913e-15
3.29911570e-07	1.010688e-14
3.30240998e-07	1.032929e-14
3.30570756e-07	1.055623e-14
3.30900844e-07	1.078780e-14
3.31231260e-07	1.102406e-14
3.31562007e-07	1.126512e-14
3.31893084e-07	1.151105e-14
3.32224491e-07	1.176196e-14
3.32556230e-07	1.201793e-14
3.32888300e-07	1.227905e-14
3.33220701e-07	1.254542e-14
3.33553434e-07	1.281714e-14
3.33886500e-07	1.309430e-14
3.34219898e-07	1.337701e-14
3.34553629e-07	1.366536e-14
3.34887693e-07	1.395946e-14
3.35222091e-07	1.425942e-14
3.35556822e-07	1.456533e-14
3.35891888e-07	1.487731e-14
3.36227289e-07	1.519548e-14
3.36563024e-07	1.551993e-14
3.36899095e-07	1.585078e-14
3.37235501e-07	1.618815e-14
3.37572243e-07	1.653216e-14
3.37909321e-07	1.688293e-14
3.38246736e-07	1.724057e-14
3.38584488e-07	1.760521e-14
3.38922578e-07	1.797697e-14
3.39261004e-07	1.835599e-14
3.39599769e-07	1.874238e-14
3.39938872e-07	1.913629e-14
3.40278313e-07	1.953784e-14
3.40618094e-07	1.994717e-14
3.40958214e-07	2.036442e-14
3.41298673e-07	2.078973e-14
3.41639473e-07	2.122324e-14
3.41980612e-07	2.166508e-14
3.42322093e-07	2.211542e-14
3.42663914e-07	2.257440e-14
3.43006076e-07	2.304216e-14
3.43348581e-07	2.351887e-14
3.43691427e-07	2.400468e-14
3.44034616e-07	2.449974e-14
3.44378147e-07	2.500422e-14
3.44722021e-07	2.551828e-14
3.45066239e-07	2.604208e-14
3.45410800e-07	2.657580e-14
3.45755706e-07	2.711961e-14
3.46100956e-07	2.767367e-14
3.46446550e-07	2.823817e-14
3.46792490e-07	2.881328e-14
3.47138775e-07	2.939919e-14
3.47485406e-07	2.999607e-14
3.47832383e-07	3.060413e-14
3.48179707e-07	3.122354e-14
3.48527377e-07	3.185449e-14
3.48875395e-07	3.249720e-14
3.49223760e-07	3.315185e-14
3.49572472e-07	3.381864e-14
3.49921534e-07	3.449779e-14
3.50270943e-07	3.518950e-14
3.50620702e-07	3.589398e-14
3.50970809e-07	3.661144e-14
3.51321267e-07	3.734210e-14
3.51672074e-07	3.808619e-14
3.52023232e-07	3.884392e-14
3.52374740e-07	3.961553e-14
3.52726599e-07	4.040124e-14
3.53078810e-07	4.120130e-14
3.53431372e-07	4.201593e-14
3.53784286e-07	4.284537e-14
3.54137553e-07	4.368989e-14
3.54491173e-07	4.454971e-14
3.54845145e-07	4.542510e-14
3.55199471e-07	4.631630e-14
3.55554151e-07	4.722354e-14
3.55909185e-07	4.814714e-14
3.56264573e-07	4.908746e-14
3.56620317e-07	5.004457e-14
3.56976415e-07	5.101885e-14
3.57332870e-07	5.201055e-14
3.57689680e-07	5.301996e-14
3.58046846e-07	5.404740e-14
3.58404369e-07	5.509313e-14
3.58762249e-07	5.615744e-14
3.59120487e-07	5.724065e-14
3.59479082e-07	5.834305e-14
3.59838035e-07	5.946494e-14
3.60197347e-07	6.060658e-14
3.60557017e-07	6.176789e-14
3.60917046e-07	6.295069e-14
3.61277436e-07	6.415393e-14
3.61638184e-07	6.537813e-14
3.61999294e-07	6.662378e-14
3.62360763e-07	6.789103e-14
3.62722594e-07	6.918073e-14
3.63084786e-07	7.049286e-14
3.63447339e-07	7.182768e-14
3.63810255e-07	7.318584e-14
3.64173533e-07	7.456745e-14
3.64537174e-07	7.597310e-14
3.64901178e-07	7.740300e-14
3.65265545e-07	7.885758e-14
3.65630276e-07	8.033724e-14
3.65995372e-07	8.184239e-14
3.66360832e-07	8.337339e-14
3.66726656e-07	8.493066e-14
3.67092847e-07	8.651454e-14
3.67459402e-07	8.812562e-14
3.67826324e-07	8.976394e-14
3.68193613e-07	9.143053e-14
3.68561267e-07	9.312537e-14
3.68929290e-07	9.484903e-14
3.69297679e-07	9.660161e-14
3.69666437e-07	9.838440e-14
3.70035562e-07	1.001968e-13
3.70405056e-07	1.020404e-13
3.70774920e-07	1.039146e-13
3.71145152e-07	1.058204e-13
3.71515754e-07	1.077583e-13
3.71886726e-07	1.097284e-13
3.72258069e-07	1.117320e-13
3.72629783e-07	1.137695e-13
3.73001867e-07	1.158402e-13
3.73374323e-07	1.179459e-13
3.73747152e-07	1.200865e-13
3.74120352e-07	1.222622e-13
3.74493925e-07	1.244743e-13
3.74867871e-07	1.267228e-13
3.75242191e-07	1.290097e-13
3.75616884e-07	1.313325e-13
3.75991951e-07	1.336955e-13
3.76367393e-07	1.360965e-13
3.76743210e-07	1.385360e-13
3.77119402e-07	1.410134e-13
3.77495970e-07	1.435383e-13
3.77872913e-07	1.461010e-13
3.78250233e-07	1.487046e-13
3.78627930e-07	1.513516e-13
3.79006004e-07	1.540415e-13
3.79384456e-07	1.567748e-13
3.79763285e-07	1.595515e-13
3.80142493e-07	1.623756e-13
3.80522079e-07	1.652434e-13
3.80902045e-07	1.681581e-13
3.81282390e-07	1.711205e-13
3.81663114e-07	1.741269e-13
3.82044219e-07	1.771842e-13
3.82425704e-07	1.802951e-13
3.82807570e-07	1.834518e-13
3.83189818e-07	1.866597e-13
3.83572447e-07	1.899158e-13
3.83955458e-07	1.932289e-13
3.84338852e-07	1.965905e-13
3.84722629e-07	2.000060e-13
3.85106789e-07	2.034801e-13
3.85491332e-07	2.070064e-13
3.85876259e-07	2.105885e-13
3.86261571e-07	2.142273e-13
3.86647268e-07	2.179211e-13
3.87033349e-07	2.216773e-13
3.87419816e-07	2.254902e-13
3.87806669e-07	2.293619e-13
3.88193909e-07	2.332979e-13
3.88581535e-07	2.372881e-13
3.88969548e-07	2.413489e-13
3.89357948e-07	2.454722e-13
3.89746737e-07	2.496536e-13
3.90135913e-07	2.539085e-13
3.90525478e-07	2.582214e-13
3.90915433e-07	2.626034e-13
3.91305776e-07	2.670561e-13
3.91696509e-07	2.715814e-13
3.92087633e-07	2.761701e-13
3.92479147e-07	2.808309e-13
3.92871052e-07	2.855627e-13
3.93263348e-07	2.903699e-13
3.93656036e-07	2.952487e-13
3.94049116e-07	3.002000e-13
3.94442589e-07	3.052244e-13
3.94836455e-07	3.103400e-13
3.95230713e-07	3.155091e-13
3.95625366e-07	3.207730e-13
3.96020412e-07	3.261196e-13
3.96415854e-07	3.315606e-13
3.96811689e-07	3.370648e-13
3.97207921e-07	3.426569e-13
3.97604547e-07	3.483321e-13
3.98001570e-07	3.540916e-13
3.98398990e-07	3.599292e-13
3.98796806e-07	3.658761e-13
3.99195019e-07	3.718884e-13
3.99593630e-07	3.780224e-13
3.99992639e-07	3.842224e-13
4.00392047e-07	3.905206e-13
4.00791853e-07	3.969247e-13
4.01192059e-07	4.034119e-13
4.01592664e-07	4.100030e-13
4.01993669e-07	4.166850e-13
4.02395074e-07	4.234625e-13
4.02796881e-07	4.303536e-13
4.03199088e-07	4.373419e-13
4.03601698e-07	4.444209e-13
4.04004709e-07	4.516263e-13
4.04408123e-07	4.589236e-13
4.04811939e-07	4.663119e-13
4.05216159e-07	4.738449e-13
4.05620782e-07	4.814823e-13
4.06025810e-07	4.892156e-13
4.06431241e-07	4.970288e-13
4.06837078e-07	5.050278e-13
4.07243320e-07	5.131027e-13
4.07649967e-07	5.213276e-13
4.08057021e-07	5.296457e-13
4.08464481e-07	5.380911e-13
4.08872348e-07	5.466349e-13
4.09280622e-07	5.553442e-13
4.09689304e-07	5.641529e-13
4.10098394e-07	5.730924e-13
4.10507892e-07	5.821079e-13
4.10917800e-07	5.913585e-13
4.11328116e-07	6.001728e-13
4.11738843e-07	6.101366e-13
4.12149979e-07	6.195694e-13
4.12561526e-07	6.294611e-13
4.12973484e-07	6.393758e-13
4.13385854e-07	6.494100e-13
4.13798635e-07	6.595539e-13
4.14211828e-07	6.698282e-13
4.14625434e-07	6.802268e-13
4.15039453e-07	6.909179e-13
4.15453885e-07	7.016427e-13
4.15868731e-07	7.125357e-13
4.16283991e-07	7.236630e-13
4.16699666e-07	7.348463e-13
4.17115756e-07	7.462427e-13
4.17532262e-07	7.577422e-13
4.17949183e-07	7.694603e-13
4.18366521e-07	7.813180e-13
4.18784276e-07	7.932649e-13
4.19202447e-07	8.055058e-13
4.19621036e-07	8.177204e-13
4.20040044e-07	8.304490e-13
4.20459469e-07	8.431453e-13
4.20879314e-07	8.559387e-13
4.21299577e-07	8.691120e-13
4.21720260e-07	8.819934e-13
4.22141364e-07	8.955183e-13
4.22562887e-07	9.093705e-13
4.22984832e-07	9.225307e-13
4.23407198e-07	9.370186e-13
4.23829986e-07	9.511227e-13
4.24253196e-07	9.656146e-13
4.24676828e-07	9.803675e-13
4.25100884e-07	9.951240e-13
4.25525363e-07	1.010040e-12
4.25950266e-07	1.025339e-12
4.26375593e-07	1.040700e-12
4.26801345e-07	1.056391e-12
4.27227522e-07	1.072090e-12
4.27654124e-07	1.088208e-12
4.28081153e-07	1.104411e-12
4.28508608e-07	1.120956e-12
4.28936489e-07	1.137428e-12
4.29364798e-07	1.154199e-12
4.29793535e-07	1.171727e-12
4.30222700e-07	1.189131e-12
4.30652293e-07	1.206675e-12
4.31082315e-07	1.224528e-12
4.31512767e-07	1.242772e-12
4.31943648e-07	1.261079e-12
4.32374960e-07	1.279664e-12
4.32806703e-07	1.298413e-12
4.33238876e-07	1.317275e-12
4.33671481e-07	1.336844e-12
4.34104518e-07	1.356498e-12
4.34537988e-07	1.376128e-12
4.34971890e-07	1.396322e-12
4.35406226e-07	1.416846e-12
4.35840995e-07	1.437133e-12
4.36276198e-07	1.458372e-12
4.36711836e-07	1.479298e-12
4.37147909e-07	1.500927e-12
4.37584417e-07	1.523030e-12
4.38021362e-07	1.545051e-12
4.38458742e-07	1.567240e-12
4.38896560e-07	1.590050e-12
4.39334814e-07	1.612635e-12
4.39773506e-07	1.635990e-12
4.40212636e-07	1.659833e-12
4.40652205e-07	1.683701e-12
4.41092212e-07	1.707710e-12
4.41532659e-07	1.732145e-12
4.41973546e-07	1.756836e-12
4.42414873e-07	1.782088e-12
4.42856641e-07	1.806933e-12
4.43298849e-07	1.832466e-12
4.43741500e-07	1.859327e-12
4.44184592e-07	1.885729e-12
4.44628127e-07	1.912630e-12
4.45072105e-07	1.939724e-12
4.45516526e-07	1.967057e-12
4.45961390e-07	1.985159e-12
4.46406699e-07	2.023278e-12
4.46852453e-07	2.051852e-12
4.47298652e-07	2.080569e-12
4.47745296e-07	2.110239e-12
4.48192386e-07	2.139886e-12
4.48639923e-07	2.167080e-12
4.49087906e-07	2.199893e-12
4.49536337e-07	2.231327e-12
4.49985216e-07	2.262329e-12
4.50434543e-07	2.293916e-12
4.50884319e-07	2.325704e-12
4.51334543e-07	2.358138e-12
4.51785218e-07	2.390743e-12
4.52236342e-07	2.423654e-12
4.52687917e-07	2.457871e-12
4.53139942e-07	2.491830e-12
4.53592419e-07	2.526571e-12
4.54045348e-07	2.561207e-12
4.54498729e-07	2.594466e-12
4.54952563e-07	2.632864e-12
4.55406850e-07	2.669275e-12
4.55861591e-07	2.705668e-12
4.56316785e-07	2.743212e-12
4.56772435e-07	2.781137e-12
4.57228539e-07	2.818971e-12
4.57685098e-07	2.857278e-12
4.58142114e-07	2.896225e-12
4.58599586e-07	2.935799e-12
4.59057514e-07	2.975397e-12
4.59515900e-07	3.016775e-12
4.59974744e-07	3.057856e-12
4.60434046e-07	3.098835e-12
4.60893806e-07	3.140533e-12
4.61354026e-07	3.184237e-12
4.61814705e-07	3.227223e-12
4.62275844e-07	3.270776e-12
4.62737444e-07	3.314558e-12
4.63199504e-07	3.359601e-12
4.63662026e-07	3.404700e-12
4.64125010e-07	3.450147e-12
4.64588456e-07	3.495586e-12
4.65052364e-07	3.542708e-12
4.65516737e-07	3.588770e-12
4.65981572e-07	3.639714e-12
4.66446872e-07	3.686781e-12
4.66912637e-07	3.733553e-12
4.67378866e-07	3.786698e-12
4.67845561e-07	3.834683e-12
4.68312722e-07	3.888614e-12
4.68780350e-07	3.932342e-12
4.69248445e-07	3.992549e-12
4.69717007e-07	4.042613e-12
4.70186036e-07	4.099396e-12
4.70655535e-07	4.151584e-12
4.71125502e-07	4.196103e-12
4.71595938e-07	4.263506e-12
4.72066844e-07	4.319676e-12
4.72538220e-07	4.375700e-12
4.73010067e-07	4.433592e-12
4.73482385e-07	4.492249e-12
4.73955175e-07	4.543209e-12
4.74428437e-07	4.609980e-12
4.74902171e-07	4.667883e-12
4.75376378e-07	4.727735e-12
4.75851059e-07	4.787961e-12
4.76326214e-07	4.855495e-12
4.76801844e-07	4.920814e-12
4.77277948e-07	4.979435e-12
4.77754528e-07	5.041639e-12
4.78231583e-07	5.111245e-12
4.78709115e-07	5.178893e-12
4.79187124e-07	5.244996e-12
4.79665610e-07	5.310968e-12
4.80144574e-07	5.367063e-12
4.80624016e-07	5.451480e-12
4.81103937e-07	5.518242e-12
4.81584337e-07	5.590884e-12
4.82065217e-07	5.660170e-12
4.82546577e-07	5.739719e-12
4.83028417e-07	5.803461e-12
4.83510739e-07	5.851418e-12
4.83993543e-07	5.945009e-12
4.84476828e-07	6.014875e-12
4.84960596e-07	6.103081e-12
4.85444847e-07	6.182332e-12
4.85929582e-07	6.269208e-12
4.86414801e-07	6.345546e-12
4.86900504e-07	6.426863e-12
4.87386692e-07	6.507046e-12
4.87873366e-07	6.545766e-12
4.88360525e-07	6.676752e-12
4.88848171e-07	6.756241e-12
4.89336304e-07	6.838450e-12
4.89824925e-07	6.873884e-12
4.90314033e-07	7.016611e-12
4.90803630e-07	7.096953e-12
4.91293716e-07	7.195423e-12
4.91784291e-07	7.286844e-12
4.92275355e-07	7.376063e-12
4.92766911e-07	7.463667e-12
4.93258957e-07	7.568167e-12
4.93751494e-07	7.659855e-12
4.94244523e-07	7.736351e-12
4.94738045e-07	7.845520e-12
4.95232059e-07	7.944731e-12
4.95726566e-07	8.046273e-12
4.96221568e-07	8.142054e-12
4.96717063e-07	8.240320e-12
4.97213054e-07	8.334013e-12
4.97709539e-07	8.442448e-12
4.98206521e-07	8.555578e-12
4.98703999e-07	8.655939e-12
4.99201973e-07	8.756058e-12
4.99700445e-07	8.867634e-12
5.00199414e-07	8.988709e-12
5.00698882e-07	9.105155e-12
5.01198848e-07	9.202489e-12
5.01699314e-07	9.316425e-12
5.02200279e-07	9.422276e-12
5.02701745e-07	9.555019e-12
5.03203711e-07	9.648542e-12
5.03706178e-07	9.774696e-12
5.04209148e-07	9.910690e-12
5.04712619e-07	1.001689e-11
5.05216594e-07	1.015040e-11
5.05721071e-07	1.025354e-11
5.06226052e-07	1.039932e-11
5.06731538e-07	1.049865e-11
5.07237528e-07	1.063528e-11
5.07744023e-07	1.077931e-11
5.08251025e-07	1.088807e-11
5.08758532e-07	1.100432e-11
5.09266546e-07	1.117256e-11
5.09775068e-07	1.130930e-11
5.10284097e-07	1.142841e-11
5.10793635e-07	1.147717e-11
5.11303681e-07	1.169000e-11
5.11814237e-07	1.182445e-11
5.12325302e-07	1.188318e-11
5.12836878e-07	1.210050e-11
5.13348965e-07	1.222893e-11
5.13861563e-07	1.241044e-11
5.14374672e-07	1.252666e-11
5.14888295e-07	1.273870e-11
5.15402430e-07	1.288254e-11
5.15917078e-07	1.303848e-11
5.16432240e-07	1.317689e-11
5.16947917e-07	1.332666e-11
5.17464109e-07	1.348862e-11
5.17980816e-07	1.365392e-11
5.18498039e-07	1.384100e-11
5.19015778e-07	1.399205e-11
5.19534035e-07	1.417661e-11
5.20052809e-07	1.434258e-11
5.20572101e-07	1.448103e-11
5.21091911e-07	1.467072e-11
5.21612241e-07	1.483646e-11
5.22133090e-07	1.503885e-11
5.22654459e-07	1.519171e-11
5.23176349e-07	1.536071e-11
5.23698760e-07	1.555649e-11
5.24221693e-07	1.563738e-11
5.24745148e-07	1.589523e-11
5.25269125e-07	1.610625e-11
5.25793626e-07	1.630367e-11
5.26318650e-07	1.649773e-11
5.26844199e-07	1.663640e-11
5.27370272e-07	1.685930e-11
5.27896871e-07	1.691531e-11
5.28423996e-07	1.727816e-11
5.28951647e-07	1.746389e-11
5.29479824e-07	1.763554e-11
5.30008530e-07	1.788159e-11
5.30537763e-07	1.808238e-11
5.31067524e-07	1.826333e-11
5.31597815e-07	1.849441e-11
5.32128635e-07	1.871683e-11
5.32659985e-07	1.888435e-11
5.33191866e-07	1.911392e-11
5.33724278e-07	1.935000e-11
5.34257221e-07	1.955235e-11
5.34790697e-07	1.978712e-11
5.35324705e-07	2.002792e-11
5.35859247e-07	2.022305e-11
5.36394322e-07	2.036869e-11
5.36929932e-07	2.073030e-11
5.37466076e-07	2.094569e-11
5.38002756e-07	2.121321e-11
5.38539972e-07	2.141132e-11
5.39077724e-07	2.155183e-11
5.39616013e-07	2.165968e-11
5.40154839e-07	2.200413e-11
5.40694204e-07	2.232651e-11
5.41234107e-07	2.264109e-11
5.41774550e-07	2.279527e-11
5.42315532e-07	2.291575e-11
5.42857054e-07	2.326220e-11
5.43399117e-07	2.331907e-11
5.43941721e-07	2.347971e-11
5.44484867e-07	2.416619e-11
5.45028555e-07	2.439749e-11
5.45572786e-07	2.474974e-11
5.46117561e-07	2.489788e-11
5.46662879e-07	2.502859e-11
5.47208743e-07	2.546928e-11
5.47755151e-07	2.582055e-11
5.48302105e-07	2.601004e-11
5.48849605e-07	2.641718e-11
5.49397651e-07	2.669316e-11
5.49946245e-07	2.705891e-11
5.50495387e-07	2.720644e-11
5.51045077e-07	2.766856e-11
5.51595316e-07	2.767849e-11
5.52146104e-07	2.829626e-11
5.52697443e-07	2.828832e-11
5.53249331e-07	2.882981e-11
5.53801771e-07	2.873053e-11
5.54354763e-07	2.939069e-11
5.54908307e-07	2.988136e-11
5.55462403e-07	3.008762e-11
5.56017053e-07	3.043387e-11
5.56572257e-07	3.047561e-11
5.57128015e-07	3.096165e-11
5.57684328e-07	3.125556e-11
5.58241196e-07	3.185983e-11
5.58798621e-07	3.224504e-11
5.59356602e-07	3.253609e-11
5.59915140e-07	3.289192e-11
5.60474236e-07	3.313772e-11
5.61033890e-07	3.356900e-11
5.61594104e-07	3.382422e-11
5.62154876e-07	3.440643e-11
5.62716209e-07	3.464372e-11
5.63278102e-07	3.509018e-11
5.63840556e-07	3.526466e-11
5.64403571e-07	3.579849e-11
5.64967149e-07	3.626156e-11
5.65531290e-07	3.650915e-11
5.66095994e-07	3.673115e-11
5.66661262e-07	3.733988e-11
5.67227094e-07	3.767134e-11
5.67793491e-07	3.781246e-11
5.68360454e-07	3.693348e-11
5.68927983e-07	3.858139e-11
5.69496079e-07	3.908211e-11
5.70064741e-07	3.947781e-11
5.70633972e-07	3.966067e-11
5.71203771e-07	3.996379e-11
5.71774140e-07	4.008275e-11
5.72345077e-07	4.080200e-11
5.72916585e-07	4.182978e-11
5.73488663e-07	4.235845e-11
5.74061313e-07	4.254043e-11
5.74634535e-07	4.278528e-11
5.75208328e-07	4.319168e-11
5.75782695e-07	4.397745e-11
5.76357636e-07	4.423046e-11
5.76933150e-07	4.493906e-11
5.77509239e-07	4.530621e-11
5.78085904e-07	4.500963e-11
5.78663144e-07	4.590494e-11
5.79240960e-07	4.588852e-11
5.79819354e-07	4.710469e-11
5.80398325e-07	4.680779e-11
5.80977874e-07	4.783096e-11
5.81558002e-07	4.729010e-11
5.82138709e-07	4.934164e-11
5.82719997e-07	4.939911e-11
5.83301864e-07	5.002159e-11
5.83884313e-07	4.944476e-11
5.84467343e-07	5.032915e-11
5.85050955e-07	5.112138e-11
5.85635150e-07	5.203957e-11
5.86219928e-07	5.160482e-11
5.86805291e-07	5.055613e-11
5.87391238e-07	5.333906e-11
5.87977770e-07	5.353389e-11
5.88564887e-07	5.405980e-11
5.89152591e-07	4.999377e-11
5.89740882e-07	5.392065e-11
5.90329760e-07	5.314129e-11
5.90919226e-07	5.598402e-11
5.91509281e-07	5.679613e-11
5.92099925e-07	5.496098e-11
5.92691158e-07	5.745855e-11
5.93282982e-07	5.774759e-11
5.93875397e-07	5.826287e-11
5.94468404e-07	5.877527e-11
5.95062003e-07	5.907051e-11
5.95656194e-07	6.080627e-11
5.96250979e-07	6.096893e-11
5.96846358e-07	5.866331e-11
5.97442331e-07	6.180851e-11
5.98038899e-07	6.194689e-11
5.98636063e-07	6.394946e-11
5.99233823e-07	6.304904e-11
5.99832181e-07	6.499067e-11
6.00431135e-07	5.974522e-11
6.01030688e-07	6.573074e-11
6.01630839e-07	6.580605e-11
6.02231590e-07	6.587737e-11
6.02832941e-07	6.817925e-11
6.03434892e-07	6.910771e-11
6.04037444e-07	6.773886e-11
6.04640598e-07	6.666104e-11
6.05244354e-07	6.965331e-11
6.05848713e-07	7.015372e-11
6.06453675e-07	7.090069e-11
6.07059241e-07	7.292884e-11
6.07665413e-07	7.337783e-11
6.08272189e-07	7.495129e-11
6.08879571e-07	7.623686e-11
6.09487560e-07	7.674924e-11
6.10096156e-07	7.773513e-11
6.10705360e-07	7.678697e-11
6.11315172e-07	7.927833e-11
6.11925592e-07	7.969218e-11
6.12536623e-07	7.934483e-11
6.13148263e-07	8.203149e-11
6.13760515e-07	8.178175e-11
6.14373377e-07	8.049244e-11
6.14986852e-07	8.362157e-11
6.15600939e-07	8.503917e-11
6.16215639e-07	8.475137e-11
6.16830953e-07	8.345329e-11
6.17446882e-07	8.699047e-11
6.18063426e-07	8.779816e-11
6.18680585e-07	8.948394e-11
6.19298360e-07	8.883664e-11
6.19916753e-07	8.893763e-11
6.20535763e-07	9.141967e-11
6.21155390e-07	9.066368e-11
6.21775637e-07	9.431909e-11
6.22396503e-07	9.400100e-11
6.23017989e-07	9.563996e-11
6.23640096e-07	9.431292e-11
6.24262823e-07	9.608996e-11
6.24886173e-07	9.728412e-11
6.25510145e-07	9.878686e-11
6.26134740e-07	9.655311e-11
6.26759959e-07	9.753101e-11
6.27385802e-07	9.955239e-11
6.28012270e-07	9.861039e-11
6.28639363e-07	1.001288e-10
6.29267083e-07	1.049272e-10
6.29895429e-07	1.039778e-10
6.30524403e-07	1.030867e-10
6.31154005e-07	1.041237e-10
6.31784236e-07	1.057071e-10
6.32415096e-07	1.041697e-10
6.33046586e-07	1.031800e-10
6.33678706e-07	1.110570e-10
6.34311458e-07	1.116798e-10
6.34944842e-07	1.114364e-10
6.35578858e-07	1.136048e-10
6.36213507e-07	1.153602e-10
6.36848789e-07	1.157721e-10
6.37484706e-07	1.128973e-10
6.38121259e-07	1.153968e-10
6.38758446e-07	1.153520e-10
6.39396270e-07	1.194828e-10
6.40034731e-07	1.202514e-10
6.40673830e-07	1.200394e-10
6.41313566e-07	1.205986e-10
6.41953941e-07	1.223418e-10
6.42594956e-07	1.244695e-10
6.43236611e-07	1.217268e-10
6.43878907e-07	1.232565e-10
6.44521844e-07	1.193179e-10
6.45165423e-07	1.263477e-10
6.45809644e-07	1.275276e-10
6.46454509e-07	1.267724e-10
6.47100018e-07	1.233177e-10
6.47746171e-07	1.237749e-10
6.48392970e-07	1.281364e-10
6.49040414e-07	1.346026e-10
6.49688505e-07	1.316749e-10
6.50337243e-07	1.366112e-10
6.50986629e-07	1.360256e-10
6.51636663e-07	1.272796e-10
6.52287347e-07	1.323184e-10
6.52938680e-07	1.321767e-10
6.53590663e-07	1.373326e-10
6.54243298e-07	1.385838e-10
6.54896584e-07	1.430943e-10
6.55550522e-07	1.417991e-10
6.56205114e-07	1.359041e-10
6.56860359e-07	1.395099e-10
6.57516258e-07	1.340578e-10
6.58172813e-07	1.456766e-10
6.58830023e-07	1.038201e-10
6.59487889e-07	1.353656e-10
6.60146412e-07	1.485006e-10
6.60805592e-07	1.558043e-10
6.61465431e-07	1.520923e-10
6.62125929e-07	1.562218e-10
6.62787086e-07	1.028176e-10
6.63448904e-07	1.323425e-10
6.64111382e-07	1.595073e-10
6.64774522e-07	1.470127e-10
6.65438324e-07	1.582392e-10
6.66102789e-07	1.612838e-10
6.66767917e-07	1.560987e-10
6.67433710e-07	1.545952e-10
6.68100167e-07	1.636266e-10
6.68767290e-07	1.667873e-10
6.69435079e-07	1.683369e-10
6.70103534e-07	1.714635e-10
6.70772657e-07	1.610373e-10
6.71442449e-07	1.754345e-10
6.72112909e-07	1.701796e-10
6.72784039e-07	1.785889e-10
6.73455838e-07	1.794598e-10
6.74128309e-07	1.654374e-10
6.74801451e-07	1.640470e-10
6.75475265e-07	1.769263e-10
6.76149752e-07	1.862678e-10
6.76824913e-07	1.690639e-10
6.77500748e-07	1.841558e-10
6.78177257e-07	1.870012e-10
6.78854443e-07	1.857314e-10
6.79532304e-07	1.847670e-10
6.80210842e-07	1.909210e-10
6.80890058e-07	1.925800e-10
6.81569952e-07	1.858490e-10
6.82250525e-07	1.897517e-10
6.82931777e-07	2.006705e-10
6.83613710e-07	1.984876e-10
6.84296323e-07	2.009180e-10
6.84979619e-07	2.050478e-10
6.85663596e-07	1.974256e-10
6.86348257e-07	2.064061e-10
6.87033601e-07	2.066566e-10
6.87719629e-07	1.515817e-10
6.88406343e-07	1.952542e-10
6.89093742e-07	2.064928e-10
6.89781828e-07	2.051533e-10
6.90470600e-07	2.027841e-10
6.91160061e-07	1.924610e-10
6.91850210e-07	1.890365e-10
6.92541048e-07	1.535177e-10
6.93232576e-07	1.890329e-10
6.93924794e-07	2.010460e-10
6.94617704e-07	1.965437e-10
6.95311305e-07	2.018437e-10
6.96005599e-07	2.058237e-10
6.96700587e-07	2.037049e-10
6.97396268e-07	2.063506e-10
6.98092644e-07	2.121427e-10
6.98789716e-07	2.189482e-10
6.99487483e-07	2.228677e-10
7.00185947e-07	2.065763e-10
7.00885109e-07	2.068708e-10
7.01584968e-07	2.250015e-10
7.02285527e-07	2.193747e-10
7.02986785e-07	2.066446e-10
7.03688744e-07	2.198250e-10
7.04391403e-07	2.166016e-10
7.05094764e-07	2.135884e-10
7.05798827e-07	2.390378e-10
7.06503593e-07	2.358370e-10
7.07209063e-07	2.026821e-10
7.07915238e-07	2.325882e-10
7.08622117e-07	2.281798e-10
7.09329703e-07	1.946876e-10
7.10037995e-07	2.299014e-10
7.10746994e-07	2.126958e-10
7.11456701e-07	2.390347e-10
7.12167117e-07	2.049403e-10
7.12878242e-07	2.278694e-10
7.13590078e-07	2.291794e-10
7.14302624e-07	2.083045e-10
7.15015881e-07	2.271359e-10
7.15729851e-07	2.065636e-10
7.16444534e-07	2.054728e-10
7.17159931e-07	2.218396e-10
7.17876041e-07	2.119526e-10
7.18592867e-07	2.157350e-10
7.19310409e-07	2.124128e-10
7.20028667e-07	2.173612e-10
7.20747642e-07	2.070480e-10
7.21467335e-07	1.837740e-10
7.22187747e-07	2.208244e-10
7.22908878e-07	2.227466e-10
7.23630730e-07	1.738193e-10
7.24353302e-07	2.021672e-10
7.25076595e-07	2.229819e-10
7.25800611e-07	2.112204e-10
7.26525350e-07	2.087501e-10
7.27250813e-07	2.255050e-10
7.27976999e-07	2.405601e-10
7.28703911e-07	2.278100e-10
7.29431549e-07	2.199825e-10
7.30159914e-07	2.080380e-10
7.30889005e-07	2.028732e-10
7.31618825e-07	2.459242e-10
7.32349374e-07	2.081068e-10
7.33080652e-07	2.378872e-10
7.33812660e-07	2.397527e-10
7.34545399e-07	2.466033e-10
7.35278870e-07	2.442363e-10
7.36013073e-07	2.380791e-10
7.36748009e-07	1.898726e-10
7.37483680e-07	2.443452e-10
7.38220084e-07	2.332720e-10
7.38957224e-07	2.528593e-10
7.39695101e-07	2.756234e-10
7.40433714e-07	2.342629e-10
7.41173064e-07	2.411868e-10
7.41913153e-07	1.949878e-10
7.42653981e-07	2.577716e-10
7.43395548e-07	2.703857e-10
7.44137856e-07	9.345552e-11
7.44880905e-07	2.659265e-10
7.45624697e-07	1.706392e-10
7.46369230e-07	2.494643e-10
7.47114508e-07	2.314074e-10
7.47860529e-07	2.786062e-10
7.48607296e-07	2.576168e-10
7.49354808e-07	2.834756e-10
7.50103066e-07	2.800040e-10
7.50852072e-07	2.319925e-10
7.51601826e-07	2.497901e-10
7.52352328e-07	2.640410e-10
7.53103580e-07	2.490876e-10
7.53855582e-07	2.710575e-10
7.54608334e-07	2.835622e-10
7.55361839e-07	2.851096e-10
7.56116095e-07	2.781315e-10
7.56871105e-07	2.691608e-10
7.57626869e-07	2.851305e-10
7.58383388e-07	2.940582e-10
7.59140662e-07	2.678420e-10
7.59898692e-07	2.902911e-10
7.60657479e-07	2.813208e-10
7.61417023e-07	3.090336e-10
7.62177326e-07	3.180366e-10
7.62938389e-07	3.271789e-10
7.63700211e-07	3.323662e-10
7.64462794e-07	3.276397e-10
7.65226138e-07	2.953276e-10
7.65990245e-07	3.288251e-10
7.66755115e-07	3.332749e-10
7.67520748e-07	3.169154e-10
7.68287146e-07	3.439243e-10
7.69054309e-07	3.279115e-10
7.69822238e-07	3.089953e-10
7.70590934e-07	2.992339e-10
7.71360398e-07	3.291657e-10
7.72130630e-07	3.107782e-10
7.72901631e-07	3.633179e-10
7.73673402e-07	3.387080e-10
7.74445944e-07	3.502372e-10
7.75219257e-07	3.535146e-10
7.75993342e-07	3.631883e-10
7.76768200e-07	3.574141e-10
7.77543832e-07	3.373140e-10
7.78320238e-07	3.625666e-10
7.79097420e-07	3.261205e-10
7.79875377e-07	3.683132e-10
7.80654112e-07	3.821370e-10
7.81433624e-07	3.742001e-10
7.82213914e-07	3.824627e-10
7.82994984e-07	3.879508e-10
7.83776833e-07	3.497381e-10
7.84559463e-07	3.668194e-10
7.85342875e-07	3.791030e-10
7.86127069e-07	3.895449e-10
7.86912046e-07	3.458394e-10
7.87697807e-07	3.939513e-10
7.88484352e-07	3.799598e-10
7.89271683e-07	3.795213e-10
7.90059800e-07	3.806228e-10
7.90848704e-07	4.061167e-10
7.91638396e-07	4.086300e-10
7.92428876e-07	4.141050e-10
7.93220146e-07	4.140063e-10
7.94012205e-07	4.147643e-10
7.94805056e-07	4.152184e-10
7.95598698e-07	4.225810e-10
7.96393133e-07	4.042364e-10
7.97188361e-07	4.397949e-10
7.97984383e-07	4.136612e-10
7.98781200e-07	4.250956e-10
7.99578813e-07	4.339318e-10
8.00377222e-07	4.123960e-10
8.01176428e-07	4.317774e-10
8.01976433e-07	4.362600e-10
8.02777236e-07	4.387911e-10
8.03578839e-07	3.715879e-10
8.04381242e-07	4.089575e-10
8.05184446e-07	4.342190e-10
8.05988453e-07	4.033013e-10
8.06793262e-07	3.137899e-10
8.07598875e-07	2.845798e-10
8.08405293e-07	3.952786e-10
8.09212515e-07	3.553521e-10
8.10020544e-07	3.682143e-10
8.10829379e-07	3.369809e-10
8.11639023e-07	3.359508e-10
8.12449474e-07	2.860195e-10
8.13260735e-07	3.118993e-10
8.14072806e-07	3.897473e-10
8.14885688e-07	2.672274e-10
8.15699382e-07	2.897482e-10
8.16513888e-07	4.081518e-10
8.17329207e-07	4.089131e-10
8.18145341e-07	4.150649e-10
8.18962289e-07	3.943674e-10
8.19780053e-07	3.805853e-10
8.20598634e-07	3.788451e-10
8.21418032e-07	4.224803e-10
8.22238248e-07	4.368477e-10
8.23059284e-07	6.761936e-11
8.23881139e-07	4.034339e-10
8.24703815e-07	3.468093e-10
8.25527312e-07	4.281158e-10
8.26351632e-07	3.912644e-10
8.27176774e-07	4.355931e-10
8.28002741e-07	4.914882e-10
8.28829533e-07	3.515958e-10
8.29657150e-07	3.175932e-10
8.30485593e-07	4.624419e-10
8.31314864e-07	4.039194e-10
8.32144962e-07	5.039737e-10
8.32975890e-07	4.967117e-10
8.33807647e-07	4.634638e-10
8.34640235e-07	3.247712e-10
8.35473654e-07	2.340696e-10
8.36307906e-07	3.924847e-10
8.37142990e-07	4.191213e-10
8.37978908e-07	4.493090e-10
8.38815661e-07	3.596204e-10
8.39653250e-07	4.660348e-10
8.40491675e-07	3.886166e-10
8.41330937e-07	4.204219e-10
8.42171037e-07	4.434257e-10
8.43011976e-07	4.340340e-10
8.43853755e-07	4.476718e-10
8.44696374e-07	4.986535e-10
8.45539834e-07	4.619640e-10
8.46384137e-07	2.826165e-10
8.47229283e-07	4.620117e-10
8.48075273e-07	4.557586e-10
8.48922108e-07	5.030461e-10
8.49769788e-07	5.026660e-10
8.50618314e-07	4.717964e-10
8.51467688e-07	4.897569e-10
8.52317910e-07	4.817879e-10
8.53168981e-07	5.174915e-10
8.54020902e-07	5.299135e-10
8.54873674e-07	4.701328e-10
8.55727297e-07	3.895806e-10
8.56581772e-07	4.373825e-10
8.57437101e-07	4.864521e-10
8.58293284e-07	4.850491e-10
8.59150321e-07	5.439283e-10
8.60008215e-07	4.571494e-10
8.60866965e-07	5.517462e-10
8.61726572e-07	5.422225e-10
8.62587038e-07	5.509402e-10
8.63448363e-07	5.467764e-10
8.64310548e-07	5.544725e-10
8.65173595e-07	5.546610e-10
8.66037502e-07	5.413435e-10
8.66902273e-07	6.062304e-10
8.67767907e-07	5.367676e-10
8.68634405e-07	6.396259e-10
8.69501769e-07	5.341715e-10
8.70369999e-07	5.437831e-10
8.71239096e-07	4.182075e-10
8.72109060e-07	6.258182e-10
8.72979893e-07	6.149952e-10
8.73851596e-07	6.540282e-10
8.74724169e-07	6.310552e-10
8.75597614e-07	5.804024e-10
8.76471930e-07	6.294371e-10
8.77347120e-07	6.889120e-10
8.78223184e-07	5.785670e-10
8.79100122e-07	6.649958e-10
8.79977936e-07	6.779441e-10
8.80856627e-07	6.248137e-10
8.81736195e-07	6.413843e-10
8.82616641e-07	6.720796e-10
8.83497966e-07	6.198226e-10
8.84380172e-07	6.499077e-10
8.85263258e-07	7.002195e-10
8.86147226e-07	6.319489e-10
8.87032077e-07	6.134389e-10
8.87917812e-07	6.719752e-10
8.88804430e-07	6.429756e-10
8.89691935e-07	6.644618e-10
8.90580325e-07	6.969535e-10
8.91469602e-07	5.563527e-10
8.92359768e-07	5.732807e-10
8.93250822e-07	5.861964e-10
8.94142766e-07	6.792711e-10
8.95035601e-07	6.155643e-10
8.95929327e-07	6.113539e-10
8.96823946e-07	5.732839e-10
8.97719458e-07	3.046829e-10
8.98615864e-07	6.566355e-10
8.99513165e-07	6.762234e-10
9.00411362e-07	7.047163e-10
9.01310456e-07	6.701786e-10
9.02210448e-07	6.808907e-10
9.03111339e-07	6.043275e-10
9.04013129e-07	5.938204e-10
9.04915820e-07	6.567025e-10
9.05819412e-07	6.108820e-10
9.06723906e-07	7.138291e-10
9.07629303e-07	5.761188e-10
9.08535605e-07	7.504691e-10
9.09442811e-07	5.740671e-10
9.10350924e-07	6.865100e-10
9.11259943e-07	7.472931e-10
9.12169869e-07	6.943187e-10
9.13080705e-07	4.410810e-10
9.13992450e-07	7.374869e-10
9.14905105e-07	7.571317e-10
9.15818672e-07	1.288094e-10
9.16733151e-07	5.084310e-10
9.17648543e-07	3.455774e-10
9.18564849e-07	6.658510e-10
9.19482070e-07	5.266645e-10
9.20400207e-07	5.176947e-10
9.21319260e-07	5.319623e-10
9.22239232e-07	5.323463e-10
9.23160122e-07	3.056398e-10
9.24081931e-07	3.999123e-10
9.25004661e-07	7.352532e-10
9.25928313e-07	1.094601e-10
9.26852887e-07	5.828564e-10
9.27778384e-07	3.643013e-10
9.28704805e-07	9.202899e-11
9.29632151e-07	3.367455e-10
9.30560423e-07	6.214555e-10
9.31489622e-07	6.580589e-10
9.32419749e-07	1.247430e-10
9.33350805e-07	1.452741e-10
9.34282790e-07	3.288991e-10
9.35215706e-07	4.752577e-10
9.36149554e-07	4.683183e-10
9.37084334e-07	5.976770e-10
9.38020047e-07	4.597422e-11
9.38956695e-07	1.951455e-10
9.39894278e-07	4.023531e-10
9.40832797e-07	6.590744e-10
9.41772253e-07	9.766438e-11
9.42712648e-07	3.064262e-10
9.43653981e-07	1.819805e-10
9.44596255e-07	2.321252e-10
9.45539469e-07	4.947165e-10
9.46483625e-07	5.586378e-10
9.47428724e-07	2.738510e-10
9.48374767e-07	4.373649e-10
9.49321755e-07	4.074618e-10
9.50269687e-07	4.405106e-10
9.51218567e-07	5.674061e-10
9.52168394e-07	3.847276e-10
9.53119169e-07	3.512471e-10
9.54070894e-07	6.558785e-10
9.55023569e-07	5.892384e-10
9.55977196e-07	3.337970e-10
9.56931774e-07	1.525284e-10
9.57887306e-07	5.813893e-10
9.58843792e-07	5.537747e-10
9.59801233e-07	3.432196e-10
9.60759630e-07	2.094510e-10
9.61718984e-07	4.993765e-10
9.62679296e-07	1.917657e-10
9.63640567e-07	1.398444e-10
9.64602798e-07	5.636648e-10
9.65565990e-07	4.414800e-10
9.66530143e-07	6.016090e-10
9.67495259e-07	4.606053e-10
9.68461339e-07	2.498949e-10
9.69428384e-07	3.165308e-10
9.70396394e-07	6.929813e-10
9.71365371e-07	6.310897e-10
9.72335315e-07	5.458432e-10
9.73306228e-07	4.262778e-10
9.74278110e-07	1.637609e-10
9.75250963e-07	2.584710e-10
9.76224787e-07	6.059495e-10
9.77199584e-07	4.871934e-10
9.78175354e-07	4.671498e-10
9.79152098e-07	4.335769e-10
9.80129818e-07	6.620064e-10
9.81108514e-07	5.457698e-10
9.82088187e-07	5.440677e-10
9.83068838e-07	5.459526e-10
9.84050469e-07	4.748664e-10
9.85033080e-07	3.962963e-10
9.86016672e-07	4.579146e-10
9.87001246e-07	5.963732e-10
9.87986804e-07	4.309023e-10
9.88973345e-07	5.641735e-10
9.89960871e-07	5.343857e-10
9.90949384e-07	5.773583e-10
9.91938884e-07	5.436990e-10
9.92929371e-07	5.811183e-10
9.93920848e-07	7.348810e-10
9.94913315e-07	6.015860e-10
9.95906773e-07	5.545581e-10
9.96901223e-07	5.399464e-10
9.97896665e-07	7.169790e-10
9.98893102e-07	7.409833e-10
9.99890534e-07	7.109572e-10
1.00088896e-06	4.504890e-10
1.00188839e-06	4.631085e-10
1.00288881e-06	6.470324e-10
1.00389023e-06	7.601221e-10
1.00489265e-06	6.389618e-10
1.00589607e-06	6.209924e-10
1.00690050e-06	7.767035e-10
1.00790593e-06	7.119963e-10
1.00891236e-06	7.996342e-10
1.00991979e-06	7.842682e-10
1.01092824e-06	5.529951e-10
1.01193769e-06	7.823715e-10
1.01294814e-06	6.752539e-10
1.01395961e-06	7.576544e-10
1.01497209e-06	8.009152e-10
1.01598557e-06	8.282015e-10
1.01700007e-06	7.593846e-10
1.01801558e-06	7.556704e-10
1.01903211e-06	8.718078e-10
1.02004965e-06	5.781316e-10
1.02106821e-06	8.544858e-10
1.02208778e-06	8.570536e-10
1.02310838e-06	7.290730e-10
1.02412999e-06	7.944651e-10
1.02515262e-06	8.470165e-10
1.02617627e-06	7.512925e-10
1.02720095e-06	8.648168e-10
1.02822665e-06	8.117741e-10
1.02925337e-06	8.125573e-10
1.03028112e-06	8.217137e-10
1.03130989e-06	9.001875e-10
1.03233969e-06	8.497496e-10
1.03337052e-06	9.011191e-10
1.03440238e-06	9.672852e-10
1.03543527e-06	9.264209e-10
1.03646919e-06	9.756425e-10
1.03750414e-06	8.485680e-10
1.03854013e-06	9.086128e-10
1.03957715e-06	9.613371e-10
1.04061521e-06	9.749968e-10
1.04165430e-06	8.864533e-10
1.04269443e-06	8.876343e-10
1.04373560e-06	9.388608e-10
1.04477781e-06	9.162485e-10
1.04582106e-06	9.892129e-10
1.04686535e-06	8.151690e-10
1.04791068e-06	8.712085e-10
1.04895706e-06	9.562478e-10
1.05000448e-06	9.262263e-10
1.05105295e-06	8.902490e-10
1.05210246e-06	8.799707e-10
1.05315303e-06	1.057431e-09
1.05420464e-06	1.053911e-09
1.05525730e-06	1.105109e-09
1.05631102e-06	1.038984e-09
1.05736578e-06	1.083938e-09
1.05842160e-06	1.104120e-09
1.05947847e-06	9.999443e-10
1.06053640e-06	9.583078e-10
1.06159539e-06	1.061151e-09
1.06265543e-06	1.085316e-09
1.06371653e-06	1.046971e-09
1.06477869e-06	1.140799e-09
1.06584191e-06	1.061047e-09
1.06690619e-06	1.051144e-09
1.06797154e-06	1.085054e-09
1.06903795e-06	9.666132e-10
1.07010542e-06	1.133749e-09
1.07117396e-06	1.011637e-09
1.07224357e-06	1.178099e-09
1.07331424e-06	1.144467e-09
1.07438599e-06	1.226525e-09
1.07545880e-06	1.180894e-09
1.07653269e-06	1.051374e-09
1.07760765e-06	1.090986e-09
1.07868368e-06	7.180343e-10
1.07976078e-06	1.079918e-09
1.08083896e-06	1.166674e-09
1.08191822e-06	1.151738e-09
1.08299856e-06	1.189900e-09
1.08407997e-06	1.190093e-09
1.08516247e-06	1.117279e-09
1.08624604e-06	9.936745e-10
1.08733070e-06	1.015269e-09
1.08841644e-06	1.085390e-09
1.08950326e-06	9.200880e-10
1.09059117e-06	1.047923e-09
1.09168017e-06	4.738405e-10
1.09277025e-06	4.921688e-10
1.09386142e-06	5.197896e-10
1.09495368e-06	5.207319e-10
1.09604703e-06	3.001750e-10
1.09714148e-06	5.819054e-10
1.09823701e-06	8.790605e-10
1.09933364e-06	8.634623e-10
1.10043137e-06	5.090281e-10
1.10153019e-06	5.947390e-10
1.10263011e-06	6.388851e-10
1.10373113e-06	1.054164e-09
1.10483324e-06	7.343980e-10
1.10593646e-06	5.045706e-10
1.10704078e-06	7.948356e-10
1.10814620e-06	6.997234e-10
1.10925273e-06	6.378246e-10
1.11036036e-06	1.845878e-10
1.11146909e-06	7.234526e-10
1.11257893e-06	7.603805e-10
1.11368989e-06	7.315897e-10
1.11480195e-06	2.237348e-10
1.11591512e-06	8.454365e-10
1.11702940e-06	3.912119e-10
1.11814480e-06	8.182296e-10
1.11926130e-06	2.801941e-10
1.12037893e-06	1.079480e-10
1.12149767e-06	8.497845e-10
1.12261752e-06	8.723416e-10
1.12373850e-06	7.885504e-10
1.12486059e-06	7.737074e-10
1.12598381e-06	7.806562e-10
1.12710815e-06	8.680329e-10
1.12823361e-06	2.744658e-10
1.12936019e-06	1.928278e-10
1.13048790e-06	7.579784e-10
1.13161673e-06	5.167938e-10
1.13274669e-06	9.631092e-10
1.13387778e-06	8.962798e-10
1.13501000e-06	5.853009e-10
1.13614335e-06	6.553754e-10
1.13727783e-06	7.156381e-10
1.13841345e-06	9.781628e-10
1.13955019e-06	9.531164e-10
1.14068808e-06	8.408556e-10
1.14182710e-06	5.677890e-10
1.14296725e-06	6.505800e-10
1.14410855e-06	2.519007e-10
1.14525098e-06	7.457687e-10
1.14639456e-06	4.069854e-10
1.14753928e-06	6.490218e-10
1.14868514e-06	4.508724e-10
1.14983214e-06	2.735048e-10
1.15098029e-06	5.267910e-10
1.15212959e-06	9.483816e-10
1.15328003e-06	3.216528e-10
1.15443162e-06	4.409707e-10
1.15558437e-06	5.495273e-10
1.15673826e-06	8.683450e-10
1.15789331e-06	5.668644e-10
1.15904951e-06	8.056289e-10
1.16020686e-06	6.956792e-10
1.16136537e-06	7.119417e-10
1.16252504e-06	1.292679e-10
1.16368586e-06	1.420074e-10
1.16484784e-06	5.326301e-10
1.16601099e-06	7.879167e-10
1.16717529e-06	5.663692e-10
1.16834076e-06	1.608298e-10
1.16950739e-06	1.944362e-10
1.17067519e-06	4.737461e-10
1.17184415e-06	8.970097e-10
1.17301428e-06	7.110350e-10
1.17418558e-06	6.744941e-10
1.17535805e-06	8.181626e-10
1.17653168e-06	5.876867e-10
1.17770650e-06	5.610471e-10
1.17888248e-06	4.513601e-10
1.18005964e-06	4.129871e-10
1.18123797e-06	6.970085e-10
1.18241748e-06	1.594826e-10
1.18359817e-06	5.042738e-10
1.18478003e-06	6.349382e-10
1.18596308e-06	2.697599e-10
1.18714731e-06	1.083298e-09
1.18833272e-06	8.689685e-10
1.18951931e-06	4.696961e-10
1.19070709e-06	5.475161e-10
1.19189606e-06	7.644925e-10
1.19308621e-06	1.029908e-09
1.19427755e-06	8.489102e-10
1.19547008e-06	1.062054e-09
1.19666380e-06	9.593116e-10
1.19785872e-06	9.440214e-10
1.19905482e-06	5.833125e-10
1.20025212e-06	1.101489e-09
1.20145062e-06	9.950725e-10
1.20265031e-06	9.366536e-10
1.20385120e-06	1.237049e-09
1.20505329e-06	8.485029e-10
1.20625658e-06	8.308366e-10
1.20746108e-06	1.064350e-09
1.20866677e-06	1.098845e-09
1.20987367e-06	5.184508e-10
1.21108177e-06	1.014790e-09
1.21229108e-06	8.136292e-10
1.21350160e-06	1.031409e-09
1.21471333e-06	1.133660e-09
1.21592626e-06	7.820887e-10
1.21714041e-06	1.051341e-09
1.21835577e-06	1.213915e-09
1.21957234e-06	1.363092e-09
1.22079013e-06	8.649056e-10
1.22200914e-06	1.182537e-09
1.22322936e-06	9.953041e-10
1.22445080e-06	1.245515e-09
1.22567346e-06	1.087414e-09
1.22689734e-06	1.052425e-09
1.22812244e-06	1.173385e-09
1.22934876e-06	1.009098e-09
1.23057631e-06	9.555787e-10
1.23180509e-06	8.548869e-10
1.23303509e-06	1.218741e-09
1.23426633e-06	1.051698e-09
1.23549879e-06	1.064310e-09
1.23673248e-06	9.557391e-10
1.23796740e-06	1.160641e-09
1.23920356e-06	1.283405e-09
1.24044095e-06	1.125536e-09
1.24167957e-06	1.344339e-09
1.24291944e-06	1.087858e-09
1.24416054e-06	1.170233e-09
1.24540288e-06	1.446704e-09
1.24664646e-06	1.443106e-09
1.24789128e-06	1.417795e-09
1.24913735e-06	1.461684e-09
1.25038466e-06	1.489113e-09
1.25163321e-06	1.393294e-09
1.25288301e-06	1.494505e-09
1.25413407e-06	1.508943e-09
1.25538636e-06	1.064975e-09
1.25663991e-06	1.415762e-09
1.25789472e-06	1.265275e-09
1.25915077e-06	1.576832e-09
1.26040808e-06	1.127478e-09
1.26166664e-06	1.438820e-09
1.26292646e-06	1.589233e-09
1.26418754e-06	1.504414e-09
1.26544988e-06	1.516180e-09
1.26671348e-06	1.621851e-09
1.26797834e-06	1.679128e-09
1.26924446e-06	1.509070e-09
1.27051185e-06	7.312196e-10
1.27178050e-06	1.661141e-09
1.27305042e-06	1.372896e-09
1.27432161e-06	1.823942e-09
1.27559407e-06	1.598098e-09
1.27686780e-06	1.443142e-09
1.27814280e-06	1.660542e-09
1.27941907e-06	1.392741e-09
1.28069662e-06	1.413162e-09
1.28197544e-06	1.361068e-09
1.28325554e-06	7.869869e-10
1.28453692e-06	1.425753e-09
1.28581958e-06	1.572167e-09
1.28710351e-06	1.731477e-09
1.28838874e-06	1.605068e-09
1.28967524e-06	1.099029e-09
1.29096303e-06	1.584669e-09
1.29225210e-06	1.578601e-09
1.29354246e-06	1.843477e-09
1.29483411e-06	1.216538e-09
1.29612705e-06	1.594317e-09
1.29742128e-06	1.498619e-09
1.29871681e-06	1.723714e-09
1.30001362e-06	1.920552e-09
1.30131174e-06	1.483996e-09
1.30261114e-06	1.462377e-09
1.30391185e-06	1.516234e-09
1.30521385e-06	1.609692e-09
1.30651716e-06	1.421455e-09
1.30782176e-06	1.422448e-09
1.30912767e-06	4.795257e-10
1.31043489e-06	1.028521e-09
1.31174340e-06	7.632424e-10
1.31305323e-06	1.594049e-09
1.31436436e-06	1.340098e-09
1.31567680e-06	1.552990e-09
1.31699055e-06	9.281843e-10
1.31830562e-06	1.393817e-09
1.31962199e-06	1.191861e-09
1.32093969e-06	1.226116e-09
1.32225869e-06	1.413105e-09
1.32357902e-06	1.341835e-09
1.32490066e-06	1.287700e-09
1.32622362e-06	7.984736e-10
1.32754791e-06	1.789880e-09
1.32887351e-06	8.037493e-10
1.33020044e-06	6.329599e-10
1.33152870e-06	1.407535e-09
1.33285828e-06	4.998543e-10
1.33418918e-06	8.641966e-10
1.33552142e-06	8.725853e-10
1.33685499e-06	5.769723e-10
1.33818989e-06	5.010244e-10
1.33952612e-06	8.019733e-10
1.34086369e-06	8.599670e-10
1.34220259e-06	1.176111e-09
1.34354283e-06	2.979035e-10
1.34488441e-06	1.842619e-10
1.34622732e-06	9.086171e-10
1.34757158e-06	4.429827e-10
1.34891718e-06	6.200501e-10
1.35026412e-06	3.009810e-10
1.35161241e-06	2.458036e-10
1.35296205e-06	4.511272e-10
1.35431303e-06	3.363109e-10
1.35566536e-06	2.525098e-10
1.35701905e-06	4.664140e-10
1.35837408e-06	2.114343e-10
1.35973047e-06	4.705099e-10
1.36108821e-06	1.920227e-10
1.36244730e-06	3.172183e-10
1.36380776e-06	6.825540e-10
1.36516957e-06	6.233789e-10
1.36653274e-06	4.156886e-10
1.36789728e-06	3.859346e-10
1.36926317e-06	3.157398e-10
1.37063043e-06	3.335296e-10
1.37199906e-06	5.947575e-10
1.37336905e-06	7.103298e-10
1.37474041e-06	5.566553e-10
1.37611314e-06	3.664032e-10
1.37748724e-06	9.199182e-10
1.37886271e-06	4.508863e-10
1.38023956e-06	3.567853e-10
1.38161778e-06	7.954058e-10
1.38299737e-06	4.606529e-10
1.38437835e-06	3.291910e-10
1.38576070e-06	3.040095e-10
1.38714443e-06	5.365863e-10
1.38852955e-06	7.300165e-10
1.38991605e-06	2.203571e-10
1.39130393e-06	6.787836e-10
1.39269320e-06	2.484077e-10
1.39408385e-06	8.231798e-10
1.39547590e-06	4.653477e-10
1.39686933e-06	4.416406e-10
1.39826416e-06	6.378477e-10
1.39966038e-06	2.363569e-10
1.40105799e-06	2.488202e-10
1.40245700e-06	7.091674e-10
1.40385740e-06	6.750828e-10
1.40525921e-06	2.869377e-10
1.40666241e-06	2.514872e-10
1.40806702e-06	6.430268e-10
1.40947302e-06	4.839371e-10
1.41088043e-06	3.267526e-10
1.41228925e-06	5.173859e-10
1.41369947e-06	4.047517e-10
1.41511110e-06	6.332494e-10
1.41652415e-06	8.976216e-10
1.41793860e-06	4.678888e-10
1.41935446e-06	3.565915e-10
1.42077174e-06	2.330344e-10
1.42219043e-06	3.216417e-10
1.42361054e-06	2.687071e-10
1.42503207e-06	4.135282e-10
1.42645502e-06	6.301153e-10
1.42787939e-06	4.407709e-10
1.42930518e-06	3.088307e-10
1.43073239e-06	6.302962e-10
1.43216103e-06	3.264728e-10
1.43359110e-06	5.878627e-10
1.43502259e-06	5.869003e-10
1.43645551e-06	4.552641e-10
1.43788987e-06	4.962061e-10
1.43932565e-06	6.130412e-10
1.44076287e-06	4.987341e-10
1.44220153e-06	5.759634e-10
1.44364162e-06	8.081071e-10
1.44508315e-06	4.172057e-10
1.44652612e-06	6.338347e-10
1.44797053e-06	4.500879e-10
1.44941638e-06	7.124019e-10
1.45086368e-06	3.474292e-10
1.45231242e-06	6.538820e-10
1.45376261e-06	3.910961e-10
1.45521424e-06	6.786988e-10
1.45666733e-06	2.590331e-10
1.45812186e-06	3.053406e-10
1.45957785e-06	3.360305e-10
1.46103529e-06	7.254968e-10
1.46249419e-06	4.025101e-10
1.46395455e-06	3.808105e-10
1.46541636e-06	8.462781e-10
1.46687963e-06	4.229689e-10
1.46834437e-06	5.634728e-10
1.46981056e-06	6.620249e-10
1.47127822e-06	7.193201e-10
1.47274735e-06	9.353181e-10
1.47421794e-06	3.811257e-10
1.47569000e-06	3.647601e-10
1.47716353e-06	5.626108e-10
1.47863854e-06	3.437984e-10
1.48011501e-06	4.974339e-10
1.48159296e-06	6.727301e-10
1.48307239e-06	1.041055e-09
1.48455329e-06	4.142320e-10
1.48603567e-06	5.376769e-10
1.48751953e-06	8.177839e-10
1.48900488e-06	8.970425e-10
1.49049170e-06	5.229503e-10
1.49198001e-06	7.881891e-10
1.49346981e-06	3.763044e-10
1.49496110e-06	1.136511e-09
1.49645387e-06	4.070048e-10
1.49794813e-06	1.011833e-09
1.49944389e-06	9.309386e-10
1.50094114e-06	6.791162e-10
1.50243989e-06	6.727140e-10
1.50394013e-06	6.408822e-10
1.50544187e-06	7.444005e-10
1.50694511e-06	6.171163e-10
1.50844985e-06	8.356914e-10
1.50995609e-06	7.216443e-10
1.51146384e-06	6.883917e-10
1.51297309e-06	1.091734e-09
1.51448385e-06	7.225676e-10
1.51599612e-06	1.072915e-09
1.51750990e-06	5.681290e-10
1.51902519e-06	4.383806e-10
1.52054199e-06	8.434952e-10
1.52206031e-06	5.543297e-10
1.52358014e-06	7.401743e-10
1.52510149e-06	7.392528e-10
1.52662436e-06	1.241106e-09
1.52814875e-06	6.828235e-10
1.52967467e-06	1.487958e-09
1.53120210e-06	4.167451e-10
1.53273107e-06	9.730731e-10
1.53426156e-06	5.986838e-10
1.53579357e-06	8.255473e-10
1.53732712e-06	4.271579e-10
1.53886220e-06	8.765024e-10
1.54039881e-06	1.111873e-09
1.54193695e-06	9.831393e-10
1.54347663e-06	1.092327e-09
1.54501785e-06	1.460619e-09
1.54656061e-06	6.346533e-10
1.54810491e-06	1.183550e-09
1.54965075e-06	8.820154e-10
1.55119813e-06	1.135373e-09
1.55274706e-06	1.142253e-09
1.55429754e-06	1.310427e-09
1.55584956e-06	1.215619e-09
1.55740313e-06	9.003338e-10
1.55895826e-06	1.221090e-09
1.56051494e-06	1.361299e-09
1.56207317e-06	1.315192e-09
1.56363296e-06	1.377674e-09
1.56519430e-06	8.539711e-10
1.56675721e-06	1.312674e-09
1.56832167e-06	1.281625e-09
1.56988770e-06	1.364011e-09
1.57145529e-06	1.157321e-09
1.57302445e-06	7.462133e-10
1.57459517e-06	1.352066e-09
1.57616746e-06	1.219621e-09
1.57774132e-06	1.531758e-09
1.57931676e-06	1.515417e-09
1.58089376e-06	1.583352e-09
1.58247234e-06	7.652656e-10
1.58405250e-06	1.261107e-09
1.58563424e-06	1.442272e-09
1.58721755e-06	1.222997e-09
1.58880245e-06	1.717697e-09
1.59038892e-06	8.439773e-10
1.59197699e-06	1.267690e-09
1.59356663e-06	1.681039e-09
1.59515787e-06	1.839921e-09
1.59675069e-06	1.557002e-09
1.59834511e-06	1.220596e-09
1.59994111e-06	1.509132e-09
1.60153872e-06	1.501161e-09
1.60313791e-06	1.363558e-09
1.60473870e-06	1.904424e-09
1.60634109e-06	1.608410e-09
1.60794509e-06	1.746922e-09
1.60955068e-06	1.701265e-09
1.61115787e-06	1.685653e-09
1.61276668e-06	1.642867e-09
1.61437708e-06	1.815512e-09
1.61598910e-06	1.630194e-09
1.61760272e-06	1.790266e-09
1.61921796e-06	1.550666e-09
1.62083481e-06	1.813658e-09
1.62245327e-06	1.697905e-09
1.62407335e-06	1.580135e-09
1.62569505e-06	1.748689e-09
1.62731837e-06	1.709326e-09
1.62894330e-06	1.948107e-09
1.63056986e-06	1.842298e-09
1.63219805e-06	6.648614e-10
1.63382786e-06	1.915344e-09
1.63545930e-06	1.696153e-09
1.63709236e-06	1.752886e-09
1.63872706e-06	1.787671e-09
1.64036339e-06	1.649677e-09
1.64200135e-06	2.236157e-09
1.64364095e-06	1.977178e-09
1.64528219e-06	1.827522e-09
1.64692506e-06	1.945194e-09
1.64856958e-06	1.909828e-09
1.65021574e-06	2.001677e-09
1.65186354e-06	1.811929e-09
1.65351299e-06	2.082534e-09
1.65516408e-06	2.048985e-09
1.65681682e-06	2.109209e-09
1.65847122e-06	1.996732e-09
1.66012726e-06	1.938618e-09
1.66178496e-06	1.915101e-09
1.66344431e-06	2.058746e-09
1.66510532e-06	2.101991e-09
1.66676799e-06	1.877446e-09
1.66843232e-06	2.050183e-09
1.67009831e-06	1.470641e-09
1.67176597e-06	1.449544e-09
1.67343529e-06	2.029779e-09
1.67510628e-06	1.938530e-09
1.67677893e-06	2.060190e-09
1.67845326e-06	1.508348e-09
1.68012926e-06	2.070883e-09
1.68180693e-06	2.392734e-09
1.68348627e-06	1.738593e-09
1.68516730e-06	1.838415e-09
1.68685000e-06	1.189484e-09
1.68853438e-06	2.035393e-09
1.69022045e-06	2.166102e-09
1.69190819e-06	1.543732e-09
1.69359763e-06	2.251169e-09
1.69528875e-06	1.432720e-09
1.69698156e-06	1.902739e-09
1.69867605e-06	2.173744e-09
1.70037225e-06	1.784420e-09
1.70207013e-06	2.021872e-09
1.70376971e-06	1.442699e-09
1.70547099e-06	1.828956e-09
1.70717396e-06	1.955063e-09
1.70887864e-06	1.933609e-09
1.71058502e-06	2.258011e-09
1.71229310e-06	1.944894e-09
1.71400289e-06	1.616058e-09
1.71571438e-06	1.347017e-09
1.71742759e-06	1.294869e-09
1.71914250e-06	1.370604e-09
1.72085913e-06	1.157014e-09
1.72257747e-06	1.343877e-09
1.72429753e-06	2.042035e-09
1.72601931e-06	1.839947e-09
1.72774280e-06	1.365098e-09
1.72946801e-06	1.185542e-09
1.73119495e-06	1.595394e-09
1.73292362e-06	1.531035e-09
1.73465400e-06	1.359013e-09
1.73638612e-06	1.742430e-09
1.73811997e-06	1.532010e-09
1.73985554e-06	9.309957e-10
1.74159285e-06	1.667165e-09
1.74333190e-06	1.681011e-09
1.74507268e-06	1.055497e-09
1.74681520e-06	5.048479e-10
1.74855946e-06	1.985197e-09
1.75030546e-06	6.456988e-10
1.75205321e-06	6.999560e-10
1.75380270e-06	1.281408e-09
1.75555393e-06	5.698623e-10
1.75730692e-06	7.551346e-10
1.75906165e-06	1.797835e-09
1.76081814e-06	1.585699e-09
1.76257638e-06	1.588976e-09
1.76433638e-06	1.484228e-09
1.76609814e-06	1.581123e-09
1.76786165e-06	5.041060e-10
1.76962693e-06	1.885564e-09
1.77139397e-06	1.337665e-09
1.77316277e-06	1.012976e-09
1.77493334e-06	1.037851e-09
1.77670567e-06	1.191718e-09
1.77847978e-06	7.898543e-10
1.78025566e-06	1.130884e-09
1.78203331e-06	8.043086e-10
1.78381274e-06	1.070486e-09
1.78559394e-06	1.475880e-09
1.78737692e-06	1.421560e-09
1.78916168e-06	1.207253e-09
1.79094823e-06	9.694792e-10
1.79273655e-06	8.104411e-10
1.79452667e-06	1.699007e-09
1.79631857e-06	5.235200e-10
1.79811226e-06	1.040693e-09
1.79990774e-06	1.408025e-09
1.80170502e-06	8.199492e-10
1.80350409e-06	7.761764e-10
1.80530495e-06	1.268140e-09
1.80710762e-06	7.189321e-10
1.80891208e-06	7.266078e-10
1.81071835e-06	5.917265e-10
1.81252641e-06	5.909406e-10
1.81433629e-06	9.874486e-10
1.81614797e-06	1.611623e-09
1.81796146e-06	9.149133e-10
1.81977676e-06	9.872249e-10
1.82159388e-06	8.063382e-10
1.82341281e-06	6.474915e-10
1.82523355e-06	1.026990e-09
1.82705612e-06	9.992002e-10
1.82888050e-06	5.669618e-10
1.83070670e-06	1.079754e-09
1.83253473e-06	6.108995e-10
1.83436459e-06	1.615063e-09
1.83619627e-06	6.152470e-10
1.83802978e-06	1.218616e-09
1.83986512e-06	5.782130e-10
1.84170229e-06	1.503958e-09
1.84354130e-06	6.728337e-10
1.84538214e-06	1.367952e-09
1.84722483e-06	6.168006e-10
1.84906935e-06	1.661208e-09
1.85091571e-06	1.325303e-09
1.85276392e-06	1.691643e-09
1.85461397e-06	1.141739e-09
1.85646588e-06	1.012561e-09
1.85831963e-06	1.100054e-09
1.86017523e-06	1.009924e-09
1.86203268e-06	9.825074e-10
1.86389199e-06	1.240917e-09
1.86575315e-06	1.246985e-09
1.86761618e-06	9.295282e-10
1.86948106e-06	1.480487e-09
1.87134781e-06	1.062991e-09
1.87321642e-06	1.051723e-09
1.87508689e-06	1.363419e-09
1.87695924e-06	1.300569e-09
1.87883345e-06	1.197736e-09
1.88070954e-06	1.640122e-09
1.88258749e-06	1.468392e-09
1.88446733e-06	1.388894e-09
1.88634904e-06	1.864372e-09
1.88823263e-06	1.298926e-09
1.89011810e-06	8.596674e-10
1.89200545e-06	1.358972e-09
1.89389469e-06	6.182827e-10
1.89578581e-06	1.690684e-09
1.89767882e-06	1.257541e-09
1.89957373e-06	1.378979e-09
1.90147052e-06	6.608187e-10
1.90336921e-06	8.515090e-10
1.90526980e-06	1.224094e-09
1.90717228e-06	7.947207e-10
1.90907666e-06	1.557596e-09
1.91098294e-06	1.272360e-09
1.91289113e-06	9.662220e-10
1.91480122e-06	1.609561e-09
1.91671322e-06	1.156591e-09
1.91862713e-06	1.486957e-09
1.92054295e-06	1.488486e-09
1.92246069e-06	1.073740e-09
1.92438033e-06	1.541673e-09
1.92630190e-06	1.098277e-09
1.92822538e-06	1.310122e-09
1.93015079e-06	1.576359e-09
1.93207812e-06	1.644342e-09
1.93400737e-06	1.047604e-09
1.93593855e-06	1.329170e-09
1.93787165e-06	1.192995e-09
1.93980669e-06	7.206802e-10
1.94174366e-06	1.714436e-09
1.94368256e-06	1.291371e-09
1.94562340e-06	1.392000e-09
1.94756618e-06	1.054176e-09
1.94951089e-06	1.321117e-09
1.95145755e-06	1.495769e-09
1.95340615e-06	6.775751e-10
1.95535670e-06	1.162048e-09
1.95730920e-06	1.090804e-09
1.95926364e-06	1.705163e-09
1.96122004e-06	1.347398e-09
1.96317839e-06	1.457724e-09
1.96513870e-06	9.324079e-10
1.96710096e-06	1.434313e-09
1.96906519e-06	1.429532e-09
1.97103137e-06	1.179400e-09
1.97299952e-06	1.026672e-09
1.97496963e-06	1.508868e-09
1.97694171e-06	1.251013e-09
1.97891576e-06	1.917363e-09
1.98089178e-06	1.409180e-09
1.98286978e-06	9.824289e-10
1.98484975e-06	9.789420e-10
1.98683169e-06	1.005740e-09
1.98881562e-06	1.786002e-09
1.99080152e-06	7.493856e-10
1.99278941e-06	1.005899e-09
1.99477929e-06	1.532554e-09
1.99677115e-06	1.045469e-09
1.99876500e-06	1.618532e-09
2.00076084e-06	1.676477e-09
2.00275867e-06	1.530397e-09
2.00475850e-06	1.424487e-09
2.00676033e-06	1.760510e-09
2.00876415e-06	6.997551e-10
2.01076998e-06	1.036730e-09
2.01277780e-06	1.569573e-09
2.01478764e-06	1.325105e-09
2.01679948e-06	9.073244e-10
2.01881333e-06	7.343351e-10
2.02082919e-06	1.446067e-09
2.02284706e-06	1.350113e-09
2.02486695e-06	1.040263e-09
2.02688885e-06	1.393197e-09
2.02891278e-06	1.148869e-09
2.03093872e-06	1.083548e-09
2.03296669e-06	1.217460e-09
2.03499668e-06	1.258555e-09
2.03702870e-06	1.502293e-09
2.03906275e-06	1.266194e-09
2.04109883e-06	1.462277e-09
2.04313694e-06	1.426387e-09
2.04517709e-06	1.811129e-09
2.04721927e-06	1.405656e-09
2.04926350e-06	1.760640e-09
2.05130976e-06	1.741991e-09
2.05335807e-06	9.942171e-10
2.05540843e-06	1.913058e-09
2.05746083e-06	1.606571e-09
2.05951528e-06	1.766545e-09
2.06157178e-06	1.061966e-09
2.06363034e-06	1.614446e-09
2.06569095e-06	1.756657e-09
2.06775362e-06	1.026449e-09
2.06981835e-06	2.006756e-09
2.07188514e-06	1.684619e-09
2.07395399e-06	1.640780e-09
2.07602491e-06	1.539015e-09
2.07809790e-06	1.760286e-09
2.08017296e-06	1.780288e-09
2.08225009e-06	1.996739e-09
2.08432929e-06	1.372821e-09
2.08641057e-06	1.172970e-09
2.08849393e-06	1.358951e-09
2.09057937e-06	1.496277e-09
2.09266689e-06	1.998498e-09
2.09475649e-06	1.443366e-09
2.09684818e-06	1.490115e-09
2.09894197e-06	1.760662e-09
2.10103784e-06	1.606766e-09
2.10313580e-06	1.834104e-09
2.10523586e-06	1.807730e-09
2.10733802e-06	1.477231e-09
2.10944227e-06	2.012347e-09
2.11154863e-06	1.382506e-09
2.11365709e-06	1.711901e-09
2.11576765e-06	1.958964e-09
2.11788032e-06	1.896028e-09
2.11999511e-06	1.520984e-09
2.12211200e-06	1.997008e-09
2.12423101e-06	2.078445e-09
2.12635213e-06	1.885431e-09
2.12847537e-06	1.311258e-09
2.13060073e-06	1.729078e-09
2.13272822e-06	1.902908e-09
2.13485783e-06	1.845077e-09
2.13698956e-06	1.534752e-09
2.13912342e-06	2.064093e-09
2.14125942e-06	1.677636e-09
2.14339754e-06	1.285849e-09
2.14553781e-06	2.099885e-09
2.14768021e-06	2.178256e-09
2.14982474e-06	1.547914e-09
2.15197142e-06	1.991848e-09
2.15412025e-06	1.920638e-09
2.15627122e-06	2.145661e-09
2.15842433e-06	2.237204e-09
2.16057960e-06	1.661968e-09
2.16273702e-06	2.158850e-09
2.16489659e-06	1.989096e-09
2.16705832e-06	2.128547e-09
2.16922221e-06	2.055048e-09
2.17138826e-06	1.576131e-09
2.17355647e-06	2.146888e-09
2.17572684e-06	1.611081e-09
2.17789939e-06	2.142854e-09
2.18007410e-06	1.985895e-09
2.18225099e-06	1.946645e-09
2.18443005e-06	1.645025e-09
2.18661128e-06	1.593191e-09
2.18879469e-06	2.156883e-09
2.19098028e-06	1.889400e-09
2.19316806e-06	2.166577e-09
2.19535802e-06	2.042218e-09
2.19755017e-06	2.037118e-09
2.19974450e-06	2.120605e-09
2.20194103e-06	2.044732e-09
2.20413975e-06	1.978441e-09
2.20634066e-06	2.040794e-09
2.20854377e-06	1.437033e-09
2.21074909e-06	1.576185e-09
2.21295660e-06	2.113343e-09
2.21516632e-06	2.067615e-09
2.21737825e-06	2.015474e-09
2.21959238e-06	1.049791e-09
2.22180873e-06	1.824047e-09
2.22402729e-06	2.137317e-09
2.22624806e-06	2.098600e-09
2.22847105e-06	2.104630e-09
2.23069626e-06	2.215908e-09
2.23292369e-06	1.119278e-09
2.23515335e-06	2.078051e-09
2.23738523e-06	2.126723e-09
2.23961935e-06	2.269894e-09
2.24185569e-06	1.249138e-09
2.24409427e-06	2.202060e-09
2.24633508e-06	2.054137e-09
2.24857813e-06	2.168352e-09
2.25082341e-06	2.000025e-09
2.25307094e-06	2.152594e-09
2.25532072e-06	2.072207e-09
2.25757274e-06	2.156967e-09
2.25982701e-06	2.137350e-09
2.26208353e-06	2.221106e-09
2.26434231e-06	1.820557e-09
2.26660334e-06	2.021513e-09
2.26886662e-06	2.105295e-09
2.27113217e-06	2.143102e-09
2.27339998e-06	2.003265e-09
2.27567005e-06	2.106318e-09
2.27794240e-06	2.081170e-09
2.28021700e-06	1.741328e-09
2.28249389e-06	1.700937e-09
2.28477304e-06	2.185080e-09
2.28705447e-06	2.010711e-09
2.28933818e-06	2.191184e-09
2.29162417e-06	1.808262e-09
2.29391244e-06	1.019900e-09
2.29620300e-06	1.921200e-09
2.29849584e-06	1.505385e-09
2.30079097e-06	1.950387e-09
2.30308840e-06	1.515272e-09
2.30538812e-06	1.972881e-09
2.30769013e-06	1.785962e-09
2.30999445e-06	1.594883e-09
2.31230106e-06	1.935605e-09
2.31460998e-06	2.016384e-09
2.31692121e-06	2.046977e-09
2.31923474e-06	2.104696e-09
2.32155058e-06	2.096207e-09
2.32386873e-06	2.010583e-09
2.32618920e-06	1.966232e-09
2.32851199e-06	1.351187e-09
2.33083709e-06	2.014653e-09
2.33316452e-06	1.758175e-09
2.33549427e-06	1.856207e-09
2.33782635e-06	1.926489e-09
2.34016076e-06	1.971983e-09
2.34249749e-06	1.847576e-09
2.34483656e-06	1.144280e-09
2.34717797e-06	2.103437e-09
2.34952171e-06	1.580852e-09
2.35186780e-06	2.115855e-09
2.35421623e-06	2.027495e-09
2.35656700e-06	2.040569e-09
2.35892012e-06	1.806544e-09
2.36127559e-06	1.949246e-09
2.36363341e-06	2.072398e-09
2.36599358e-06	2.027209e-09
2.36835612e-06	2.115943e-09
2.37072101e-06	1.821604e-09
2.37308826e-06	1.164088e-09
2.37545788e-06	1.837156e-09
2.37782986e-06	2.183322e-09
2.38020421e-06	1.946036e-09
2.38258093e-06	1.618082e-09
2.38496003e-06	1.739730e-09
2.38734150e-06	1.687814e-09
2.38972535e-06	2.016350e-09
2.39211158e-06	1.552789e-09
2.39450019e-06	1.920352e-09
2.39689119e-06	1.857031e-09
2.39928457e-06	2.084888e-09
2.40168035e-06	1.405949e-09
2.40407851e-06	1.366089e-09
2.40647907e-06	2.150132e-09
2.40888203e-06	1.606156e-09
2.41128739e-06	1.959311e-09
2.41369515e-06	1.427823e-09
2.41610531e-06	1.031193e-09
2.41851788e-06	1.598905e-09
2.42093286e-06	1.980388e-09
2.42335026e-06	1.018308e-09
2.42577006e-06	1.292233e-09
2.42819228e-06	1.563193e-09
2.43061692e-06	1.534813e-09
2.43304398e-06	1.987238e-09
2.43547347e-06	1.724788e-09
2.43790538e-06	1.179226e-09
2.44033972e-06	1.848086e-09
2.44277649e-06	1.965875e-09
2.44521569e-06	1.749307e-09
2.44765733e-06	1.566365e-09
2.45010140e-06	1.388130e-09
2.45254792e-06	1.479569e-09
2.45499688e-06	1.601463e-09
2.45744829e-06	2.069514e-09
2.45990214e-06	1.294259e-09
2.46235844e-06	2.007850e-09
2.46481720e-06	1.947051e-09
2.46727841e-06	1.986838e-09
2.46974208e-06	1.371834e-09
2.47220821e-06	1.534180e-09
2.47467680e-06	1.587025e-09
2.47714786e-06	1.607688e-09
2.47962138e-06	1.362203e-09
2.48209737e-06	1.544021e-09
2.48457584e-06	1.252709e-09
2.48705678e-06	1.049975e-09
2.48954020e-06	1.011618e-09
2.49202610e-06	1.397800e-09
2.49451448e-06	1.506358e-09
2.49700534e-06	1.232366e-09
2.49949870e-06	1.462883e-09
2.50199454e-06	1.942596e-09
2.50449287e-06	1.306681e-09
2.50699370e-06	1.510875e-09
2.50949703e-06	1.665614e-09
2.51200285e-06	1.023761e-09
2.51451118e-06	1.388598e-09
2.51702201e-06	1.715639e-09
2.51953535e-06	1.102969e-09
2.52205120e-06	1.477604e-09
2.52456956e-06	1.215757e-09
2.52709044e-06	1.527489e-09
2.52961383e-06	1.439269e-09
2.53213975e-06	1.695766e-09
2.53466818e-06	1.053675e-09
2.53719914e-06	1.617001e-09
2.53973263e-06	1.071644e-09
2.54226865e-06	1.540013e-09
2.54480720e-06	1.736943e-09
2.54734828e-06	1.660493e-09
2.54989190e-06	1.491242e-09
2.55243806e-06	1.439100e-09
2.55498677e-06	1.422883e-09
2.55753802e-06	1.603867e-09
2.56009181e-06	1.048450e-09
2.56264816e-06	1.103247e-09
2.56520706e-06	1.503518e-09
2.56776851e-06	1.058548e-09
2.57033253e-06	1.890568e-09
2.57289910e-06	1.686933e-09
2.57546823e-06	1.411956e-09
2.57803993e-06	1.090287e-09
2.58061420e-06	1.669444e-09
2.58319104e-06	1.228131e-09
2.58577045e-06	1.480240e-09
2.58835244e-06	1.297504e-09
2.59093701e-06	1.806041e-09
2.59352415e-06	1.424748e-09
2.59611388e-06	1.149470e-09
2.59870620e-06	1.709149e-09
2.60130110e-06	1.220649e-09
2.60389860e-06	1.453994e-09
2.60649869e-06	1.134177e-09
2.60910137e-06	1.166523e-09
2.61170666e-06	1.797581e-09
2.61431454e-06	1.853570e-09
2.61692503e-06	1.344383e-09
2.61953813e-06	1.833244e-09
2.62215384e-06	1.488274e-09
2.62477215e-06	1.734326e-09
2.62739309e-06	1.330807e-09
2.63001663e-06	1.903754e-09
2.63264280e-06	1.173880e-09
2.63527160e-06	1.773298e-09
2.63790301e-06	1.881974e-09
2.64053706e-06	1.095979e-09
2.64317373e-06	1.105105e-09
2.64581304e-06	1.122222e-09
2.64845498e-06	1.222465e-09
2.65109956e-06	1.230429e-09
2.65374678e-06	1.898900e-09
2.65639665e-06	1.602142e-09
2.65904916e-06	1.704347e-09
2.66170431e-06	1.827631e-09
2.66436213e-06	1.696091e-09
2.66702259e-06	1.327188e-09
2.66968571e-06	1.150725e-09
2.67235149e-06	1.839011e-09
2.67501993e-06	1.573099e-09
2.67769104e-06	1.325399e-09
2.68036481e-06	1.380261e-09
2.68304126e-06	1.159634e-09
2.68572037e-06	1.106658e-09
2.68840216e-06	1.635100e-09
2.69108663e-06	1.109674e-09
2.69377378e-06	1.115864e-09
2.69646362e-06	1.237888e-09
2.69915613e-06	1.896954e-09
2.70185134e-06	1.172260e-09
2.70454924e-06	1.138890e-09
2.70724983e-06	1.267549e-09
2.70995312e-06	1.269981e-09
2.71265911e-06	1.714595e-09
2.71536780e-06	1.140194e-09
2.71807920e-06	1.532253e-09
2.72079330e-06	1.365598e-09
2.72351011e-06	1.434980e-09
2.72622964e-06	1.343758e-09
2.72895188e-06	1.128957e-09
2.73167684e-06	1.161413e-09
2.73440452e-06	1.494493e-09
2.73713492e-06	1.652583e-09
2.73986805e-06	1.314503e-09
2.74260391e-06	1.882360e-09
2.74534251e-06	1.276183e-09
2.74808383e-06	1.166913e-09
2.75082790e-06	1.511944e-09
2.75357470e-06	1.876948e-09
2.75632425e-06	1.786760e-09
2.75907654e-06	2.074025e-09
2.76183158e-06	1.898807e-09
2.76458937e-06	1.289545e-09
2.76734991e-06	1.476247e-09
2.77011322e-06	1.165214e-09
2.77287928e-06	1.400760e-09
2.77564810e-06	1.769497e-09
2.77841969e-06	1.288125e-09
2.78119404e-06	1.243035e-09
2.78397117e-06	1.586576e-09
2.78675106e-06	1.317266e-09
2.78953374e-06	1.157232e-09
2.79231919e-06	1.192449e-09
2.79510743e-06	1.410859e-09
2.79789844e-06	1.190119e-09
2.80069225e-06	1.154317e-09
2.80348884e-06	1.220661e-09
2.80628823e-06	1.643506e-09
2.80909041e-06	1.206727e-09
2.81189540e-06	1.630454e-09
2.81470318e-06	1.156911e-09
2.81751376e-06	1.200533e-09
2.82032715e-06	1.374908e-09
2.82314336e-06	1.168179e-09
2.82596237e-06	1.255592e-09
2.82878420e-06	1.319707e-09
2.83160884e-06	1.349355e-09
2.83443631e-06	1.414839e-09
2.83726660e-06	1.165392e-09
2.84009972e-06	1.306447e-09
2.84293566e-06	1.318041e-09
2.84577444e-06	1.493259e-09
2.84861605e-06	1.183852e-09
2.85146050e-06	1.216296e-09
2.85430779e-06	1.559360e-09
2.85715792e-06	1.337502e-09
2.86001090e-06	1.675085e-09
2.86286672e-06	1.761687e-09
2.86572540e-06	1.174121e-09
2.86858693e-06	1.230318e-09
2.87145132e-06	1.266684e-09
2.87431857e-06	1.949368e-09
2.87718869e-06	1.236594e-09
2.88006167e-06	1.737460e-09
2.88293752e-06	1.244108e-09
2.88581624e-06	1.450171e-09
2.88869783e-06	1.240491e-09
2.89158230e-06	1.383962e-09
2.89446965e-06	1.436478e-09
2.89735989e-06	1.626630e-09
2.90025301e-06	1.304817e-09
2.90314902e-06	1.988553e-09
2.90604792e-06	1.572811e-09
2.90894972e-06	1.208429e-09
2.91185441e-06	1.269634e-09
2.91476201e-06	1.474907e-09
2.91767251e-06	1.568921e-09
2.92058591e-06	1.200065e-09
2.92350222e-06	1.421315e-09
2.92642145e-06	1.286308e-09
2.92934359e-06	1.645452e-09
2.93226865e-06	1.593190e-09
2.93519663e-06	1.591877e-09
2.93812753e-06	1.276281e-09
2.94106136e-06	1.790752e-09
2.94399812e-06	1.617523e-09
2.94693781e-06	1.511162e-09
2.94988043e-06	1.897491e-09
2.95282600e-06	2.116312e-09
2.95577451e-06	1.399405e-09
2.95872596e-06	1.539004e-09
2.96168035e-06	1.661320e-09
2.96463770e-06	1.785640e-09
2.96759800e-06	1.783355e-09
2.97056126e-06	1.298830e-09
2.97352747e-06	1.409372e-09
2.97649665e-06	1.678510e-09
2.97946879e-06	1.361985e-09
2.98244390e-06	1.250177e-09
2.98542198e-06	1.404849e-09
2.98840304e-06	1.714694e-09
2.99138707e-06	1.329871e-09
2.99437408e-06	1.452337e-09
2.99736407e-06	1.958996e-09
3.00035705e-06	1.606135e-09
3.00335302e-06	1.283363e-09
3.00635198e-06	1.576456e-09
3.00935393e-06	1.714699e-09
3.01235888e-06	1.699313e-09
3.01536684e-06	1.950524e-09
3.01837779e-06	1.439509e-09
3.02139175e-06	1.656739e-09
3.02440873e-06	1.466786e-09
3.02742871e-06	1.889592e-09
3.03045171e-06	1.546676e-09
3.03347773e-06	1.381905e-09
3.03650677e-06	1.649436e-09
3.03953883e-06	1.536981e-09
3.04257392e-06	1.321157e-09
3.04561205e-06	2.003796e-09
3.04865320e-06	1.574589e-09
3.05169740e-06	1.617155e-09
3.05474463e-06	1.654802e-09
3.05779491e-06	1.818826e-09
3.06084823e-06	1.526631e-09
3.06390460e-06	1.266821e-09
3.06696402e-06	1.514576e-09
3.07002650e-06	1.615144e-09
3.07309203e-06	1.292919e-09
3.07616063e-06	1.914647e-09
3.07923229e-06	1.686812e-09
3.08230702e-06	1.651044e-09
3.08538481e-06	1.496855e-09
3.08846569e-06	1.577862e-09
3.09154963e-06	1.456472e-09
3.09463666e-06	1.426534e-09
3.09772677e-06	1.486124e-09
3.10081996e-06	1.455330e-09
3.10391625e-06	1.760426e-09
3.10701562e-06	1.309491e-09
3.11011809e-06	1.418808e-09
3.11322366e-06	1.641068e-09
3.11633233e-06	1.601478e-09
3.11944410e-06	1.780032e-09
3.12255898e-06	1.370576e-09
3.12567698e-06	1.673745e-09
3.12879808e-06	1.653400e-09
3.13192230e-06	1.727859e-09
3.13504964e-06	1.488419e-09
3.13818010e-06	1.393931e-09
3.14131369e-06	1.418541e-09
3.14445041e-06	1.768366e-09
3.14759026e-06	1.702814e-09
3.15073325e-06	1.366652e-09
3.15387937e-06	1.575264e-09
3.15702864e-06	1.609321e-09
3.16018105e-06	1.467612e-09
3.16333660e-06	1.312077e-09
3.16649531e-06	1.753966e-09
3.16965718e-06	1.909503e-09
3.17282220e-06	1.589999e-09
3.17599038e-06	1.490394e-09
3.17916172e-06	1.409848e-09
3.18233623e-06	2.068060e-09
3.18551391e-06	1.633660e-09
3.18869477e-06	1.415463e-09
3.19187880e-06	1.745109e-09
3.19506601e-06	1.662042e-09
3.19825640e-06	1.587304e-09
3.20144997e-06	1.342512e-09
3.20464674e-06	1.352563e-09
3.20784670e-06	1.814422e-09
3.21104985e-06	1.437103e-09
3.21425621e-06	1.698484e-09
3.21746576e-06	1.682645e-09
3.22067852e-06	1.555759e-09
3.22389449e-06	1.329498e-09
3.22711366e-06	1.703774e-09
3.23033606e-06	1.929802e-09
3.23356167e-06	1.577499e-09
3.23679050e-06	1.475605e-09
3.24002255e-06	2.063015e-09
3.24325783e-06	1.350922e-09
3.24649635e-06	1.778210e-09
3.24973809e-06	1.821624e-09
3.25298308e-06	1.659140e-09
3.25623130e-06	1.992022e-09
3.25948277e-06	1.358870e-09
3.26273748e-06	2.102302e-09
3.26599545e-06	1.963190e-09
3.26925667e-06	1.472007e-09
3.27252114e-06	2.219238e-09
3.27578887e-06	1.486502e-09
3.27905987e-06	1.986958e-09
3.28233413e-06	1.570147e-09
3.28561167e-06	1.580876e-09
3.28889247e-06	2.087962e-09
3.29217655e-06	1.629666e-09
3.29546391e-06	1.961088e-09
3.29875455e-06	1.621431e-09
3.30204848e-06	2.231533e-09
3.30534570e-06	1.536588e-09
3.30864621e-06	1.567072e-09
3.31195002e-06	1.281267e-09
3.31525712e-06	1.695884e-09
3.31856753e-06	1.769921e-09
3.32188124e-06	1.828806e-09
3.32519826e-06	1.977232e-09
3.32851860e-06	1.540401e-09
3.33184225e-06	1.503441e-09
3.33516921e-06	2.041657e-09
3.33849950e-06	1.621380e-09
3.34183312e-06	1.626887e-09
3.34517006e-06	1.638939e-09
3.34851034e-06	1.798456e-09
3.35185395e-06	2.078507e-09
3.35520090e-06	1.818721e-09
3.35855119e-06	1.675518e-09
3.36190483e-06	1.728448e-09
3.36526182e-06	1.741757e-09
3.36862216e-06	2.010449e-09
3.37198585e-06	2.100822e-09
3.37535290e-06	2.236080e-09
3.37872332e-06	1.902798e-09
3.38209710e-06	1.867112e-09
3.38547425e-06	1.681769e-09
3.38885477e-06	2.077228e-09
3.39223867e-06	1.546437e-09
3.39562594e-06	1.899320e-09
3.39901660e-06	1.906212e-09
3.40241065e-06	1.961773e-09
3.40580808e-06	2.008333e-09
3.40920890e-06	1.613272e-09
3.41261313e-06	1.516955e-09
3.41602075e-06	1.843733e-09
3.41943177e-06	2.016480e-09
3.42284620e-06	1.909505e-09
3.42626404e-06	1.583226e-09
3.42968529e-06	1.606672e-09
3.43310996e-06	1.771361e-09
3.43653804e-06	1.415253e-09
3.43996956e-06	1.959516e-09
3.44340449e-06	1.887020e-09
3.44684286e-06	1.578201e-09
3.45028466e-06	2.001249e-09
3.45372990e-06	1.890623e-09
3.45717857e-06	1.779926e-09
3.46063070e-06	2.185283e-09
3.46408626e-06	1.874110e-09
3.46754528e-06	1.535998e-09
3.47100775e-06	1.353652e-09
3.47447368e-06	1.902370e-09
3.47794307e-06	1.498013e-09
3.48141593e-06	1.575854e-09
3.48489225e-06	1.434274e-09
3.48837205e-06	1.961215e-09
3.49185532e-06	1.833585e-09
3.49534206e-06	1.947383e-09
3.49883229e-06	2.103502e-09
3.50232600e-06	2.186612e-09
3.50582321e-06	2.238935e-09
3.50932390e-06	2.048276e-09
3.51282809e-06	2.032163e-09
3.51633578e-06	1.511817e-09
3.51984697e-06	1.992423e-09
3.52336167e-06	2.199461e-09
3.52687988e-06	1.348306e-09
3.53040160e-06	2.265927e-09
3.53392683e-06	2.145025e-09
3.53745559e-06	2.041185e-09
3.54098787e-06	1.918111e-09
3.54452368e-06	1.829759e-09
3.54806302e-06	2.323904e-09
3.55160589e-06	2.022323e-09
3.55515230e-06	1.972074e-09
3.55870225e-06	2.009796e-09
3.56225575e-06	2.138992e-09
3.56581279e-06	1.981109e-09
3.56937339e-06	2.014746e-09
3.57293754e-06	2.025303e-09
3.57650525e-06	1.988273e-09
3.58007652e-06	2.190561e-09
3.58365136e-06	2.243250e-09
3.58722977e-06	2.202526e-09
3.59081175e-06	2.176996e-09
3.59439731e-06	2.317501e-09
3.59798645e-06	1.472339e-09
3.60157917e-06	1.485724e-09
3.60517548e-06	2.128149e-09
3.60877538e-06	1.831951e-09
3.61237888e-06	1.674891e-09
3.61598597e-06	1.837391e-09
3.61959667e-06	2.219286e-09
3.62321097e-06	2.215216e-09
3.62682888e-06	1.734227e-09
3.63045040e-06	1.905499e-09
3.63407554e-06	1.820862e-09
3.63770430e-06	1.572784e-09
3.64133669e-06	2.305831e-09
3.64497270e-06	2.380151e-09
3.64861234e-06	2.058050e-09
3.65225561e-06	1.611936e-09
3.65590252e-06	2.491254e-09
3.65955308e-06	2.261439e-09
3.66320728e-06	2.107087e-09
3.66686512e-06	2.297701e-09
3.67052662e-06	2.290024e-09
3.67419178e-06	1.651728e-09
3.67786060e-06	2.069604e-09
3.68153308e-06	2.121080e-09
3.68520923e-06	2.549196e-09
3.68888904e-06	1.860836e-09
3.69257254e-06	2.359990e-09
3.69625971e-06	1.555449e-09
3.69995056e-06	1.906604e-09
3.70364510e-06	2.279627e-09
3.70734332e-06	1.902696e-09
3.71104524e-06	1.876843e-09
3.71475086e-06	2.263202e-09
3.71846018e-06	2.195003e-09
3.72217320e-06	1.970269e-09
3.72588992e-06	2.233244e-09
3.72961036e-06	2.297237e-09
3.73333452e-06	2.255098e-09
3.73706239e-06	2.244949e-09
3.74079399e-06	2.465206e-09
3.74452931e-06	2.198925e-09
3.74826836e-06	1.590263e-09
3.75201114e-06	2.324840e-09
3.75575766e-06	2.253763e-09
3.75950793e-06	2.433374e-09
3.76326194e-06	2.542170e-09
3.76701969e-06	2.474813e-09
3.77078120e-06	2.055957e-09
3.77454647e-06	2.176792e-09
3.77831549e-06	2.040813e-09
3.78208828e-06	1.873761e-09
3.78586483e-06	2.037715e-09
3.78964516e-06	2.631441e-09
3.79342926e-06	1.603124e-09
3.79721714e-06	2.636874e-09
3.80100880e-06	2.527343e-09
3.80480425e-06	2.413099e-09
3.80860349e-06	2.484379e-09
3.81240652e-06	2.590812e-09
3.81621335e-06	2.252550e-09
3.82002398e-06	2.609820e-09
3.82383842e-06	2.467149e-09
3.82765666e-06	2.551847e-09
3.83147872e-06	2.101582e-09
3.83530459e-06	2.625971e-09
3.83913428e-06	2.426548e-09
3.84296780e-06	2.607879e-09
3.84680515e-06	1.839079e-09
3.85064633e-06	2.200755e-09
3.85449134e-06	2.588857e-09
3.85834019e-06	2.446353e-09
3.86219289e-06	2.156916e-09
3.86604943e-06	2.058916e-09
3.86990982e-06	2.557706e-09
3.87377407e-06	2.322237e-09
3.87764218e-06	2.471955e-09
3.88151415e-06	2.593127e-09
3.88538998e-06	2.343586e-09
3.88926969e-06	2.445618e-09
3.89315327e-06	2.598451e-09
3.89704073e-06	2.132116e-09
3.90093207e-06	2.603778e-09
3.90482729e-06	2.578790e-09
3.90872641e-06	2.539000e-09
3.91262941e-06	2.478632e-09
3.91653632e-06	2.391148e-09
3.92044713e-06	2.012801e-09
3.92436184e-06	2.011480e-09
3.92828046e-06	2.577033e-09
3.93220299e-06	1.728066e-09
3.93612944e-06	2.362189e-09
3.94005981e-06	2.141414e-09
3.94399411e-06	2.567878e-09
3.94793233e-06	2.195473e-09
3.95187449e-06	2.118929e-09
3.95582058e-06	2.694296e-09
3.95977062e-06	2.357367e-09
3.96372460e-06	1.785281e-09
3.96768252e-06	2.285469e-09
3.97164440e-06	2.277717e-09
3.97561023e-06	1.893226e-09
3.97958003e-06	2.406143e-09
3.98355379e-06	2.317877e-09
3.98753151e-06	2.362110e-09
3.99151321e-06	1.873586e-09
3.99549888e-06	2.490365e-09
3.99948854e-06	1.689906e-09
4.00348217e-06	2.613724e-09
