2.99769222e-07	6.979022e-16
3.00068553e-07	1.227442e-15
3.00368182e-07	1.258012e-15
3.00668111e-07	1.289294e-15
3.00968339e-07	1.321303e-15
3.01268867e-07	1.354056e-15
3.01569695e-07	1.387567e-15
3.01870824e-07	1.421854e-15
3.02172253e-07	1.456932e-15
3.02473983e-07	1.492819e-15
3.02776015e-07	1.529532e-15
3.03078348e-07	1.567089e-15
3.03380983e-07	1.605507e-15
3.03683920e-07	1.644805e-15
3.03987160e-07	1.685002e-15
3.04290702e-07	1.726116e-15
3.04594547e-07	1.768167e-15
3.04898696e-07	1.811175e-15
3.05203149e-07	1.855159e-15
3.05507906e-07	1.900141e-15
3.05812967e-07	1.946141e-15
3.06118332e-07	1.993180e-15
3.06424003e-07	2.041281e-15
3.06729978e-07	2.090465e-15
3.07036260e-07	2.140755e-15
3.07342847e-07	2.192174e-15
3.07649740e-07	2.244745e-15
3.07956940e-07	2.298492e-15
3.08264446e-07	2.353440e-15
3.08572260e-07	2.409613e-15
3.08880380e-07	2.467036e-15
3.09188809e-07	2.525736e-15
3.09497545e-07	2.585738e-15
3.09806590e-07	2.647069e-15
3.10115944e-07	2.709756e-15
3.10425606e-07	2.773828e-15
3.10735577e-07	2.839311e-15
3.11045858e-07	2.906235e-15
3.11356449e-07	2.974629e-15
3.11667350e-07	3.044523e-15
3.11978561e-07	3.115947e-15
3.12290084e-07	3.188933e-15
3.12601917e-07	3.263511e-15
3.12914061e-07	3.339714e-15
3.13226518e-07	3.417574e-15
3.13539286e-07	3.497124e-15
3.13852367e-07	3.578399e-15
3.14165760e-07	3.661433e-15
3.14479466e-07	3.746261e-15
3.14793485e-07	3.832918e-15
3.15107818e-07	3.921441e-15
3.15422465e-07	4.011867e-15
3.15737426e-07	4.104234e-15
3.16052702e-07	4.198581e-15
3.16368292e-07	4.294945e-15
3.16684197e-07	4.393367e-15
3.17000418e-07	4.493887e-15
3.17316955e-07	4.596547e-15
3.17633808e-07	4.701389e-15
3.17950977e-07	4.808455e-15
3.18268463e-07	4.917788e-15
3.18586266e-07	5.029433e-15
3.18904386e-07	5.143435e-15
3.19222824e-07	5.259840e-15
3.19541579e-07	5.378693e-15
3.19860654e-07	5.500043e-15
3.20180046e-07	5.623938e-15
3.20499758e-07	5.750427e-15
3.20819789e-07	5.879560e-15
3.21140139e-07	6.011387e-15
3.21460810e-07	6.145961e-15
3.21781800e-07	6.283334e-15
3.22103111e-07	6.423559e-15
3.22424743e-07	6.566691e-15
3.22746696e-07	6.712785e-15
3.23068971e-07	6.861899e-15
3.23391567e-07	7.014087e-15
3.23714485e-07	7.169410e-15
3.24037726e-07	7.327927e-15
3.24361290e-07	7.489698e-15
3.24685177e-07	7.654784e-15
3.25009387e-07	7.823247e-15
3.25333921e-07	7.995152e-15
3.25658779e-07	8.170562e-15
3.25983961e-07	8.349543e-15
3.26309468e-07	8.532163e-15
3.26635300e-07	8.718488e-15
3.26961458e-07	8.908589e-15
3.27287941e-07	9.102534e-15
3.27614750e-07	9.300395e-15
3.27941886e-07	9.502246e-15
3.28269348e-07	9.708160e-15
3.28597137e-07	9.918211e-15
3.28925253e-07	1.013248e-14
3.29253697e-07	1.035103e-14
3.29582469e-07	1.057396e-14
3.29911570e-07	1.080134e-14
3.30240998e-07	1.103325e-14
3.30570756e-07	1.126977e-14
3.30900844e-07	1.151100e-14
3.31231260e-07	1.175700e-14
3.31562007e-07	1.200788e-14
3.31893084e-07	1.226372e-14
3.32224491e-07	1.252461e-14
3.32556230e-07	1.279064e-14
3.32888300e-07	1.306191e-14
3.33220701e-07	1.333850e-14
3.33553434e-07	1.362052e-14
3.33886500e-07	1.390806e-14
3.34219898e-07	1.420122e-14
3.34553629e-07	1.450010e-14
3.34887693e-07	1.480480e-14
3.35222091e-07	1.511543e-14
3.35556822e-07	1.543209e-14
3.35891888e-07	1.575490e-14
3.36227289e-07	1.608395e-14
3.36563024e-07	1.641936e-14
3.36899095e-07	1.676124e-14
3.37235501e-07	1.710971e-14
3.37572243e-07	1.746489e-14
3.37909321e-07	1.782688e-14
3.38246736e-07	1.819581e-14
3.38584488e-07	1.857181e-14
3.38922578e-07	1.895499e-14
3.39261004e-07	1.934548e-14
3.39599769e-07	1.974341e-14
3.39938872e-07	2.014891e-14
3.40278313e-07	2.056210e-14
3.40618094e-07	2.098313e-14
3.40958214e-07	2.141213e-14
3.41298673e-07	2.184924e-14
3.41639473e-07	2.229459e-14
3.41980612e-07	2.274834e-14
3.42322093e-07	2.321061e-14
3.42663914e-07	2.368157e-14
3.43006076e-07	2.416135e-14
3.43348581e-07	2.465012e-14
3.43691427e-07	2.514801e-14
3.44034616e-07	2.565520e-14
3.44378147e-07	2.617183e-14
3.44722021e-07	2.669808e-14
3.45066239e-07	2.723409e-14
3.45410800e-07	2.778004e-14
3.45755706e-07	2.833610e-14
3.46100956e-07	2.890243e-14
3.46446550e-07	2.947921e-14
3.46792490e-07	3.006662e-14
3.47138775e-07	3.066483e-14
3.47485406e-07	3.127402e-14
3.47832383e-07	3.189439e-14
3.48179707e-07	3.252611e-14
3.48527377e-07	3.316937e-14
3.48875395e-07	3.382438e-14
3.49223760e-07	3.449131e-14
3.49572472e-07	3.517038e-14
3.49921534e-07	3.586178e-14
3.50270943e-07	3.656572e-14
3.50620702e-07	3.728240e-14
3.50970809e-07	3.801203e-14
3.51321267e-07	3.875484e-14
3.51672074e-07	3.951102e-14
3.52023232e-07	4.028081e-14
3.52374740e-07	4.106443e-14
3.52726599e-07	4.186210e-14
3.53078810e-07	4.267406e-14
3.53431372e-07	4.350053e-14
3.53784286e-07	4.434175e-14
3.54137553e-07	4.519797e-14
3.54491173e-07	4.606942e-14
3.54845145e-07	4.695635e-14
3.55199471e-07	4.785901e-14
3.55554151e-07	4.877763e-14
3.55909185e-07	4.971250e-14
3.56264573e-07	5.066398e-14
3.56620317e-07	5.163216e-14
3.56976415e-07	5.261738e-14
3.57332870e-07	5.361991e-14
3.57689680e-07	5.464002e-14
3.58046846e-07	5.567803e-14
3.58404369e-07	5.673418e-14
3.58762249e-07	5.780877e-14
3.59120487e-07	5.890211e-14
3.59479082e-07	6.001449e-14
3.59838035e-07	6.114618e-14
3.60197347e-07	6.229747e-14
3.60557017e-07	6.346828e-14
3.60917046e-07	6.466031e-14
3.61277436e-07	6.587260e-14
3.61638184e-07	6.710568e-14
3.61999294e-07	6.835999e-14
3.62360763e-07	6.963570e-14
3.62722594e-07	7.093362e-14
3.63084786e-07	7.225372e-14
3.63447339e-07	7.359629e-14
3.63810255e-07	7.496194e-14
3.64173533e-07	7.635079e-14
3.64537174e-07	7.776341e-14
3.64901178e-07	7.920000e-14
3.65265545e-07	8.066099e-14
3.65630276e-07	8.214676e-14
3.65995372e-07	8.365773e-14
3.66360832e-07	8.519422e-14
3.66726656e-07	8.675666e-14
3.67092847e-07	8.834539e-14
3.67459402e-07	8.996097e-14
3.67826324e-07	9.160345e-14
3.68193613e-07	9.327382e-14
3.68561267e-07	9.497207e-14
3.68929290e-07	9.669875e-14
3.69297679e-07	9.845399e-14
3.69666437e-07	1.002390e-13
3.70035562e-07	1.020532e-13
3.70405056e-07	1.038982e-13
3.70774920e-07	1.057734e-13
3.71145152e-07	1.076796e-13
3.71515754e-07	1.096176e-13
3.71886726e-07	1.115872e-13
3.72258069e-07	1.135899e-13
3.72629783e-07	1.156259e-13
3.73001867e-07	1.176947e-13
3.73374323e-07	1.197979e-13
3.73747152e-07	1.219354e-13
3.74120352e-07	1.241076e-13
3.74493925e-07	1.263155e-13
3.74867871e-07	1.285594e-13
3.75242191e-07	1.308409e-13
3.75616884e-07	1.331579e-13
3.75991951e-07	1.355143e-13
3.76367393e-07	1.379081e-13
3.76743210e-07	1.403399e-13
3.77119402e-07	1.428091e-13
3.77495970e-07	1.453245e-13
3.77872913e-07	1.478773e-13
3.78250233e-07	1.504704e-13
3.78627930e-07	1.531061e-13
3.79006004e-07	1.557838e-13
3.79384456e-07	1.585044e-13
3.79763285e-07	1.612676e-13
3.80142493e-07	1.640772e-13
3.80522079e-07	1.669299e-13
3.80902045e-07	1.698286e-13
3.81282390e-07	1.727742e-13
3.81663114e-07	1.757631e-13
3.82044219e-07	1.788019e-13
3.82425704e-07	1.818929e-13
3.82807570e-07	1.850293e-13
3.83189818e-07	1.882158e-13
3.83572447e-07	1.914499e-13
3.83955458e-07	1.947395e-13
3.84338852e-07	1.980770e-13
3.84722629e-07	2.014674e-13
3.85106789e-07	2.049149e-13
3.85491332e-07	2.084139e-13
3.85876259e-07	2.119676e-13
3.86261571e-07	2.155769e-13
3.86647268e-07	2.192403e-13
3.87033349e-07	2.229646e-13
3.87419816e-07	2.267447e-13
3.87806669e-07	2.305825e-13
3.88193909e-07	2.344831e-13
3.88581535e-07	2.384374e-13
3.88969548e-07	2.424602e-13
3.89357948e-07	2.465444e-13
3.89746737e-07	2.506860e-13
3.90135913e-07	2.548990e-13
3.90525478e-07	2.591695e-13
3.90915433e-07	2.635074e-13
3.91305776e-07	2.679145e-13
3.91696509e-07	2.723924e-13
3.92087633e-07	2.769328e-13
3.92479147e-07	2.815439e-13
3.92871052e-07	2.862245e-13
3.93263348e-07	2.909788e-13
3.93656036e-07	2.958034e-13
3.94049116e-07	3.006991e-13
3.94442589e-07	3.056665e-13
3.94836455e-07	3.107224e-13
3.95230713e-07	3.158324e-13
3.95625366e-07	3.210340e-13
3.96020412e-07	3.263164e-13
3.96415854e-07	3.316902e-13
3.96811689e-07	3.371274e-13
3.97207921e-07	3.426502e-13
3.97604547e-07	3.482545e-13
3.98001570e-07	3.539415e-13
3.98398990e-07	3.597055e-13
3.98796806e-07	3.655749e-13
3.99195019e-07	3.715101e-13
3.99593630e-07	3.775621e-13
3.99992639e-07	3.836806e-13
4.00392047e-07	3.898948e-13
4.00791853e-07	3.962118e-13
4.01192059e-07	4.026110e-13
4.01592664e-07	4.091113e-13
4.01993669e-07	4.157011e-13
4.02395074e-07	4.223846e-13
4.02796881e-07	4.291783e-13
4.03199088e-07	4.360675e-13
4.03601698e-07	4.430462e-13
4.04004709e-07	4.501472e-13
4.04408123e-07	4.573390e-13
4.04811939e-07	4.646211e-13
4.05216159e-07	4.720421e-13
4.05620782e-07	4.795658e-13
4.06025810e-07	4.871843e-13
4.06431241e-07	4.948832e-13
4.06837078e-07	5.027591e-13
4.07243320e-07	5.107121e-13
4.07649967e-07	5.188096e-13
4.08057021e-07	5.270001e-13
4.08464481e-07	5.353146e-13
4.08872348e-07	5.437266e-13
4.09280622e-07	5.522984e-13
4.09689304e-07	5.609688e-13
4.10098394e-07	5.697668e-13
4.10507892e-07	5.786413e-13
4.10917800e-07	5.877421e-13
4.11328116e-07	5.964497e-13
4.11738843e-07	6.062191e-13
4.12149979e-07	6.155108e-13
4.12561526e-07	6.252303e-13
4.12973484e-07	6.349801e-13
4.13385854e-07	6.448478e-13
4.13798635e-07	6.548256e-13
4.14211828e-07	6.649317e-13
4.14625434e-07	6.751608e-13
4.15039453e-07	6.856660e-13
4.15453885e-07	6.962126e-13
4.15868731e-07	7.069225e-13
4.16283991e-07	7.178561e-13
4.16699666e-07	7.288511e-13
4.17115756e-07	7.400510e-13
4.17532262e-07	7.513547e-13
4.17949183e-07	7.628698e-13
4.18366521e-07	7.745224e-13
4.18784276e-07	7.862670e-13
4.19202447e-07	7.982926e-13
4.19621036e-07	8.103039e-13
4.20040044e-07	8.227963e-13
4.20459469e-07	8.352711e-13
4.20879314e-07	8.478454e-13
4.21299577e-07	8.607787e-13
4.21720260e-07	8.734542e-13
4.22141364e-07	8.867336e-13
4.22562887e-07	9.003226e-13
4.22984832e-07	9.132927e-13
4.23407198e-07	9.274867e-13
4.23829986e-07	9.413422e-13
4.24253196e-07	9.555663e-13
4.24676828e-07	9.700416e-13
4.25100884e-07	9.845325e-13
4.25525363e-07	9.991841e-13
4.25950266e-07	1.014196e-12
4.26375593e-07	1.029280e-12
4.26801345e-07	1.044679e-12
4.27227522e-07	1.060095e-12
4.27654124e-07	1.075914e-12
4.28081153e-07	1.091824e-12
4.28508608e-07	1.108059e-12
4.28936489e-07	1.124242e-12
4.29364798e-07	1.140708e-12
4.29793535e-07	1.157891e-12
4.30222700e-07	1.174972e-12
4.30652293e-07	1.192194e-12
4.31082315e-07	1.209714e-12
4.31512767e-07	1.227611e-12
4.31943648e-07	1.245578e-12
4.32374960e-07	1.263816e-12
4.32806703e-07	1.282217e-12
4.33238876e-07	1.300741e-12
4.33671481e-07	1.319928e-12
4.34104518e-07	1.339211e-12
4.34537988e-07	1.358484e-12
4.34971890e-07	1.378295e-12
4.35406226e-07	1.398424e-12
4.35840995e-07	1.418349e-12
4.36276198e-07	1.439168e-12
4.36711836e-07	1.459714e-12
4.37147909e-07	1.480931e-12
4.37584417e-07	1.502596e-12
4.38021362e-07	1.524203e-12
4.38458742e-07	1.545980e-12
4.38896560e-07	1.568348e-12
4.39334814e-07	1.590524e-12
4.39773506e-07	1.613430e-12
4.40212636e-07	1.636804e-12
4.40652205e-07	1.660219e-12
4.41092212e-07	1.683779e-12
4.41532659e-07	1.707752e-12
4.41973546e-07	1.731978e-12
4.42414873e-07	1.756746e-12
4.42856641e-07	1.781149e-12
4.43298849e-07	1.806205e-12
4.43741500e-07	1.832518e-12
4.44184592e-07	1.858419e-12
4.44628127e-07	1.884806e-12
4.45072105e-07	1.911384e-12
4.45516526e-07	1.938202e-12
4.45961390e-07	1.956394e-12
4.46406699e-07	1.993346e-12
4.46852453e-07	2.021377e-12
4.47298652e-07	2.049556e-12
4.47745296e-07	2.078646e-12
4.48192386e-07	2.107729e-12
4.48639923e-07	2.134523e-12
4.49087906e-07	2.166618e-12
4.49536337e-07	2.197430e-12
4.49985216e-07	2.227856e-12
4.50434543e-07	2.258841e-12
4.50884319e-07	2.290033e-12
4.51334543e-07	2.321855e-12
4.51785218e-07	2.353850e-12
4.52236342e-07	2.386150e-12
4.52687917e-07	2.419699e-12
4.53139942e-07	2.453013e-12
4.53592419e-07	2.487089e-12
4.54045348e-07	2.521091e-12
4.54498729e-07	2.553802e-12
4.54952563e-07	2.591381e-12
4.55406850e-07	2.627102e-12
4.55861591e-07	2.662828e-12
4.56316785e-07	2.699649e-12
4.56772435e-07	2.736853e-12
4.57228539e-07	2.773987e-12
4.57685098e-07	2.811591e-12
4.58142114e-07	2.849814e-12
4.58599586e-07	2.888648e-12
4.59057514e-07	2.927516e-12
4.59515900e-07	2.968108e-12
4.59974744e-07	3.008414e-12
4.60434046e-07	3.048656e-12
4.60893806e-07	3.089593e-12
4.61354026e-07	3.132447e-12
4.61814705e-07	3.174644e-12
4.62275844e-07	3.217394e-12
4.62737444e-07	3.260386e-12
4.63199504e-07	3.304591e-12
4.63662026e-07	3.348853e-12
4.64125010e-07	3.393486e-12
4.64588456e-07	3.438134e-12
4.65052364e-07	3.484323e-12
4.65516737e-07	3.529660e-12
4.65981572e-07	3.579552e-12
4.66446872e-07	3.625815e-12
4.66912637e-07	3.671822e-12
4.67378866e-07	3.723889e-12
4.67845561e-07	3.771119e-12
4.68312722e-07	3.823928e-12
4.68780350e-07	3.867215e-12
4.69248445e-07	3.926004e-12
4.69717007e-07	3.975265e-12
4.70186036e-07	4.030942e-12
4.70655535e-07	4.082255e-12
4.71125502e-07	4.126540e-12
4.71595938e-07	4.192136e-12
4.72066844e-07	4.247288e-12
4.72538220e-07	4.302322e-12
4.73010067e-07	4.359157e-12
4.73482385e-07	4.416820e-12
4.73955175e-07	4.467201e-12
4.74428437e-07	4.532473e-12
4.74902171e-07	4.589352e-12
4.75376378e-07	4.648251e-12
4.75851059e-07	4.707507e-12
4.76326214e-07	4.773732e-12
4.76801844e-07	4.837834e-12
4.77277948e-07	4.895617e-12
4.77754528e-07	4.956767e-12
4.78231583e-07	5.025060e-12
4.78709115e-07	5.091452e-12
4.79187124e-07	5.156539e-12
4.79665610e-07	5.221435e-12
4.80144574e-07	5.276809e-12
4.80624016e-07	5.359445e-12
4.81103937e-07	5.425030e-12
4.81584337e-07	5.496426e-12
4.82065217e-07	5.564732e-12
4.82546577e-07	5.642754e-12
4.83028417e-07	5.705727e-12
4.83510739e-07	5.753359e-12
4.83993543e-07	5.844753e-12
4.84476828e-07	5.913927e-12
4.84960596e-07	6.000002e-12
4.85444847e-07	6.078272e-12
4.85929582e-07	6.163526e-12
4.86414801e-07	6.238598e-12
4.86900504e-07	6.318521e-12
4.87386692e-07	6.397555e-12
4.87873366e-07	6.437383e-12
4.88360525e-07	6.564431e-12
4.88848171e-07	6.642570e-12
4.89336304e-07	6.723746e-12
4.89824925e-07	6.760823e-12
4.90314033e-07	6.898560e-12
4.90803630e-07	6.977942e-12
4.91293716e-07	7.074697e-12
4.91784291e-07	7.164621e-12
4.92275355e-07	7.252440e-12
4.92766911e-07	7.338518e-12
4.93258957e-07	7.441476e-12
4.93751494e-07	7.531752e-12
4.94244523e-07	7.607552e-12
4.94738045e-07	7.714207e-12
4.95232059e-07	7.812273e-12
4.95726566e-07	7.912223e-12
4.96221568e-07	8.006588e-12
4.96717063e-07	8.103278e-12
4.97213054e-07	8.195420e-12
4.97709539e-07	8.302458e-12
4.98206521e-07	8.413706e-12
4.98703999e-07	8.512533e-12
4.99201973e-07	8.611616e-12
4.99700445e-07	8.721054e-12
5.00199414e-07	8.840272e-12
5.00698882e-07	8.954904e-12
5.01198848e-07	9.050652e-12
5.01699314e-07	9.163159e-12
5.02200279e-07	9.267377e-12
5.02701745e-07	9.398105e-12
5.03203711e-07	9.490657e-12
5.03706178e-07	9.614548e-12
5.04209148e-07	9.748466e-12
5.04712619e-07	9.853625e-12
5.05216594e-07	9.984847e-12
5.05721071e-07	1.008678e-11
5.06226052e-07	1.023012e-11
5.06731538e-07	1.032845e-11
5.07237528e-07	1.046320e-11
5.07744023e-07	1.060463e-11
5.08251025e-07	1.071249e-11
5.08758532e-07	1.082757e-11
5.09266546e-07	1.099271e-11
5.09775068e-07	1.112723e-11
5.10284097e-07	1.124497e-11
5.10793635e-07	1.129553e-11
5.11303681e-07	1.150217e-11
5.11814237e-07	1.163650e-11
5.12325302e-07	1.169379e-11
5.12836878e-07	1.190928e-11
5.13348965e-07	1.203633e-11
5.13861563e-07	1.221435e-11
5.14374672e-07	1.232928e-11
5.14888295e-07	1.253704e-11
5.15402430e-07	1.267945e-11
5.15917078e-07	1.283282e-11
5.16432240e-07	1.296991e-11
5.16947917e-07	1.311766e-11
5.17464109e-07	1.327797e-11
5.17980816e-07	1.344102e-11
5.18498039e-07	1.362535e-11
5.19015778e-07	1.377447e-11
5.19534035e-07	1.395680e-11
5.20052809e-07	1.412057e-11
5.20572101e-07	1.425698e-11
5.21091911e-07	1.444443e-11
5.21612241e-07	1.460838e-11
5.22133090e-07	1.480800e-11
5.22654459e-07	1.495898e-11
5.23176349e-07	1.512585e-11
5.23698760e-07	1.531920e-11
5.24221693e-07	1.540203e-11
5.24745148e-07	1.565437e-11
5.25269125e-07	1.586237e-11
5.25793626e-07	1.605779e-11
5.26318650e-07	1.624923e-11
5.26844199e-07	1.638579e-11
5.27370272e-07	1.660643e-11
5.27896871e-07	1.666330e-11
5.28423996e-07	1.702067e-11
5.28951647e-07	1.720402e-11
5.29479824e-07	1.737468e-11
5.30008530e-07	1.761730e-11
5.30537763e-07	1.781550e-11
5.31067524e-07	1.799446e-11
5.31597815e-07	1.822286e-11
5.32128635e-07	1.844252e-11
5.32659985e-07	1.860717e-11
5.33191866e-07	1.883552e-11
5.33724278e-07	1.906829e-11
5.34257221e-07	1.926920e-11
5.34790697e-07	1.950112e-11
5.35324705e-07	1.973857e-11
5.35859247e-07	1.993140e-11
5.36394322e-07	2.007426e-11
5.36929932e-07	2.043388e-11
5.37466076e-07	2.064679e-11
5.38002756e-07	2.091185e-11
5.38539972e-07	2.110716e-11
5.39077724e-07	2.124475e-11
5.39616013e-07	2.135907e-11
5.40154839e-07	2.169107e-11
5.40694204e-07	2.201234e-11
5.41234107e-07	2.232377e-11
5.41774550e-07	2.247578e-11
5.42315532e-07	2.259514e-11
5.42857054e-07	2.293740e-11
5.43399117e-07	2.299712e-11
5.43941721e-07	2.315799e-11
5.44484867e-07	2.383258e-11
5.45028555e-07	2.406202e-11
5.45572786e-07	2.441048e-11
5.46117561e-07	2.455537e-11
5.46662879e-07	2.468317e-11
5.47208743e-07	2.512201e-11
5.47755151e-07	2.547233e-11
5.48302105e-07	2.566217e-11
5.48849605e-07	2.606128e-11
5.49397651e-07	2.633528e-11
5.49946245e-07	2.669838e-11
5.50495387e-07	2.684147e-11
5.51045077e-07	2.730221e-11
5.51595316e-07	2.731048e-11
5.52146104e-07	2.792351e-11
5.52697443e-07	2.791248e-11
5.53249331e-07	2.845129e-11
5.53801771e-07	2.836017e-11
5.54354763e-07	2.901074e-11
5.54908307e-07	2.949502e-11
5.55462403e-07	2.969746e-11
5.56017053e-07	3.004131e-11
5.56572257e-07	3.008642e-11
5.57128015e-07	3.056313e-11
5.57684328e-07	3.085432e-11
5.58241196e-07	3.145511e-11
5.58798621e-07	3.183778e-11
5.59356602e-07	3.212482e-11
5.59915140e-07	3.247890e-11
5.60474236e-07	3.272229e-11
5.61033890e-07	3.314993e-11
5.61594104e-07	3.340340e-11
5.62154876e-07	3.398147e-11
5.62716209e-07	3.421625e-11
5.63278102e-07	3.465867e-11
5.63840556e-07	3.482950e-11
5.64403571e-07	3.536033e-11
5.64967149e-07	3.582035e-11
5.65531290e-07	3.606538e-11
5.66095994e-07	3.628554e-11
5.66661262e-07	3.689049e-11
5.67227094e-07	3.721475e-11
5.67793491e-07	3.735024e-11
5.68360454e-07	3.647206e-11
5.68927983e-07	3.811225e-11
5.69496079e-07	3.861701e-11
5.70064741e-07	3.900710e-11
5.70633972e-07	3.918974e-11
5.71203771e-07	3.948480e-11
5.71774140e-07	3.961546e-11
5.72345077e-07	4.032110e-11
5.72916585e-07	4.134148e-11
5.73488663e-07	4.186805e-11
5.74061313e-07	4.204827e-11
5.74634535e-07	4.228278e-11
5.75208328e-07	4.268467e-11
5.75782695e-07	4.347885e-11
5.76357636e-07	4.372139e-11
5.76933150e-07	4.442852e-11
5.77509239e-07	4.479109e-11
5.78085904e-07	4.450441e-11
5.78663144e-07	4.538316e-11
5.79240960e-07	4.537075e-11
5.79819354e-07	4.657897e-11
5.80398325e-07	4.627577e-11
5.80977874e-07	4.729900e-11
5.81558002e-07	4.676923e-11
5.82138709e-07	4.880216e-11
5.82719997e-07	4.885800e-11
5.83301864e-07	4.947390e-11
5.83884313e-07	4.888574e-11
5.84467343e-07	4.978116e-11
5.85050955e-07	5.056570e-11
5.85635150e-07	5.147394e-11
5.86219928e-07	5.104630e-11
5.86805291e-07	4.999194e-11
5.87391238e-07	5.276810e-11
5.87977770e-07	5.293893e-11
5.88564887e-07	5.347851e-11
5.89152591e-07	4.947912e-11
5.89740882e-07	5.330410e-11
5.90329760e-07	5.252748e-11
5.90919226e-07	5.536896e-11
5.91509281e-07	5.619259e-11
5.92099925e-07	5.431160e-11
5.92691158e-07	5.682963e-11
5.93282982e-07	5.711742e-11
5.93875397e-07	5.763162e-11
5.94468404e-07	5.812861e-11
5.95062003e-07	5.843898e-11
5.95656194e-07	6.016694e-11
5.96250979e-07	6.033022e-11
5.96846358e-07	5.809933e-11
5.97442331e-07	6.118179e-11
5.98038899e-07	6.128557e-11
5.98636063e-07	6.330086e-11
5.99233823e-07	6.239789e-11
5.99832181e-07	6.433167e-11
6.00431135e-07	5.922625e-11
6.01030688e-07	6.506648e-11
6.01630839e-07	6.512475e-11
6.02231590e-07	6.520613e-11
6.02832941e-07	6.749063e-11
6.03434892e-07	6.842378e-11
6.04037444e-07	6.706130e-11
6.04640598e-07	6.596119e-11
6.05244354e-07	6.894160e-11
6.05848713e-07	6.945590e-11
6.06453675e-07	7.017834e-11
6.07059241e-07	7.221178e-11
6.07665413e-07	7.264306e-11
6.08272189e-07	7.424198e-11
6.08879571e-07	7.551874e-11
6.09487560e-07	7.602265e-11
6.10096156e-07	7.701844e-11
6.10705360e-07	7.604077e-11
6.11315172e-07	7.854558e-11
6.11925592e-07	7.895268e-11
6.12536623e-07	7.860617e-11
6.13148263e-07	8.129077e-11
6.13760515e-07	8.103580e-11
6.14373377e-07	7.971164e-11
6.14986852e-07	8.285564e-11
6.15600939e-07	8.427948e-11
6.16215639e-07	8.397694e-11
6.16830953e-07	8.266217e-11
6.17446882e-07	8.621345e-11
6.18063426e-07	8.702316e-11
6.18680585e-07	8.871454e-11
6.19298360e-07	8.804762e-11
6.19916753e-07	8.814222e-11
6.20535763e-07	9.062432e-11
6.21155390e-07	8.987018e-11
6.21775637e-07	9.353257e-11
6.22396503e-07	9.319740e-11
6.23017989e-07	9.484057e-11
6.23640096e-07	9.350492e-11
6.24262823e-07	9.527393e-11
6.24886173e-07	9.646527e-11
6.25510145e-07	9.796713e-11
6.26134740e-07	9.569979e-11
6.26759959e-07	9.668131e-11
6.27385802e-07	9.869912e-11
6.28012270e-07	9.775419e-11
6.28639363e-07	9.927556e-11
6.29267083e-07	1.040911e-10
6.29895429e-07	1.031317e-10
6.30524403e-07	1.022024e-10
6.31154005e-07	1.032168e-10
6.31784236e-07	1.048530e-10
6.32415096e-07	1.032718e-10
6.33046586e-07	1.023857e-10
6.33678706e-07	1.101900e-10
6.34311458e-07	1.107863e-10
6.34944842e-07	1.105426e-10
6.35578858e-07	1.127152e-10
6.36213507e-07	1.144715e-10
6.36848789e-07	1.148907e-10
6.37484706e-07	1.119678e-10
6.38121259e-07	1.144750e-10
6.38758446e-07	1.144143e-10
6.39396270e-07	1.185614e-10
6.40034731e-07	1.193308e-10
6.40673830e-07	1.190981e-10
6.41313566e-07	1.197025e-10
6.41953941e-07	1.214061e-10
6.42594956e-07	1.235261e-10
6.43236611e-07	1.207748e-10
6.43878907e-07	1.223048e-10
6.44521844e-07	1.182999e-10
6.45165423e-07	1.253606e-10
6.45809644e-07	1.265114e-10
6.46454509e-07	1.257356e-10
6.47100018e-07	1.222194e-10
6.47746171e-07	1.226827e-10
6.48392970e-07	1.270880e-10
6.49040414e-07	1.335815e-10
6.49688505e-07	1.306218e-10
6.50337243e-07	1.355986e-10
6.50986629e-07	1.349765e-10
6.51636663e-07	1.261329e-10
6.52287347e-07	1.311766e-10
6.52938680e-07	1.310820e-10
6.53590663e-07	1.362768e-10
6.54243298e-07	1.375153e-10
6.54896584e-07	1.420085e-10
6.55550522e-07	1.406792e-10
6.56205114e-07	1.348281e-10
6.56860359e-07	1.383531e-10
6.57516258e-07	1.329902e-10
6.58172813e-07	1.445294e-10
6.58830023e-07	1.036103e-10
6.59487889e-07	1.344930e-10
6.60146412e-07	1.473411e-10
6.60805592e-07	1.546911e-10
6.61465431e-07	1.509327e-10
6.62125929e-07	1.550805e-10
6.62787086e-07	1.026596e-10
6.63448904e-07	1.313500e-10
6.64111382e-07	1.583555e-10
6.64774522e-07	1.457638e-10
6.65438324e-07	1.570240e-10
6.66102789e-07	1.600605e-10
6.66767917e-07	1.549263e-10
6.67433710e-07	1.534700e-10
6.68100167e-07	1.623933e-10
6.68767290e-07	1.655538e-10
6.69435079e-07	1.670916e-10
6.70103534e-07	1.702503e-10
6.70772657e-07	1.596972e-10
6.71442449e-07	1.742096e-10
6.72112909e-07	1.689090e-10
6.72784039e-07	1.773486e-10
6.73455838e-07	1.782179e-10
6.74128309e-07	1.641608e-10
6.74801451e-07	1.627714e-10
6.75475265e-07	1.756149e-10
6.76149752e-07	1.850207e-10
6.76824913e-07	1.676598e-10
6.77500748e-07	1.828580e-10
6.78177257e-07	1.856793e-10
6.78854443e-07	1.844004e-10
6.79532304e-07	1.833727e-10
6.80210842e-07	1.896051e-10
6.80890058e-07	1.912524e-10
6.81569952e-07	1.844031e-10
6.82250525e-07	1.883609e-10
6.82931777e-07	1.993455e-10
6.83613710e-07	1.971286e-10
6.84296323e-07	1.996040e-10
6.84979619e-07	2.037168e-10
6.85663596e-07	1.959563e-10
6.86348257e-07	2.050355e-10
6.87033601e-07	2.052448e-10
6.87719629e-07	1.506168e-10
6.88406343e-07	1.937123e-10
6.89093742e-07	2.050344e-10
6.89781828e-07	2.036608e-10
6.90470600e-07	2.012322e-10
6.91160061e-07	1.908511e-10
6.91850210e-07	1.872423e-10
6.92541048e-07	1.519369e-10
6.93232576e-07	1.871893e-10
6.93924794e-07	1.993010e-10
6.94617704e-07	1.949801e-10
6.95311305e-07	2.001593e-10
6.96005599e-07	2.040734e-10
6.96700587e-07	2.023132e-10
6.97396268e-07	2.047305e-10
6.98092644e-07	2.104394e-10
6.98789716e-07	2.172590e-10
6.99487483e-07	2.211842e-10
7.00185947e-07	2.047204e-10
7.00885109e-07	2.049947e-10
7.01584968e-07	2.233094e-10
7.02285527e-07	2.176866e-10
7.02986785e-07	2.050172e-10
7.03688744e-07	2.179843e-10
7.04391403e-07	2.148851e-10
7.05094764e-07	2.118872e-10
7.05798827e-07	2.373123e-10
7.06503593e-07	2.340121e-10
7.07209063e-07	2.009575e-10
7.07915238e-07	2.306951e-10
7.08622117e-07	2.262515e-10
7.09329703e-07	1.930557e-10
7.10037995e-07	2.279045e-10
7.10746994e-07	2.107011e-10
7.11456701e-07	2.371465e-10
7.12167117e-07	2.029276e-10
7.12878242e-07	2.257880e-10
7.13590078e-07	2.270152e-10
7.14302624e-07	2.059216e-10
7.15015881e-07	2.250429e-10
7.15729851e-07	2.046384e-10
7.16444534e-07	2.027016e-10
7.17159931e-07	2.192117e-10
7.17876041e-07	2.092773e-10
7.18592867e-07	2.131832e-10
7.19310409e-07	2.099166e-10
7.20028667e-07	2.147467e-10
7.20747642e-07	2.044186e-10
7.21467335e-07	1.822466e-10
7.22187747e-07	2.183056e-10
7.22908878e-07	2.202452e-10
7.23630730e-07	1.727587e-10
7.24353302e-07	2.002116e-10
7.25076595e-07	2.204392e-10
7.25800611e-07	2.091882e-10
7.26525350e-07	2.065530e-10
7.27250813e-07	2.227332e-10
7.27976999e-07	2.378853e-10
7.28703911e-07	2.252497e-10
7.29431549e-07	2.171811e-10
7.30159914e-07	2.052455e-10
7.30889005e-07	2.015162e-10
7.31618825e-07	2.432152e-10
7.32349374e-07	2.060700e-10
7.33080652e-07	2.351229e-10
7.33812660e-07	2.373209e-10
7.34545399e-07	2.438215e-10
7.35278870e-07	2.413585e-10
7.36013073e-07	2.350994e-10
7.36748009e-07	1.882011e-10
7.37483680e-07	2.414253e-10
7.38220084e-07	2.307722e-10
7.38957224e-07	2.499013e-10
7.39695101e-07	2.727251e-10
7.40433714e-07	2.318576e-10
7.41173064e-07	2.386498e-10
7.41913153e-07	1.942228e-10
7.42653981e-07	2.546347e-10
7.43395548e-07	2.674147e-10
7.44137856e-07	9.822486e-11
7.44880905e-07	2.633314e-10
7.45624697e-07	1.713547e-10
7.46369230e-07	2.467370e-10
7.47114508e-07	2.292146e-10
7.47860529e-07	2.756336e-10
7.48607296e-07	2.544503e-10
7.49354808e-07	2.802677e-10
7.50103066e-07	2.768105e-10
7.50852072e-07	2.303542e-10
7.51601826e-07	2.471886e-10
7.52352328e-07	2.609906e-10
7.53103580e-07	2.463547e-10
7.53855582e-07	2.682862e-10
7.54608334e-07	2.805051e-10
7.55361839e-07	2.817486e-10
7.56116095e-07	2.750795e-10
7.56871105e-07	2.665486e-10
7.57626869e-07	2.822877e-10
7.58383388e-07	2.907877e-10
7.59140662e-07	2.652684e-10
7.59898692e-07	2.872276e-10
7.60657479e-07	2.785049e-10
7.61417023e-07	3.057285e-10
7.62177326e-07	3.146594e-10
7.62938389e-07	3.237431e-10
7.63700211e-07	3.289476e-10
7.64462794e-07	3.242641e-10
7.65226138e-07	2.924278e-10
7.65990245e-07	3.254061e-10
7.66755115e-07	3.296727e-10
7.67520748e-07	3.136036e-10
7.68287146e-07	3.403871e-10
7.69054309e-07	3.243698e-10
7.69822238e-07	3.061193e-10
7.70590934e-07	2.963560e-10
7.71360398e-07	3.259039e-10
7.72130630e-07	3.077236e-10
7.72901631e-07	3.597802e-10
7.73673402e-07	3.353170e-10
7.74445944e-07	3.464962e-10
7.75219257e-07	3.497621e-10
7.75993342e-07	3.596431e-10
7.76768200e-07	3.536568e-10
7.77543832e-07	3.340260e-10
7.78320238e-07	3.589444e-10
7.79097420e-07	3.232114e-10
7.79875377e-07	3.647119e-10
7.80654112e-07	3.783256e-10
7.81433624e-07	3.704864e-10
7.82213914e-07	3.786217e-10
7.82994984e-07	3.841829e-10
7.83776833e-07	3.463162e-10
7.84559463e-07	3.630469e-10
7.85342875e-07	3.752227e-10
7.86127069e-07	3.858283e-10
7.86912046e-07	3.426042e-10
7.87697807e-07	3.898900e-10
7.88484352e-07	3.762890e-10
7.89271683e-07	3.756825e-10
7.90059800e-07	3.768908e-10
7.90848704e-07	4.021024e-10
7.91638396e-07	4.046538e-10
7.92428876e-07	4.100514e-10
7.93220146e-07	4.101068e-10
7.94012205e-07	4.107439e-10
7.94805056e-07	4.112529e-10
7.95598698e-07	4.187573e-10
7.96393133e-07	4.002156e-10
7.97188361e-07	4.356316e-10
7.97984383e-07	4.096172e-10
7.98781200e-07	4.208493e-10
7.99578813e-07	4.297601e-10
8.00377222e-07	4.084792e-10
8.01176428e-07	4.276291e-10
8.01976433e-07	4.320663e-10
8.02777236e-07	4.346757e-10
8.03578839e-07	3.688497e-10
8.04381242e-07	4.051093e-10
8.05184446e-07	4.301813e-10
8.05988453e-07	3.993132e-10
8.06793262e-07	3.127181e-10
8.07598875e-07	2.854137e-10
8.08405293e-07	3.901934e-10
8.09212515e-07	3.516527e-10
8.10020544e-07	3.642044e-10
8.10829379e-07	3.349630e-10
8.11639023e-07	3.330525e-10
8.12449474e-07	2.862827e-10
8.13260735e-07	3.124652e-10
8.14072806e-07	3.859686e-10
8.14885688e-07	2.690095e-10
8.15699382e-07	2.916681e-10
8.16513888e-07	4.038400e-10
8.17329207e-07	4.050681e-10
8.18145341e-07	4.106100e-10
8.18962289e-07	3.906641e-10
8.19780053e-07	3.771230e-10
8.20598634e-07	3.759924e-10
8.21418032e-07	4.176608e-10
8.22238248e-07	4.323493e-10
8.23059284e-07	7.871461e-11
8.23881139e-07	3.988510e-10
8.24703815e-07	3.460381e-10
8.25527312e-07	4.234933e-10
8.26351632e-07	3.884516e-10
8.27176774e-07	4.305969e-10
8.28002741e-07	4.862804e-10
8.28829533e-07	3.512034e-10
8.29657150e-07	3.197536e-10
8.30485593e-07	4.574928e-10
8.31314864e-07	4.013200e-10
8.32144962e-07	4.981336e-10
8.32975890e-07	4.917279e-10
8.33807647e-07	4.581153e-10
8.34640235e-07	3.266401e-10
8.35473654e-07	2.414198e-10
8.36307906e-07	3.907525e-10
8.37142990e-07	4.161706e-10
8.37978908e-07	4.451930e-10
8.38815661e-07	3.598625e-10
8.39653250e-07	4.613683e-10
8.40491675e-07	3.871404e-10
8.41330937e-07	4.181224e-10
8.42171037e-07	4.390123e-10
8.43011976e-07	4.302600e-10
8.43853755e-07	4.439836e-10
8.44696374e-07	4.934482e-10
8.45539834e-07	4.570818e-10
8.46384137e-07	2.889841e-10
8.47229283e-07	4.578048e-10
8.48075273e-07	4.521114e-10
8.48922108e-07	4.976202e-10
8.49769788e-07	4.976914e-10
8.50618314e-07	4.677696e-10
8.51467688e-07	4.850939e-10
8.52317910e-07	4.779606e-10
8.53168981e-07	5.121487e-10
8.54020902e-07	5.237406e-10
8.54873674e-07	4.661455e-10
8.55727297e-07	3.895612e-10
8.56581772e-07	4.361484e-10
8.57437101e-07	4.828194e-10
8.58293284e-07	4.818017e-10
8.59150321e-07	5.381313e-10
8.60008215e-07	4.551671e-10
8.60866965e-07	5.461277e-10
8.61726572e-07	5.376749e-10
8.62587038e-07	5.446299e-10
8.63448363e-07	5.416939e-10
8.64310548e-07	5.491813e-10
8.65173595e-07	5.496642e-10
8.66037502e-07	5.369340e-10
8.66902273e-07	6.003134e-10
8.67767907e-07	5.323267e-10
8.68634405e-07	6.330827e-10
8.69501769e-07	5.301842e-10
8.70369999e-07	5.396978e-10
8.71239096e-07	4.189666e-10
8.72109060e-07	6.198267e-10
8.72979893e-07	6.092960e-10
8.73851596e-07	6.478782e-10
8.74724169e-07	6.250500e-10
8.75597614e-07	5.757120e-10
8.76471930e-07	6.235992e-10
8.77347120e-07	6.825494e-10
8.78223184e-07	5.743361e-10
8.79100122e-07	6.585911e-10
8.79977936e-07	6.711798e-10
8.80856627e-07	6.193356e-10
8.81736195e-07	6.358865e-10
8.82616641e-07	6.654980e-10
8.83497966e-07	6.141476e-10
8.84380172e-07	6.442684e-10
8.85263258e-07	6.938193e-10
8.86147226e-07	6.265462e-10
8.87032077e-07	6.080185e-10
8.87917812e-07	6.650673e-10
8.88804430e-07	6.361994e-10
8.89691935e-07	6.572467e-10
8.90580325e-07	6.891673e-10
8.91469602e-07	5.516702e-10
8.92359768e-07	5.681260e-10
8.93250822e-07	5.801957e-10
8.94142766e-07	6.709286e-10
8.95035601e-07	6.088213e-10
8.95929327e-07	6.051629e-10
8.96823946e-07	5.686690e-10
8.97719458e-07	3.182898e-10
8.98615864e-07	6.489699e-10
8.99513165e-07	6.677110e-10
9.00411362e-07	6.965900e-10
9.01310456e-07	6.639555e-10
9.02210448e-07	6.747096e-10
9.03111339e-07	6.006571e-10
9.04013129e-07	5.907796e-10
9.04915820e-07	6.495527e-10
9.05819412e-07	6.065048e-10
9.06723906e-07	7.070200e-10
9.07629303e-07	5.751872e-10
9.08535605e-07	7.432705e-10
9.09442811e-07	5.725575e-10
9.10350924e-07	6.810875e-10
9.11259943e-07	7.392578e-10
9.12169869e-07	6.869960e-10
9.13080705e-07	4.507224e-10
9.13992450e-07	7.285777e-10
9.14905105e-07	7.485131e-10
9.15818672e-07	1.483580e-10
9.16733151e-07	5.122074e-10
9.17648543e-07	3.635707e-10
9.18564849e-07	6.600628e-10
9.19482070e-07	5.320565e-10
9.20400207e-07	5.205884e-10
9.21319260e-07	5.345779e-10
9.22239232e-07	5.352423e-10
9.23160122e-07	3.235002e-10
9.24081931e-07	4.096158e-10
9.25004661e-07	7.274769e-10
9.25928313e-07	1.257326e-10
9.26852887e-07	5.860134e-10
9.27778384e-07	3.882425e-10
9.28704805e-07	1.070618e-10
9.29632151e-07	3.542491e-10
9.30560423e-07	6.205718e-10
9.31489622e-07	6.539583e-10
9.32419749e-07	1.430552e-10
9.33350805e-07	1.619386e-10
9.34282790e-07	3.497291e-10
9.35215706e-07	4.864408e-10
9.36149554e-07	4.854531e-10
9.37084334e-07	5.994891e-10
9.38020047e-07	5.629993e-11
9.38956695e-07	2.188093e-10
9.39894278e-07	4.209006e-10
9.40832797e-07	6.590580e-10
9.41772253e-07	1.138853e-10
9.42712648e-07	3.314283e-10
9.43653981e-07	2.045173e-10
9.44596255e-07	2.601166e-10
9.45539469e-07	5.053674e-10
9.46483625e-07	5.653110e-10
9.47428724e-07	2.964725e-10
9.48374767e-07	4.598676e-10
9.49321755e-07	4.236939e-10
9.50269687e-07	4.604752e-10
9.51218567e-07	5.745642e-10
9.52168394e-07	4.059593e-10
9.53119169e-07	3.704289e-10
9.54070894e-07	6.563209e-10
9.55023569e-07	5.965305e-10
9.55977196e-07	3.611420e-10
9.56931774e-07	1.767934e-10
9.57887306e-07	5.885945e-10
9.58843792e-07	5.679808e-10
9.59801233e-07	3.693839e-10
9.60759630e-07	2.309942e-10
9.61718984e-07	5.172943e-10
9.62679296e-07	2.109808e-10
9.63640567e-07	1.561478e-10
9.64602798e-07	5.758545e-10
9.65565990e-07	4.673443e-10
9.66530143e-07	6.105114e-10
9.67495259e-07	4.780065e-10
9.68461339e-07	2.719383e-10
9.69428384e-07	3.466415e-10
9.70396394e-07	6.974460e-10
9.71365371e-07	6.398563e-10
9.72335315e-07	5.624559e-10
9.73306228e-07	4.427836e-10
9.74278110e-07	1.812279e-10
9.75250963e-07	2.792766e-10
9.76224787e-07	6.189593e-10
9.77199584e-07	5.082201e-10
9.78175354e-07	4.858580e-10
9.79152098e-07	4.559387e-10
9.80129818e-07	6.710350e-10
9.81108514e-07	5.592646e-10
9.82088187e-07	5.581538e-10
9.83068838e-07	5.603256e-10
9.84050469e-07	4.935513e-10
9.85033080e-07	4.179333e-10
9.86016672e-07	4.797671e-10
9.87001246e-07	6.069600e-10
9.87986804e-07	4.545277e-10
9.88973345e-07	5.782229e-10
9.89960871e-07	5.522495e-10
9.90949384e-07	5.907436e-10
9.91938884e-07	5.616489e-10
9.92929371e-07	5.967710e-10
9.93920848e-07	7.400272e-10
9.94913315e-07	6.192995e-10
9.95906773e-07	5.723796e-10
9.96901223e-07	5.594484e-10
9.97896665e-07	7.266587e-10
9.98893102e-07	7.463435e-10
9.99890534e-07	7.219508e-10
1.00088896e-06	4.696389e-10
1.00188839e-06	4.837354e-10
1.00288881e-06	6.595033e-10
1.00389023e-06	7.671881e-10
1.00489265e-06	6.549241e-10
1.00589607e-06	6.337525e-10
1.00690050e-06	7.847964e-10
1.00790593e-06	7.223370e-10
1.00891236e-06	8.035858e-10
1.00991979e-06	7.930467e-10
1.01092824e-06	5.719449e-10
1.01193769e-06	7.880762e-10
1.01294814e-06	6.923028e-10
1.01395961e-06	7.670687e-10
1.01497209e-06	8.077207e-10
1.01598557e-06	8.306671e-10
1.01700007e-06	7.707947e-10
1.01801558e-06	7.645412e-10
1.01903211e-06	8.738125e-10
1.02004965e-06	5.955439e-10
1.02106821e-06	8.569226e-10
1.02208778e-06	8.618316e-10
1.02310838e-06	7.390185e-10
1.02412999e-06	8.010253e-10
1.02515262e-06	8.516767e-10
1.02617627e-06	7.623474e-10
1.02720095e-06	8.685292e-10
1.02822665e-06	8.200265e-10
1.02925337e-06	8.196417e-10
1.03028112e-06	8.280424e-10
1.03130989e-06	9.026877e-10
1.03233969e-06	8.555877e-10
1.03337052e-06	9.021910e-10
1.03440238e-06	9.662044e-10
1.03543527e-06	9.285339e-10
1.03646919e-06	9.741572e-10
1.03750414e-06	8.544906e-10
1.03854013e-06	9.129581e-10
1.03957715e-06	9.607137e-10
1.04061521e-06	9.743923e-10
1.04165430e-06	8.945999e-10
1.04269443e-06	8.937375e-10
1.04373560e-06	9.409783e-10
1.04477781e-06	9.199954e-10
1.04582106e-06	9.878017e-10
1.04686535e-06	8.240587e-10
1.04791068e-06	8.779924e-10
1.04895706e-06	9.593550e-10
1.05000448e-06	9.310237e-10
1.05105295e-06	8.955605e-10
1.05210246e-06	8.876298e-10
1.05315303e-06	1.053968e-09
1.05420464e-06	1.050496e-09
1.05525730e-06	1.099297e-09
1.05631102e-06	1.037165e-09
1.05736578e-06	1.079146e-09
1.05842160e-06	1.098408e-09
1.05947847e-06	1.000995e-09
1.06053640e-06	9.618427e-10
1.06159539e-06	1.060476e-09
1.06265543e-06	1.082552e-09
1.06371653e-06	1.045946e-09
1.06477869e-06	1.134782e-09
1.06584191e-06	1.060653e-09
1.06690619e-06	1.049970e-09
1.06797154e-06	1.081916e-09
1.06903795e-06	9.714218e-10
1.07010542e-06	1.128626e-09
1.07117396e-06	1.016535e-09
1.07224357e-06	1.170798e-09
1.07331424e-06	1.138357e-09
1.07438599e-06	1.216517e-09
1.07545880e-06	1.174271e-09
1.07653269e-06	1.053732e-09
1.07760765e-06	1.090011e-09
1.07868368e-06	7.385408e-10
1.07976078e-06	1.082151e-09
1.08083896e-06	1.161908e-09
1.08191822e-06	1.148453e-09
1.08299856e-06	1.184340e-09
1.08407997e-06	1.185331e-09
1.08516247e-06	1.117461e-09
1.08624604e-06	1.003150e-09
1.08733070e-06	1.025637e-09
1.08841644e-06	1.088602e-09
1.08950326e-06	9.358253e-10
1.09059117e-06	1.058687e-09
1.09168017e-06	5.078217e-10
1.09277025e-06	5.242327e-10
1.09386142e-06	5.463107e-10
1.09495368e-06	5.547322e-10
1.09604703e-06	3.311946e-10
1.09714148e-06	6.155157e-10
1.09823701e-06	9.008596e-10
1.09933364e-06	8.936364e-10
1.10043137e-06	5.421133e-10
1.10153019e-06	6.222942e-10
1.10263011e-06	6.691479e-10
1.10373113e-06	1.068411e-09
1.10483324e-06	7.771970e-10
1.10593646e-06	5.333458e-10
1.10704078e-06	8.281743e-10
1.10814620e-06	7.519558e-10
1.10925273e-06	6.948181e-10
1.11036036e-06	2.066802e-10
1.11146909e-06	7.628503e-10
1.11257893e-06	8.066568e-10
1.11368989e-06	7.840420e-10
1.11480195e-06	2.561127e-10
1.11591512e-06	8.679294e-10
1.11702940e-06	4.280056e-10
1.11814480e-06	8.512423e-10
1.11926130e-06	3.072193e-10
1.12037893e-06	1.276116e-10
1.12149767e-06	8.869848e-10
1.12261752e-06	9.139140e-10
1.12373850e-06	8.291680e-10
1.12486059e-06	8.113214e-10
1.12598381e-06	8.122389e-10
1.12710815e-06	8.979966e-10
1.12823361e-06	3.004105e-10
1.12936019e-06	2.205026e-10
1.13048790e-06	7.883678e-10
1.13161673e-06	5.494763e-10
1.13274669e-06	9.884068e-10
1.13387778e-06	9.326215e-10
1.13501000e-06	6.350924e-10
1.13614335e-06	7.089322e-10
1.13727783e-06	7.573513e-10
1.13841345e-06	1.008553e-09
1.13955019e-06	9.902403e-10
1.14068808e-06	8.771832e-10
1.14182710e-06	5.994279e-10
1.14296725e-06	7.004187e-10
1.14410855e-06	2.831818e-10
1.14525098e-06	7.745503e-10
1.14639456e-06	4.457607e-10
1.14753928e-06	6.851503e-10
1.14868514e-06	4.834338e-10
1.14983214e-06	3.094113e-10
1.15098029e-06	5.609946e-10
1.15212959e-06	9.777050e-10
1.15328003e-06	3.506951e-10
1.15443162e-06	4.790252e-10
1.15558437e-06	5.860399e-10
1.15673826e-06	9.127438e-10
1.15789331e-06	6.134664e-10
1.15904951e-06	8.380848e-10
1.16020686e-06	7.331491e-10
1.16136537e-06	7.537538e-10
1.16252504e-06	1.526778e-10
1.16368586e-06	1.648784e-10
1.16484784e-06	5.798514e-10
1.16601099e-06	8.241242e-10
1.16717529e-06	6.154137e-10
1.16834076e-06	1.882807e-10
1.16950739e-06	2.252289e-10
1.17067519e-06	5.220377e-10
1.17184415e-06	9.391736e-10
1.17301428e-06	7.728896e-10
1.17418558e-06	7.176421e-10
1.17535805e-06	8.698156e-10
1.17653168e-06	6.213599e-10
1.17770650e-06	6.029409e-10
1.17888248e-06	4.892824e-10
1.18005964e-06	4.523064e-10
1.18123797e-06	7.337953e-10
1.18241748e-06	1.830705e-10
1.18359817e-06	5.547263e-10
1.18478003e-06	6.710161e-10
1.18596308e-06	2.998329e-10
1.18714731e-06	1.117415e-09
1.18833272e-06	9.067401e-10
1.18951931e-06	5.072438e-10
1.19070709e-06	5.827928e-10
1.19189606e-06	8.040660e-10
1.19308621e-06	1.066451e-09
1.19427755e-06	8.821123e-10
1.19547008e-06	1.093256e-09
1.19666380e-06	1.000037e-09
1.19785872e-06	9.855715e-10
1.19905482e-06	6.212240e-10
1.20025212e-06	1.131912e-09
1.20145062e-06	1.029166e-09
1.20265031e-06	9.728128e-10
1.20385120e-06	1.264537e-09
1.20505329e-06	8.924195e-10
1.20625658e-06	8.665718e-10
1.20746108e-06	1.099299e-09
1.20866677e-06	1.132336e-09
1.20987367e-06	5.525815e-10
1.21108177e-06	1.051725e-09
1.21229108e-06	8.548071e-10
1.21350160e-06	1.068267e-09
1.21471333e-06	1.170188e-09
1.21592626e-06	8.212859e-10
1.21714041e-06	1.088093e-09
1.21835577e-06	1.238267e-09
1.21957234e-06	1.385439e-09
1.22079013e-06	9.008019e-10
1.22200914e-06	1.220852e-09
1.22322936e-06	1.029586e-09
1.22445080e-06	1.273478e-09
1.22567346e-06	1.128297e-09
1.22689734e-06	1.089409e-09
1.22812244e-06	1.200878e-09
1.22934876e-06	1.048174e-09
1.23057631e-06	9.933996e-10
1.23180509e-06	9.054718e-10
1.23303509e-06	1.250873e-09
1.23426633e-06	1.090003e-09
1.23549879e-06	1.099371e-09
1.23673248e-06	9.982406e-10
1.23796740e-06	1.194170e-09
1.23920356e-06	1.309211e-09
1.24044095e-06	1.159666e-09
1.24167957e-06	1.367690e-09
1.24291944e-06	1.117769e-09
1.24416054e-06	1.207559e-09
1.24540288e-06	1.465836e-09
1.24664646e-06	1.465401e-09
1.24789128e-06	1.440541e-09
1.24913735e-06	1.481225e-09
1.25038466e-06	1.507888e-09
1.25163321e-06	1.414996e-09
1.25288301e-06	1.513283e-09
1.25413407e-06	1.528382e-09
1.25538636e-06	1.101417e-09
1.25663991e-06	1.445930e-09
1.25789472e-06	1.300527e-09
1.25915077e-06	1.593847e-09
1.26040808e-06	1.162543e-09
1.26166664e-06	1.461755e-09
1.26292646e-06	1.608458e-09
1.26418754e-06	1.531383e-09
1.26544988e-06	1.537884e-09
1.26671348e-06	1.636368e-09
1.26797834e-06	1.695048e-09
1.26924446e-06	1.534824e-09
1.27051185e-06	7.761465e-10
1.27178050e-06	1.674164e-09
1.27305042e-06	1.406890e-09
1.27432161e-06	1.829161e-09
1.27559407e-06	1.616132e-09
1.27686780e-06	1.479179e-09
1.27814280e-06	1.675145e-09
1.27941907e-06	1.421503e-09
1.28069662e-06	1.441748e-09
1.28197544e-06	1.386575e-09
1.28325554e-06	8.415617e-10
1.28453692e-06	1.458499e-09
1.28581958e-06	1.591260e-09
1.28710351e-06	1.743084e-09
1.28838874e-06	1.638976e-09
1.28967524e-06	1.162747e-09
1.29096303e-06	1.611696e-09
1.29225210e-06	1.607818e-09
1.29354246e-06	1.851728e-09
1.29483411e-06	1.256744e-09
1.29612705e-06	1.621506e-09
1.29742128e-06	1.544702e-09
1.29871681e-06	1.742836e-09
1.30001362e-06	1.923793e-09
1.30131174e-06	1.517612e-09
1.30261114e-06	1.503279e-09
1.30391185e-06	1.544724e-09
1.30521385e-06	1.639430e-09
1.30651716e-06	1.458519e-09
1.30782176e-06	1.461828e-09
1.30912767e-06	5.347460e-10
1.31043489e-06	1.076085e-09
1.31174340e-06	8.080006e-10
1.31305323e-06	1.629030e-09
1.31436436e-06	1.395594e-09
1.31567680e-06	1.588601e-09
1.31699055e-06	9.713778e-10
1.31830562e-06	1.453559e-09
1.31962199e-06	1.239330e-09
1.32093969e-06	1.277342e-09
1.32225869e-06	1.455361e-09
1.32357902e-06	1.395212e-09
1.32490066e-06	1.342209e-09
1.32622362e-06	8.693418e-10
1.32754791e-06	1.817328e-09
1.32887351e-06	8.728201e-10
1.33020044e-06	6.943254e-10
1.33152870e-06	1.464692e-09
1.33285828e-06	5.586389e-10
1.33418918e-06	9.305404e-10
1.33552142e-06	9.363156e-10
1.33685499e-06	6.219650e-10
1.33818989e-06	5.451342e-10
1.33952612e-06	8.811762e-10
1.34086369e-06	9.283599e-10
1.34220259e-06	1.252698e-09
1.34354283e-06	3.358307e-10
1.34488441e-06	2.135984e-10
1.34622732e-06	9.979963e-10
1.34757158e-06	4.946791e-10
1.34891718e-06	6.889177e-10
1.35026412e-06	3.443761e-10
1.35161241e-06	2.799781e-10
1.35296205e-06	5.049126e-10
1.35431303e-06	3.808911e-10
1.35566536e-06	2.872032e-10
1.35701905e-06	5.293905e-10
1.35837408e-06	2.446350e-10
1.35973047e-06	5.224731e-10
1.36108821e-06	2.222555e-10
1.36244730e-06	3.619377e-10
1.36380776e-06	7.307518e-10
1.36516957e-06	6.823311e-10
1.36653274e-06	4.672721e-10
1.36789728e-06	4.318037e-10
1.36926317e-06	3.573254e-10
1.37063043e-06	3.754904e-10
1.37199906e-06	6.508590e-10
1.37336905e-06	7.639025e-10
1.37474041e-06	6.070127e-10
1.37611314e-06	4.062132e-10
1.37748724e-06	9.942855e-10
1.37886271e-06	4.969992e-10
1.38023956e-06	4.084095e-10
1.38161778e-06	8.477463e-10
1.38299737e-06	5.146879e-10
1.38437835e-06	3.728653e-10
1.38576070e-06	3.460190e-10
1.38714443e-06	5.905750e-10
1.38852955e-06	7.902785e-10
1.38991605e-06	2.547833e-10
1.39130393e-06	7.333631e-10
1.39269320e-06	2.861118e-10
1.39408385e-06	8.911891e-10
1.39547590e-06	5.215787e-10
1.39686933e-06	4.824929e-10
1.39826416e-06	6.878073e-10
1.39966038e-06	2.724877e-10
1.40105799e-06	2.862393e-10
1.40245700e-06	7.657432e-10
1.40385740e-06	7.368757e-10
1.40525921e-06	3.258504e-10
1.40666241e-06	2.876582e-10
1.40806702e-06	7.035532e-10
1.40947302e-06	5.499467e-10
1.41088043e-06	3.700177e-10
1.41228925e-06	5.844692e-10
1.41369947e-06	4.495536e-10
1.41511110e-06	6.938526e-10
1.41652415e-06	9.567301e-10
1.41793860e-06	5.135450e-10
1.41935446e-06	4.057724e-10
1.42077174e-06	2.685532e-10
1.42219043e-06	3.692728e-10
1.42361054e-06	3.086096e-10
1.42503207e-06	4.623535e-10
1.42645502e-06	6.929028e-10
1.42787939e-06	4.868925e-10
1.42930518e-06	3.515220e-10
1.43073239e-06	6.787952e-10
1.43216103e-06	3.699972e-10
1.43359110e-06	6.410543e-10
1.43502259e-06	6.366659e-10
1.43645551e-06	5.010586e-10
1.43788987e-06	5.461802e-10
1.43932565e-06	6.677212e-10
1.44076287e-06	5.525008e-10
1.44220153e-06	6.280195e-10
1.44364162e-06	8.692878e-10
1.44508315e-06	4.669658e-10
1.44652612e-06	6.924636e-10
1.44797053e-06	4.990501e-10
1.44941638e-06	7.650336e-10
1.45086368e-06	3.903269e-10
1.45231242e-06	7.105668e-10
1.45376261e-06	4.424962e-10
1.45521424e-06	7.305761e-10
1.45666733e-06	2.975822e-10
1.45812186e-06	3.502547e-10
1.45957785e-06	3.799521e-10
1.46103529e-06	7.799694e-10
1.46249419e-06	4.554860e-10
1.46395455e-06	4.258468e-10
1.46541636e-06	9.205310e-10
1.46687963e-06	4.708937e-10
1.46834437e-06	6.183793e-10
1.46981056e-06	7.250753e-10
1.47127822e-06	7.658409e-10
1.47274735e-06	9.916060e-10
1.47421794e-06	4.249569e-10
1.47569000e-06	4.093840e-10
1.47716353e-06	6.170005e-10
1.47863854e-06	3.871167e-10
1.48011501e-06	5.462898e-10
1.48159296e-06	7.291739e-10
1.48307239e-06	1.104358e-09
1.48455329e-06	4.627698e-10
1.48603567e-06	5.824603e-10
1.48751953e-06	8.930828e-10
1.48900488e-06	9.582115e-10
1.49049170e-06	5.715337e-10
1.49198001e-06	8.470653e-10
1.49346981e-06	4.239440e-10
1.49496110e-06	1.204988e-09
1.49645387e-06	4.551708e-10
1.49794813e-06	1.081899e-09
1.49944389e-06	9.952461e-10
1.50094114e-06	7.321413e-10
1.50243989e-06	7.289312e-10
1.50394013e-06	6.877499e-10
1.50544187e-06	8.056754e-10
1.50694511e-06	6.658099e-10
1.50844985e-06	8.922494e-10
1.50995609e-06	7.711090e-10
1.51146384e-06	7.321496e-10
1.51297309e-06	1.159064e-09
1.51448385e-06	7.678036e-10
1.51599612e-06	1.135840e-09
1.51750990e-06	6.224133e-10
1.51902519e-06	4.905621e-10
1.52054199e-06	8.994326e-10
1.52206031e-06	6.131920e-10
1.52358014e-06	7.864640e-10
1.52510149e-06	7.908742e-10
1.52662436e-06	1.311006e-09
1.52814875e-06	7.322364e-10
1.52967467e-06	1.556022e-09
1.53120210e-06	4.692172e-10
1.53273107e-06	1.030719e-09
1.53426156e-06	6.475777e-10
1.53579357e-06	8.848739e-10
1.53732712e-06	4.793015e-10
1.53886220e-06	9.238994e-10
1.54039881e-06	1.174661e-09
1.54193695e-06	1.046718e-09
1.54347663e-06	1.164911e-09
1.54501785e-06	1.539167e-09
1.54656061e-06	6.859789e-10
1.54810491e-06	1.239740e-09
1.54965075e-06	9.560068e-10
1.55119813e-06	1.199089e-09
1.55274706e-06	1.197092e-09
1.55429754e-06	1.371356e-09
1.55584956e-06	1.279869e-09
1.55740313e-06	9.610957e-10
1.55895826e-06	1.286665e-09
1.56051494e-06	1.436902e-09
1.56207317e-06	1.381033e-09
1.56363296e-06	1.448444e-09
1.56519430e-06	9.040277e-10
1.56675721e-06	1.374083e-09
1.56832167e-06	1.340337e-09
1.56988770e-06	1.433210e-09
1.57145529e-06	1.208682e-09
1.57302445e-06	8.008772e-10
1.57459517e-06	1.402655e-09
1.57616746e-06	1.273262e-09
1.57774132e-06	1.597850e-09
1.57931676e-06	1.595201e-09
1.58089376e-06	1.648654e-09
1.58247234e-06	8.191678e-10
1.58405250e-06	1.316199e-09
1.58563424e-06	1.502644e-09
1.58721755e-06	1.286593e-09
1.58880245e-06	1.780999e-09
1.59038892e-06	8.955141e-10
1.59197699e-06	1.321155e-09
1.59356663e-06	1.738986e-09
1.59515787e-06	1.901102e-09
1.59675069e-06	1.618360e-09
1.59834511e-06	1.278835e-09
1.59994111e-06	1.573108e-09
1.60153872e-06	1.571147e-09
1.60313791e-06	1.446136e-09
1.60473870e-06	1.977718e-09
1.60634109e-06	1.674245e-09
1.60794509e-06	1.813309e-09
1.60955068e-06	1.768774e-09
1.61115787e-06	1.745937e-09
1.61276668e-06	1.704715e-09
1.61437708e-06	1.880382e-09
1.61598910e-06	1.684807e-09
1.61760272e-06	1.846267e-09
1.61921796e-06	1.611770e-09
1.62083481e-06	1.880794e-09
1.62245327e-06	1.763725e-09
1.62407335e-06	1.649796e-09
1.62569505e-06	1.822658e-09
1.62731837e-06	1.772246e-09
1.62894330e-06	2.016033e-09
1.63056986e-06	1.907281e-09
1.63219805e-06	7.272567e-10
1.63382786e-06	1.979497e-09
1.63545930e-06	1.759132e-09
1.63709236e-06	1.827096e-09
1.63872706e-06	1.859189e-09
1.64036339e-06	1.717166e-09
1.64200135e-06	2.312845e-09
1.64364095e-06	2.048298e-09
1.64528219e-06	1.889929e-09
1.64692506e-06	2.040524e-09
1.64856958e-06	1.973560e-09
1.65021574e-06	2.072980e-09
1.65186354e-06	1.881631e-09
1.65351299e-06	2.150571e-09
1.65516408e-06	2.118358e-09
1.65681682e-06	2.183615e-09
1.65847122e-06	2.073986e-09
1.66012726e-06	2.026187e-09
1.66178496e-06	1.981189e-09
1.66344431e-06	2.137620e-09
1.66510532e-06	2.175286e-09
1.66676799e-06	1.944034e-09
1.66843232e-06	2.123444e-09
1.67009831e-06	1.533369e-09
1.67176597e-06	1.548345e-09
1.67343529e-06	2.114758e-09
1.67510628e-06	2.004677e-09
1.67677893e-06	2.130301e-09
1.67845326e-06	1.609898e-09
1.68012926e-06	2.143493e-09
1.68180693e-06	2.474233e-09
1.68348627e-06	1.818175e-09
1.68516730e-06	1.906635e-09
1.68685000e-06	1.263866e-09
1.68853438e-06	2.130572e-09
1.69022045e-06	2.244130e-09
1.69190819e-06	1.633421e-09
1.69359763e-06	2.338159e-09
1.69528875e-06	1.499706e-09
1.69698156e-06	1.991883e-09
1.69867605e-06	2.255778e-09
1.70037225e-06	1.849047e-09
1.70207013e-06	2.103878e-09
1.70376971e-06	1.540709e-09
1.70547099e-06	1.934048e-09
1.70717396e-06	2.024255e-09
1.70887864e-06	2.040863e-09
1.71058502e-06	2.348136e-09
1.71229310e-06	2.037580e-09
1.71400289e-06	1.705079e-09
1.71571438e-06	1.428425e-09
1.71742759e-06	1.359785e-09
1.71914250e-06	1.465573e-09
1.72085913e-06	1.221168e-09
1.72257747e-06	1.415188e-09
1.72429753e-06	2.152700e-09
1.72601931e-06	1.942538e-09
1.72774280e-06	1.449256e-09
1.72946801e-06	1.247243e-09
1.73119495e-06	1.707793e-09
1.73292362e-06	1.642393e-09
1.73465400e-06	1.421277e-09
1.73638612e-06	1.826918e-09
1.73811997e-06	1.605438e-09
1.73985554e-06	1.012336e-09
1.74159285e-06	1.768568e-09
1.74333190e-06	1.778103e-09
1.74507268e-06	1.113676e-09
1.74681520e-06	5.683485e-10
1.74855946e-06	2.088163e-09
1.75030546e-06	7.124611e-10
1.75205321e-06	7.613845e-10
1.75380270e-06	1.349108e-09
1.75555393e-06	6.328093e-10
1.75730692e-06	8.215434e-10
1.75906165e-06	1.904164e-09
1.76081814e-06	1.695842e-09
1.76257638e-06	1.705577e-09
1.76433638e-06	1.563555e-09
1.76609814e-06	1.679953e-09
1.76786165e-06	5.679700e-10
1.76962693e-06	1.985351e-09
1.77139397e-06	1.433188e-09
1.77316277e-06	1.079347e-09
1.77493334e-06	1.115734e-09
1.77670567e-06	1.270176e-09
1.77847978e-06	8.637836e-10
1.78025566e-06	1.212904e-09
1.78203331e-06	8.644871e-10
1.78381274e-06	1.140541e-09
1.78559394e-06	1.592178e-09
1.78737692e-06	1.528579e-09
1.78916168e-06	1.286493e-09
1.79094823e-06	1.057814e-09
1.79273655e-06	9.003006e-10
1.79452667e-06	1.812792e-09
1.79631857e-06	5.884333e-10
1.79811226e-06	1.105635e-09
1.79990774e-06	1.521179e-09
1.80170502e-06	8.954700e-10
1.80350409e-06	8.510654e-10
1.80530495e-06	1.342444e-09
1.80710762e-06	7.809281e-10
1.80891208e-06	8.008695e-10
1.81071835e-06	6.638119e-10
1.81252641e-06	6.611605e-10
1.81433629e-06	1.059040e-09
1.81614797e-06	1.717322e-09
1.81796146e-06	9.960090e-10
1.81977676e-06	1.074688e-09
1.82159388e-06	8.987804e-10
1.82341281e-06	7.265520e-10
1.82523355e-06	1.104509e-09
1.82705612e-06	1.097149e-09
1.82888050e-06	6.379283e-10
1.83070670e-06	1.176000e-09
1.83253473e-06	6.806954e-10
1.83436459e-06	1.720623e-09
1.83619627e-06	6.850072e-10
1.83802978e-06	1.310706e-09
1.83986512e-06	6.481720e-10
1.84170229e-06	1.617616e-09
1.84354130e-06	7.449863e-10
1.84538214e-06	1.457554e-09
1.84722483e-06	6.922104e-10
1.84906935e-06	1.767540e-09
1.85091571e-06	1.409520e-09
1.85276392e-06	1.811509e-09
1.85461397e-06	1.242931e-09
1.85646588e-06	1.087352e-09
1.85831963e-06	1.187658e-09
1.86017523e-06	1.084087e-09
1.86203268e-06	1.076216e-09
1.86389199e-06	1.353771e-09
1.86575315e-06	1.341991e-09
1.86761618e-06	1.009166e-09
1.86948106e-06	1.594662e-09
1.87134781e-06	1.136898e-09
1.87321642e-06	1.133403e-09
1.87508689e-06	1.478475e-09
1.87695924e-06	1.404918e-09
1.87883345e-06	1.304828e-09
1.88070954e-06	1.753920e-09
1.88258749e-06	1.565649e-09
1.88446733e-06	1.497053e-09
1.88634904e-06	1.973017e-09
1.88823263e-06	1.368531e-09
1.89011810e-06	9.302651e-10
1.89200545e-06	1.467206e-09
1.89389469e-06	6.934399e-10
1.89578581e-06	1.804081e-09
1.89767882e-06	1.345697e-09
1.89957373e-06	1.479054e-09
1.90147052e-06	7.348716e-10
1.90336921e-06	9.174241e-10
1.90526980e-06	1.316006e-09
1.90717228e-06	8.637117e-10
1.90907666e-06	1.658209e-09
1.91098294e-06	1.348053e-09
1.91289113e-06	1.035606e-09
1.91480122e-06	1.719982e-09
1.91671322e-06	1.254480e-09
1.91862713e-06	1.566359e-09
1.92054295e-06	1.611696e-09
1.92246069e-06	1.146766e-09
1.92438033e-06	1.656845e-09
1.92630190e-06	1.172458e-09
1.92822538e-06	1.397646e-09
1.93015079e-06	1.686959e-09
1.93207812e-06	1.761189e-09
1.93400737e-06	1.156619e-09
1.93593855e-06	1.437296e-09
1.93787165e-06	1.286668e-09
1.93980669e-06	8.015046e-10
1.94174366e-06	1.840178e-09
1.94368256e-06	1.395508e-09
1.94562340e-06	1.477574e-09
1.94756618e-06	1.143003e-09
1.94951089e-06	1.413420e-09
1.95145755e-06	1.596060e-09
1.95340615e-06	7.561351e-10
1.95535670e-06	1.261109e-09
1.95730920e-06	1.180200e-09
1.95926364e-06	1.812318e-09
1.96122004e-06	1.439869e-09
1.96317839e-06	1.551411e-09
1.96513870e-06	1.013937e-09
1.96710096e-06	1.514230e-09
1.96906519e-06	1.533834e-09
1.97103137e-06	1.275005e-09
1.97299952e-06	1.117113e-09
1.97496963e-06	1.597656e-09
1.97694171e-06	1.335076e-09
1.97891576e-06	2.034374e-09
1.98089178e-06	1.501993e-09
1.98286978e-06	1.066793e-09
1.98484975e-06	1.054158e-09
1.98683169e-06	1.080412e-09
1.98881562e-06	1.896375e-09
1.99080152e-06	8.299699e-10
1.99278941e-06	1.086162e-09
1.99477929e-06	1.628300e-09
1.99677115e-06	1.135363e-09
1.99876500e-06	1.728878e-09
2.00076084e-06	1.782783e-09
2.00275867e-06	1.619299e-09
2.00475850e-06	1.516455e-09
2.00676033e-06	1.879711e-09
2.00876415e-06	7.791538e-10
2.01076998e-06	1.120474e-09
2.01277780e-06	1.658790e-09
2.01478764e-06	1.396160e-09
2.01679948e-06	9.883313e-10
2.01881333e-06	8.140069e-10
2.02082919e-06	1.545843e-09
2.02284706e-06	1.444375e-09
2.02486695e-06	1.107821e-09
2.02688885e-06	1.468126e-09
2.02891278e-06	1.240686e-09
2.03093872e-06	1.163066e-09
2.03296669e-06	1.292059e-09
2.03499668e-06	1.342286e-09
2.03702870e-06	1.581267e-09
2.03906275e-06	1.334065e-09
2.04109883e-06	1.548776e-09
2.04313694e-06	1.497594e-09
2.04517709e-06	1.927402e-09
2.04721927e-06	1.480257e-09
2.04926350e-06	1.860117e-09
2.05130976e-06	1.833015e-09
2.05335807e-06	1.089004e-09
2.05540843e-06	2.022241e-09
2.05746083e-06	1.695031e-09
2.05951528e-06	1.859972e-09
2.06157178e-06	1.131373e-09
2.06363034e-06	1.710619e-09
2.06569095e-06	1.856135e-09
2.06775362e-06	1.095712e-09
2.06981835e-06	2.114462e-09
2.07188514e-06	1.776277e-09
2.07395399e-06	1.727023e-09
2.07602491e-06	1.619493e-09
2.07809790e-06	1.845525e-09
2.08017296e-06	1.866880e-09
2.08225009e-06	2.108309e-09
2.08432929e-06	1.443388e-09
2.08641057e-06	1.255567e-09
2.08849393e-06	1.429204e-09
2.09057937e-06	1.568616e-09
2.09266689e-06	2.105079e-09
2.09475649e-06	1.523050e-09
2.09684818e-06	1.561427e-09
2.09894197e-06	1.843990e-09
2.10103784e-06	1.680139e-09
2.10313580e-06	1.927181e-09
2.10523586e-06	1.911746e-09
2.10733802e-06	1.562427e-09
2.10944227e-06	2.117624e-09
2.11154863e-06	1.454105e-09
2.11365709e-06	1.795403e-09
2.11576765e-06	2.061148e-09
2.11788032e-06	2.000674e-09
2.11999511e-06	1.596630e-09
2.12211200e-06	2.105210e-09
2.12423101e-06	2.198855e-09
2.12635213e-06	1.982711e-09
2.12847537e-06	1.392020e-09
2.13060073e-06	1.837832e-09
2.13272822e-06	2.001681e-09
2.13485783e-06	1.941958e-09
2.13698956e-06	1.610618e-09
2.13912342e-06	2.179291e-09
2.14125942e-06	1.774942e-09
2.14339754e-06	1.370182e-09
2.14553781e-06	2.212283e-09
2.14768021e-06	2.303405e-09
2.14982474e-06	1.635453e-09
2.15197142e-06	2.098327e-09
2.15412025e-06	2.014242e-09
2.15627122e-06	2.266587e-09
2.15842433e-06	2.367193e-09
2.16057960e-06	1.744193e-09
2.16273702e-06	2.280015e-09
2.16489659e-06	2.098691e-09
2.16705832e-06	2.247109e-09
2.16922221e-06	2.166790e-09
2.17138826e-06	1.664859e-09
2.17355647e-06	2.271747e-09
2.17572684e-06	1.687463e-09
2.17789939e-06	2.265430e-09
2.18007410e-06	2.100180e-09
2.18225099e-06	2.059470e-09
2.18443005e-06	1.728881e-09
2.18661128e-06	1.688902e-09
2.18879469e-06	2.306254e-09
2.19098028e-06	2.003153e-09
2.19316806e-06	2.301851e-09
2.19535802e-06	2.168883e-09
2.19755017e-06	2.159353e-09
2.19974450e-06	2.250144e-09
2.20194103e-06	2.184309e-09
2.20413975e-06	2.102972e-09
2.20634066e-06	2.172105e-09
2.20854377e-06	1.537822e-09
2.21074909e-06	1.678901e-09
2.21295660e-06	2.264749e-09
2.21516632e-06	2.195039e-09
2.21737825e-06	2.141864e-09
2.21959238e-06	1.138445e-09
2.22180873e-06	1.930764e-09
2.22402729e-06	2.277804e-09
2.22624806e-06	2.236479e-09
2.22847105e-06	2.247057e-09
2.23069626e-06	2.359822e-09
2.23292369e-06	1.209789e-09
2.23515335e-06	2.207817e-09
2.23738523e-06	2.261575e-09
2.23961935e-06	2.428244e-09
2.24185569e-06	1.335873e-09
2.24409427e-06	2.348307e-09
2.24633508e-06	2.198836e-09
2.24857813e-06	2.312452e-09
2.25082341e-06	2.128459e-09
2.25307094e-06	2.294295e-09
2.25532072e-06	2.206641e-09
2.25757274e-06	2.301676e-09
2.25982701e-06	2.282588e-09
2.26208353e-06	2.367384e-09
2.26434231e-06	1.934812e-09
2.26660334e-06	2.157759e-09
2.26886662e-06	2.273553e-09
2.27113217e-06	2.285728e-09
2.27339998e-06	2.131944e-09
2.27567005e-06	2.244903e-09
2.27794240e-06	2.220181e-09
2.28021700e-06	1.865062e-09
2.28249389e-06	1.811886e-09
2.28477304e-06	2.340266e-09
2.28705447e-06	2.151145e-09
2.28933818e-06	2.349302e-09
2.29162417e-06	1.923067e-09
2.29391244e-06	1.112948e-09
2.29620300e-06	2.063059e-09
2.29849584e-06	1.639036e-09
2.30079097e-06	2.092214e-09
2.30308840e-06	1.614878e-09
2.30538812e-06	2.103990e-09
2.30769013e-06	1.909049e-09
2.30999445e-06	1.716260e-09
2.31230106e-06	2.068830e-09
2.31460998e-06	2.162423e-09
2.31692121e-06	2.189478e-09
2.31923474e-06	2.247291e-09
2.32155058e-06	2.249360e-09
2.32386873e-06	2.158278e-09
2.32618920e-06	2.107364e-09
2.32851199e-06	1.488148e-09
2.33083709e-06	2.148638e-09
2.33316452e-06	1.878083e-09
2.33549427e-06	2.023914e-09
2.33782635e-06	2.071325e-09
2.34016076e-06	2.123930e-09
2.34249749e-06	1.984275e-09
2.34483656e-06	1.245517e-09
2.34717797e-06	2.255555e-09
2.34952171e-06	1.726539e-09
2.35186780e-06	2.255723e-09
2.35421623e-06	2.172666e-09
2.35656700e-06	2.171690e-09
2.35892012e-06	1.936753e-09
2.36127559e-06	2.086028e-09
2.36363341e-06	2.212877e-09
2.36599358e-06	2.162999e-09
2.36835612e-06	2.256374e-09
2.37072101e-06	1.964739e-09
2.37308826e-06	1.277299e-09
2.37545788e-06	1.964140e-09
2.37782986e-06	2.340294e-09
2.38020421e-06	2.086344e-09
2.38258093e-06	1.735099e-09
2.38496003e-06	1.857858e-09
2.38734150e-06	1.794871e-09
2.38972535e-06	2.141580e-09
2.39211158e-06	1.661875e-09
2.39450019e-06	2.051034e-09
2.39689119e-06	1.984837e-09
2.39928457e-06	2.228762e-09
2.40168035e-06	1.492829e-09
2.40407851e-06	1.497210e-09
2.40647907e-06	2.298433e-09
2.40888203e-06	1.719281e-09
2.41128739e-06	2.091535e-09
2.41369515e-06	1.550110e-09
2.41610531e-06	1.129374e-09
2.41851788e-06	1.731108e-09
2.42093286e-06	2.109336e-09
2.42335026e-06	1.115681e-09
2.42577006e-06	1.382378e-09
2.42819228e-06	1.658764e-09
2.43061692e-06	1.647697e-09
2.43304398e-06	2.109512e-09
2.43547347e-06	1.858723e-09
2.43790538e-06	1.267453e-09
2.44033972e-06	1.956071e-09
2.44277649e-06	2.095352e-09
2.44521569e-06	1.855566e-09
2.44765733e-06	1.672612e-09
2.45010140e-06	1.483041e-09
2.45254792e-06	1.593881e-09
2.45499688e-06	1.704622e-09
2.45744829e-06	2.195722e-09
2.45990214e-06	1.392482e-09
2.46235844e-06	2.126563e-09
2.46481720e-06	2.053428e-09
2.46727841e-06	2.114371e-09
2.46974208e-06	1.464864e-09
2.47220821e-06	1.665476e-09
2.47467680e-06	1.697476e-09
2.47714786e-06	1.708635e-09
2.47962138e-06	1.444355e-09
2.48209737e-06	1.650787e-09
2.48457584e-06	1.347952e-09
2.48705678e-06	1.146724e-09
2.48954020e-06	1.106264e-09
2.49202610e-06	1.498867e-09
2.49451448e-06	1.597089e-09
2.49700534e-06	1.342787e-09
2.49949870e-06	1.562110e-09
2.50199454e-06	2.059804e-09
2.50449287e-06	1.422813e-09
2.50699370e-06	1.594498e-09
2.50949703e-06	1.774425e-09
2.51200285e-06	1.119272e-09
2.51451118e-06	1.487473e-09
2.51702201e-06	1.812098e-09
2.51953535e-06	1.198588e-09
2.52205120e-06	1.595217e-09
2.52456956e-06	1.313817e-09
2.52709044e-06	1.641663e-09
2.52961383e-06	1.545273e-09
2.53213975e-06	1.791407e-09
2.53466818e-06	1.148925e-09
2.53719914e-06	1.732408e-09
2.53973263e-06	1.166945e-09
2.54226865e-06	1.633695e-09
2.54480720e-06	1.845623e-09
2.54734828e-06	1.772848e-09
2.54989190e-06	1.600601e-09
2.55243806e-06	1.546475e-09
2.55498677e-06	1.517271e-09
2.55753802e-06	1.708076e-09
2.56009181e-06	1.144304e-09
2.56264816e-06	1.202239e-09
2.56520706e-06	1.619903e-09
2.56776851e-06	1.156083e-09
2.57033253e-06	1.982693e-09
2.57289910e-06	1.801476e-09
2.57546823e-06	1.496694e-09
2.57803993e-06	1.186563e-09
2.58061420e-06	1.767440e-09
2.58319104e-06	1.322381e-09
2.58577045e-06	1.563342e-09
2.58835244e-06	1.402509e-09
2.59093701e-06	1.920914e-09
2.59352415e-06	1.520090e-09
2.59611388e-06	1.246683e-09
2.59870620e-06	1.791577e-09
2.60130110e-06	1.314966e-09
2.60389860e-06	1.547064e-09
2.60649869e-06	1.231465e-09
2.60910137e-06	1.259367e-09
2.61170666e-06	1.907315e-09
2.61431454e-06	1.963832e-09
2.61692503e-06	1.447972e-09
2.61953813e-06	1.941578e-09
2.62215384e-06	1.586160e-09
2.62477215e-06	1.841574e-09
2.62739309e-06	1.442065e-09
2.63001663e-06	2.025627e-09
2.63264280e-06	1.267669e-09
2.63527160e-06	1.858454e-09
2.63790301e-06	1.987722e-09
2.64053706e-06	1.196308e-09
2.64317373e-06	1.203739e-09
2.64581304e-06	1.223104e-09
2.64845498e-06	1.321001e-09
2.65109956e-06	1.323137e-09
2.65374678e-06	2.011960e-09
2.65639665e-06	1.724999e-09
2.65904916e-06	1.795902e-09
2.66170431e-06	1.945316e-09
2.66436213e-06	1.801415e-09
2.66702259e-06	1.444548e-09
2.66968571e-06	1.245748e-09
2.67235149e-06	1.952416e-09
2.67501993e-06	1.675763e-09
2.67769104e-06	1.441070e-09
2.68036481e-06	1.467649e-09
2.68304126e-06	1.259648e-09
2.68572037e-06	1.204984e-09
2.68840216e-06	1.755541e-09
2.69108663e-06	1.208187e-09
2.69377378e-06	1.215190e-09
2.69646362e-06	1.342209e-09
2.69915613e-06	2.013366e-09
2.70185134e-06	1.269457e-09
2.70454924e-06	1.237065e-09
2.70724983e-06	1.368436e-09
2.70995312e-06	1.368281e-09
2.71265911e-06	1.817952e-09
2.71536780e-06	1.238500e-09
2.71807920e-06	1.632118e-09
2.72079330e-06	1.474349e-09
2.72351011e-06	1.529702e-09
2.72622964e-06	1.455418e-09
2.72895188e-06	1.228231e-09
2.73167684e-06	1.259661e-09
2.73440452e-06	1.587329e-09
2.73713492e-06	1.750113e-09
2.73986805e-06	1.410054e-09
2.74260391e-06	1.990453e-09
2.74534251e-06	1.376397e-09
2.74808383e-06	1.262327e-09
2.75082790e-06	1.603063e-09
2.75357470e-06	1.977957e-09
2.75632425e-06	1.880686e-09
2.75907654e-06	2.182972e-09
2.76183158e-06	2.008969e-09
2.76458937e-06	1.391827e-09
2.76734991e-06	1.582584e-09
2.77011322e-06	1.264155e-09
2.77287928e-06	1.503571e-09
2.77564810e-06	1.877065e-09
2.77841969e-06	1.388856e-09
2.78119404e-06	1.348812e-09
2.78397117e-06	1.681773e-09
2.78675106e-06	1.416997e-09
2.78953374e-06	1.256575e-09
2.79231919e-06	1.291049e-09
2.79510743e-06	1.508777e-09
2.79789844e-06	1.286976e-09
2.80069225e-06	1.253761e-09
2.80348884e-06	1.318648e-09
2.80628823e-06	1.724916e-09
2.80909041e-06	1.303203e-09
2.81189540e-06	1.708713e-09
2.81470318e-06	1.255781e-09
2.81751376e-06	1.298487e-09
2.82032715e-06	1.483590e-09
2.82314336e-06	1.267413e-09
2.82596237e-06	1.353990e-09
2.82878420e-06	1.414723e-09
2.83160884e-06	1.442604e-09
2.83443631e-06	1.510740e-09
2.83726660e-06	1.264411e-09
2.84009972e-06	1.405526e-09
2.84293566e-06	1.426554e-09
2.84577444e-06	1.593858e-09
2.84861605e-06	1.286153e-09
2.85146050e-06	1.315815e-09
2.85430779e-06	1.661944e-09
2.85715792e-06	1.429263e-09
2.86001090e-06	1.783093e-09
2.86286672e-06	1.843239e-09
2.86572540e-06	1.272776e-09
2.86858693e-06	1.325211e-09
2.87145132e-06	1.372873e-09
2.87431857e-06	2.048916e-09
2.87718869e-06	1.335459e-09
2.88006167e-06	1.824459e-09
2.88293752e-06	1.342256e-09
2.88581624e-06	1.548560e-09
2.88869783e-06	1.342299e-09
2.89158230e-06	1.488595e-09
2.89446965e-06	1.527411e-09
2.89735989e-06	1.720965e-09
2.90025301e-06	1.399741e-09
2.90314902e-06	2.076168e-09
2.90604792e-06	1.660689e-09
2.90894972e-06	1.306448e-09
2.91185441e-06	1.364873e-09
2.91476201e-06	1.581748e-09
2.91767251e-06	1.652458e-09
2.92058591e-06	1.298837e-09
2.92350222e-06	1.529947e-09
2.92642145e-06	1.386659e-09
2.92934359e-06	1.750751e-09
2.93226865e-06	1.691506e-09
2.93519663e-06	1.682934e-09
2.93812753e-06	1.376447e-09
2.94106136e-06	1.891873e-09
2.94399812e-06	1.710875e-09
2.94693781e-06	1.614982e-09
2.94988043e-06	1.990137e-09
2.95282600e-06	2.216839e-09
2.95577451e-06	1.493456e-09
2.95872596e-06	1.624835e-09
2.96168035e-06	1.739546e-09
2.96463770e-06	1.878771e-09
2.96759800e-06	1.887072e-09
2.97056126e-06	1.393786e-09
2.97352747e-06	1.502298e-09
2.97649665e-06	1.770060e-09
2.97946879e-06	1.454135e-09
2.98244390e-06	1.347170e-09
2.98542198e-06	1.501230e-09
2.98840304e-06	1.805732e-09
2.99138707e-06	1.435615e-09
2.99437408e-06	1.551617e-09
2.99736407e-06	2.052231e-09
3.00035705e-06	1.691134e-09
3.00335302e-06	1.374783e-09
3.00635198e-06	1.664802e-09
3.00935393e-06	1.804841e-09
3.01235888e-06	1.783370e-09
3.01536684e-06	2.051850e-09
3.01837779e-06	1.533376e-09
3.02139175e-06	1.744464e-09
3.02440873e-06	1.557367e-09
3.02742871e-06	1.999913e-09
3.03045171e-06	1.645259e-09
3.03347773e-06	1.481643e-09
3.03650677e-06	1.748973e-09
3.03953883e-06	1.618107e-09
3.04257392e-06	1.412840e-09
3.04561205e-06	2.106325e-09
3.04865320e-06	1.656489e-09
3.05169740e-06	1.697217e-09
3.05474463e-06	1.747482e-09
3.05779491e-06	1.913894e-09
3.06084823e-06	1.612046e-09
3.06390460e-06	1.359533e-09
3.06696402e-06	1.594386e-09
3.07002650e-06	1.713353e-09
3.07309203e-06	1.386277e-09
3.07616063e-06	2.014436e-09
3.07923229e-06	1.777187e-09
3.08230702e-06	1.737811e-09
3.08538481e-06	1.595419e-09
3.08846569e-06	1.674116e-09
3.09154963e-06	1.553849e-09
3.09463666e-06	1.524849e-09
3.09772677e-06	1.584406e-09
3.10081996e-06	1.542195e-09
3.10391625e-06	1.844241e-09
3.10701562e-06	1.407317e-09
3.11011809e-06	1.524305e-09
3.11322366e-06	1.719714e-09
3.11633233e-06	1.728487e-09
3.11944410e-06	1.885284e-09
3.12255898e-06	1.467470e-09
3.12567698e-06	1.758832e-09
3.12879808e-06	1.759994e-09
3.13192230e-06	1.853740e-09
3.13504964e-06	1.595542e-09
3.13818010e-06	1.486084e-09
3.14131369e-06	1.506313e-09
3.14445041e-06	1.862045e-09
3.14759026e-06	1.817054e-09
3.15073325e-06	1.459073e-09
3.15387937e-06	1.658942e-09
3.15702864e-06	1.706486e-09
3.16018105e-06	1.563549e-09
3.16333660e-06	1.410110e-09
3.16649531e-06	1.873485e-09
3.16965718e-06	2.014010e-09
3.17282220e-06	1.686483e-09
3.17599038e-06	1.589246e-09
3.17916172e-06	1.497895e-09
3.18233623e-06	2.191551e-09
3.18551391e-06	1.743802e-09
3.18869477e-06	1.501920e-09
3.19187880e-06	1.840633e-09
3.19506601e-06	1.784051e-09
3.19825640e-06	1.682967e-09
3.20144997e-06	1.435388e-09
3.20464674e-06	1.445935e-09
3.20784670e-06	1.915988e-09
3.21104985e-06	1.531086e-09
3.21425621e-06	1.799184e-09
3.21746576e-06	1.786523e-09
3.22067852e-06	1.664851e-09
3.22389449e-06	1.430117e-09
3.22711366e-06	1.808547e-09
3.23033606e-06	2.043408e-09
3.23356167e-06	1.672461e-09
3.23679050e-06	1.560760e-09
3.24002255e-06	2.187270e-09
3.24325783e-06	1.450821e-09
3.24649635e-06	1.872781e-09
3.24973809e-06	1.920869e-09
3.25298308e-06	1.744304e-09
3.25623130e-06	2.101070e-09
3.25948277e-06	1.454879e-09
3.26273748e-06	2.230744e-09
3.26599545e-06	2.061485e-09
3.26925667e-06	1.555715e-09
3.27252114e-06	2.336080e-09
3.27578887e-06	1.573406e-09
3.27905987e-06	2.093726e-09
3.28233413e-06	1.660955e-09
3.28561167e-06	1.679688e-09
3.28889247e-06	2.184362e-09
3.29217655e-06	1.720734e-09
3.29546391e-06	2.063246e-09
3.29875455e-06	1.708599e-09
3.30204848e-06	2.360052e-09
3.30534570e-06	1.622286e-09
3.30864621e-06	1.658862e-09
3.31195002e-06	1.377021e-09
3.31525712e-06	1.788957e-09
3.31856753e-06	1.870644e-09
3.32188124e-06	1.992891e-09
3.32519826e-06	2.137975e-09
3.32851860e-06	1.649629e-09
3.33184225e-06	1.604625e-09
3.33516921e-06	2.187118e-09
3.33849950e-06	1.737112e-09
3.34183312e-06	1.749181e-09
3.34517006e-06	1.749206e-09
3.34851034e-06	1.931375e-09
3.35185395e-06	2.216914e-09
3.35520090e-06	1.925594e-09
3.35855119e-06	1.781964e-09
3.36190483e-06	1.835846e-09
3.36526182e-06	1.852131e-09
3.36862216e-06	2.171595e-09
3.37198585e-06	2.226679e-09
3.37535290e-06	2.364078e-09
3.37872332e-06	1.993967e-09
3.38209710e-06	1.963935e-09
3.38547425e-06	1.780916e-09
3.38885477e-06	2.186947e-09
3.39223867e-06	1.635930e-09
3.39562594e-06	2.010492e-09
3.39901660e-06	1.995571e-09
3.40241065e-06	2.058818e-09
3.40580808e-06	2.102623e-09
3.40920890e-06	1.715078e-09
3.41261313e-06	1.607312e-09
3.41602075e-06	1.941493e-09
3.41943177e-06	2.155867e-09
3.42284620e-06	2.006640e-09
3.42626404e-06	1.671725e-09
3.42968529e-06	1.703735e-09
3.43310996e-06	1.861234e-09
3.43653804e-06	1.510076e-09
3.43996956e-06	2.066305e-09
3.44340449e-06	1.983915e-09
3.44684286e-06	1.674253e-09
3.45028466e-06	2.084331e-09
3.45372990e-06	1.999129e-09
3.45717857e-06	1.871704e-09
3.46063070e-06	2.297958e-09
3.46408626e-06	1.977329e-09
3.46754528e-06	1.623824e-09
3.47100775e-06	1.447738e-09
3.47447368e-06	1.995533e-09
3.47794307e-06	1.583661e-09
3.48141593e-06	1.668948e-09
3.48489225e-06	1.523465e-09
3.48837205e-06	2.075758e-09
3.49185532e-06	1.926284e-09
3.49534206e-06	2.074428e-09
3.49883229e-06	2.225853e-09
3.50232600e-06	2.288891e-09
3.50582321e-06	2.369538e-09
3.50932390e-06	2.150767e-09
3.51282809e-06	2.120852e-09
3.51633578e-06	1.596321e-09
3.51984697e-06	2.087723e-09
3.52336167e-06	2.298534e-09
3.52687988e-06	1.442196e-09
3.53040160e-06	2.395073e-09
3.53392683e-06	2.275651e-09
3.53745559e-06	2.137529e-09
3.54098787e-06	2.041043e-09
3.54452368e-06	1.930069e-09
3.54806302e-06	2.438939e-09
3.55160589e-06	2.133669e-09
3.55515230e-06	2.079980e-09
3.55870225e-06	2.114986e-09
3.56225575e-06	2.248339e-09
3.56581279e-06	2.069752e-09
3.56937339e-06	2.126075e-09
3.57293754e-06	2.115516e-09
3.57650525e-06	2.073841e-09
3.58007652e-06	2.280173e-09
3.58365136e-06	2.360120e-09
3.58722977e-06	2.313050e-09
3.59081175e-06	2.267697e-09
3.59439731e-06	2.415655e-09
3.59798645e-06	1.559859e-09
3.60157917e-06	1.575191e-09
3.60517548e-06	2.230662e-09
3.60877538e-06	1.912755e-09
3.61237888e-06	1.762575e-09
3.61598597e-06	1.921829e-09
3.61959667e-06	2.311728e-09
3.62321097e-06	2.365065e-09
3.62682888e-06	1.810479e-09
3.63045040e-06	1.995805e-09
3.63407554e-06	1.900617e-09
3.63770430e-06	1.655743e-09
3.64133669e-06	2.397498e-09
3.64497270e-06	2.476314e-09
3.64861234e-06	2.174080e-09
3.65225561e-06	1.684995e-09
3.65590252e-06	2.589947e-09
3.65955308e-06	2.361806e-09
3.66320728e-06	2.191849e-09
3.66686512e-06	2.384699e-09
3.67052662e-06	2.379216e-09
3.67419178e-06	1.728716e-09
3.67786060e-06	2.142451e-09
3.68153308e-06	2.203921e-09
3.68520923e-06	2.635787e-09
3.68888904e-06	1.932125e-09
3.69257254e-06	2.445827e-09
3.69625971e-06	1.634535e-09
3.69995056e-06	1.976239e-09
3.70364510e-06	2.359317e-09
3.70734332e-06	1.965543e-09
3.71104524e-06	1.934370e-09
3.71475086e-06	2.342180e-09
3.71846018e-06	2.278290e-09
3.72217320e-06	2.033807e-09
3.72588992e-06	2.317261e-09
3.72961036e-06	2.364008e-09
3.73333452e-06	2.344682e-09
3.73706239e-06	2.340876e-09
3.74079399e-06	2.551929e-09
3.74452931e-06	2.272800e-09
3.74826836e-06	1.666681e-09
3.75201114e-06	2.398709e-09
3.75575766e-06	2.325417e-09
3.75950793e-06	2.516695e-09
3.76326194e-06	2.633222e-09
3.76701969e-06	2.560765e-09
3.77078120e-06	2.135384e-09
3.77454647e-06	2.275184e-09
3.77831549e-06	2.110822e-09
3.78208828e-06	1.928952e-09
3.78586483e-06	2.094591e-09
3.78964516e-06	2.717599e-09
3.79342926e-06	1.684973e-09
3.79721714e-06	2.715279e-09
3.80100880e-06	2.604937e-09
3.80480425e-06	2.487350e-09
3.80860349e-06	2.558648e-09
3.81240652e-06	2.666200e-09
3.81621335e-06	2.307919e-09
3.82002398e-06	2.686652e-09
3.82383842e-06	2.548963e-09
3.82765666e-06	2.635300e-09
3.83147872e-06	2.167754e-09
3.83530459e-06	2.708326e-09
3.83913428e-06	2.494105e-09
3.84296780e-06	2.687004e-09
3.84680515e-06	1.893947e-09
3.85064633e-06	2.259797e-09
3.85449134e-06	2.657451e-09
3.85834019e-06	2.515004e-09
3.86219289e-06	2.213719e-09
3.86604943e-06	2.138989e-09
3.86990982e-06	2.629987e-09
3.87377407e-06	2.389700e-09
3.87764218e-06	2.548771e-09
3.88151415e-06	2.664616e-09
3.88538998e-06	2.418618e-09
3.88926969e-06	2.526426e-09
3.89315327e-06	2.669328e-09
3.89704073e-06	2.196514e-09
3.90093207e-06	2.677015e-09
3.90482729e-06	2.648419e-09
3.90872641e-06	2.602194e-09
3.91262941e-06	2.546710e-09
3.91653632e-06	2.449654e-09
3.92044713e-06	2.057880e-09
3.92436184e-06	2.065284e-09
3.92828046e-06	2.644851e-09
3.93220299e-06	1.805650e-09
3.93612944e-06	2.422357e-09
3.94005981e-06	2.198955e-09
3.94399411e-06	2.633358e-09
3.94793233e-06	2.259253e-09
3.95187449e-06	2.180265e-09
3.95582058e-06	2.763509e-09
3.95977062e-06	2.406292e-09
3.96372460e-06	1.838968e-09
3.96768252e-06	2.340691e-09
3.97164440e-06	2.331637e-09
3.97561023e-06	1.951841e-09
3.97958003e-06	2.472547e-09
3.98355379e-06	2.379109e-09
3.98753151e-06	2.419256e-09
3.99151321e-06	1.934812e-09
3.99549888e-06	2.558201e-09
3.99948854e-06	1.770956e-09
4.00348217e-06	2.685527e-09
