2.99769222e-07	6.244703e-17
3.00068553e-07	6.252613e-16
3.00368182e-07	6.426491e-16
3.00668111e-07	6.604901e-16
3.00968339e-07	6.787951e-16
3.01268867e-07	6.975754e-16
3.01569695e-07	7.168424e-16
3.01870824e-07	7.366078e-16
3.02172253e-07	7.568836e-16
3.02473983e-07	7.776820e-16
3.02776015e-07	7.990155e-16
3.03078348e-07	8.208969e-16
3.03380983e-07	8.433392e-16
3.03683920e-07	8.663557e-16
3.03987160e-07	8.899601e-16
3.04290702e-07	9.141662e-16
3.04594547e-07	9.389883e-16
3.04898696e-07	9.644410e-16
3.05203149e-07	9.905390e-16
3.05507906e-07	1.017298e-15
3.05812967e-07	1.044732e-15
3.06118332e-07	1.072858e-15
3.06424003e-07	1.101693e-15
3.06729978e-07	1.131252e-15
3.07036260e-07	1.161552e-15
3.07342847e-07	1.192610e-15
3.07649740e-07	1.224445e-15
3.07956940e-07	1.257074e-15
3.08264446e-07	1.290515e-15
3.08572260e-07	1.324787e-15
3.08880380e-07	1.359909e-15
3.09188809e-07	1.395901e-15
3.09497545e-07	1.432782e-15
3.09806590e-07	1.470574e-15
3.10115944e-07	1.509296e-15
3.10425606e-07	1.548970e-15
3.10735577e-07	1.589617e-15
3.11045858e-07	1.631259e-15
3.11356449e-07	1.673920e-15
3.11667350e-07	1.717622e-15
3.11978561e-07	1.762388e-15
3.12290084e-07	1.808242e-15
3.12601917e-07	1.855210e-15
3.12914061e-07	1.903314e-15
3.13226518e-07	1.952583e-15
3.13539286e-07	2.003040e-15
3.13852367e-07	2.054713e-15
3.14165760e-07	2.107628e-15
3.14479466e-07	2.161814e-15
3.14793485e-07	2.217297e-15
3.15107818e-07	2.274108e-15
3.15422465e-07	2.332275e-15
3.15737426e-07	2.391828e-15
3.16052702e-07	2.452798e-15
3.16368292e-07	2.515214e-15
3.16684197e-07	2.579110e-15
3.17000418e-07	2.644518e-15
3.17316955e-07	2.711470e-15
3.17633808e-07	2.780000e-15
3.17950977e-07	2.850142e-15
3.18268463e-07	2.921932e-15
3.18586266e-07	2.995404e-15
3.18904386e-07	3.070595e-15
3.19222824e-07	3.147542e-15
3.19541579e-07	3.226283e-15
3.19860654e-07	3.306856e-15
3.20180046e-07	3.389300e-15
3.20499758e-07	3.473656e-15
3.20819789e-07	3.559964e-15
3.21140139e-07	3.648266e-15
3.21460810e-07	3.738604e-15
3.21781800e-07	3.831021e-15
3.22103111e-07	3.925561e-15
3.22424743e-07	4.022269e-15
3.22746696e-07	4.121191e-15
3.23068971e-07	4.222373e-15
3.23391567e-07	4.325862e-15
3.23714485e-07	4.431707e-15
3.24037726e-07	4.539958e-15
3.24361290e-07	4.650663e-15
3.24685177e-07	4.763876e-15
3.25009387e-07	4.879646e-15
3.25333921e-07	4.998028e-15
3.25658779e-07	5.119076e-15
3.25983961e-07	5.242844e-15
3.26309468e-07	5.369389e-15
3.26635300e-07	5.498768e-15
3.26961458e-07	5.631038e-15
3.27287941e-07	5.766260e-15
3.27614750e-07	5.904494e-15
3.27941886e-07	6.045800e-15
3.28269348e-07	6.190242e-15
3.28597137e-07	6.337884e-15
3.28925253e-07	6.488789e-15
3.29253697e-07	6.643025e-15
3.29582469e-07	6.800659e-15
3.29911570e-07	6.961759e-15
3.30240998e-07	7.126395e-15
3.30570756e-07	7.294637e-15
3.30900844e-07	7.466560e-15
3.31231260e-07	7.642234e-15
3.31562007e-07	7.821737e-15
3.31893084e-07	8.005144e-15
3.32224491e-07	8.192533e-15
3.32556230e-07	8.383982e-15
3.32888300e-07	8.579573e-15
3.33220701e-07	8.779387e-15
3.33553434e-07	8.983507e-15
3.33886500e-07	9.192019e-15
3.34219898e-07	9.405008e-15
3.34553629e-07	9.622563e-15
3.34887693e-07	9.844772e-15
3.35222091e-07	1.007173e-14
3.35556822e-07	1.030352e-14
3.35891888e-07	1.054025e-14
3.36227289e-07	1.078200e-14
3.36563024e-07	1.102888e-14
3.36899095e-07	1.128099e-14
3.37235501e-07	1.153842e-14
3.37572243e-07	1.180128e-14
3.37909321e-07	1.206967e-14
3.38246736e-07	1.234370e-14
3.38584488e-07	1.262348e-14
3.38922578e-07	1.290912e-14
3.39261004e-07	1.320072e-14
3.39599769e-07	1.349841e-14
3.39938872e-07	1.380229e-14
3.40278313e-07	1.411249e-14
3.40618094e-07	1.442913e-14
3.40958214e-07	1.475232e-14
3.41298673e-07	1.508220e-14
3.41639473e-07	1.541888e-14
3.41980612e-07	1.576249e-14
3.42322093e-07	1.611317e-14
3.42663914e-07	1.647104e-14
3.43006076e-07	1.683625e-14
3.43348581e-07	1.720892e-14
3.43691427e-07	1.758920e-14
3.44034616e-07	1.797722e-14
3.44378147e-07	1.837314e-14
3.44722021e-07	1.877709e-14
3.45066239e-07	1.918923e-14
3.45410800e-07	1.960971e-14
3.45755706e-07	2.003867e-14
3.46100956e-07	2.047628e-14
3.46446550e-07	2.092269e-14
3.46792490e-07	2.137807e-14
3.47138775e-07	2.184258e-14
3.47485406e-07	2.231637e-14
3.47832383e-07	2.279964e-14
3.48179707e-07	2.329253e-14
3.48527377e-07	2.379524e-14
3.48875395e-07	2.430793e-14
3.49223760e-07	2.483079e-14
3.49572472e-07	2.536399e-14
3.49921534e-07	2.590773e-14
3.50270943e-07	2.646220e-14
3.50620702e-07	2.702758e-14
3.50970809e-07	2.760406e-14
3.51321267e-07	2.819186e-14
3.51672074e-07	2.879117e-14
3.52023232e-07	2.940219e-14
3.52374740e-07	3.002513e-14
3.52726599e-07	3.066021e-14
3.53078810e-07	3.130763e-14
3.53431372e-07	3.196761e-14
3.53784286e-07	3.264038e-14
3.54137553e-07	3.332616e-14
3.54491173e-07	3.402517e-14
3.54845145e-07	3.473765e-14
3.55199471e-07	3.546383e-14
3.55554151e-07	3.620390e-14
3.55909185e-07	3.695819e-14
3.56264573e-07	3.772701e-14
3.56620317e-07	3.851042e-14
3.56976415e-07	3.930877e-14
3.57332870e-07	4.012231e-14
3.57689680e-07	4.095128e-14
3.58046846e-07	4.179600e-14
3.58404369e-07	4.265670e-14
3.58762249e-07	4.353365e-14
3.59120487e-07	4.442714e-14
3.59479082e-07	4.533745e-14
3.59838035e-07	4.626485e-14
3.60197347e-07	4.720959e-14
3.60557017e-07	4.817154e-14
3.60917046e-07	4.915252e-14
3.61277436e-07	5.015145e-14
3.61638184e-07	5.116885e-14
3.61999294e-07	5.220514e-14
3.62360763e-07	5.326049e-14
3.62722594e-07	5.433570e-14
3.63084786e-07	5.543075e-14
3.63447339e-07	5.654585e-14
3.63810255e-07	5.768165e-14
3.64173533e-07	5.883822e-14
3.64537174e-07	6.001614e-14
3.64901178e-07	6.121558e-14
3.65265545e-07	6.243697e-14
3.65630276e-07	6.368066e-14
3.65995372e-07	6.494706e-14
3.66360832e-07	6.623648e-14
3.66726656e-07	6.754933e-14
3.67092847e-07	6.888594e-14
3.67459402e-07	7.024685e-14
3.67826324e-07	7.163207e-14
3.68193613e-07	7.304265e-14
3.68561267e-07	7.447853e-14
3.68929290e-07	7.594022e-14
3.69297679e-07	7.742781e-14
3.69666437e-07	7.894260e-14
3.70035562e-07	8.048392e-14
3.70405056e-07	8.205339e-14
3.70774920e-07	8.365031e-14
3.71145152e-07	8.527564e-14
3.71515754e-07	8.693001e-14
3.71886726e-07	8.861331e-14
3.72258069e-07	9.032701e-14
3.72629783e-07	9.207130e-14
3.73001867e-07	9.384555e-14
3.73374323e-07	9.565145e-14
3.73747152e-07	9.748893e-14
3.74120352e-07	9.935828e-14
3.74493925e-07	1.012605e-13
3.74867871e-07	1.031959e-13
3.75242191e-07	1.051662e-13
3.75616884e-07	1.071689e-13
3.75991951e-07	1.092086e-13
3.76367393e-07	1.112825e-13
3.76743210e-07	1.133915e-13
3.77119402e-07	1.155347e-13
3.77495970e-07	1.177221e-13
3.77872913e-07	1.199436e-13
3.78250233e-07	1.222023e-13
3.78627930e-07	1.245008e-13
3.79006004e-07	1.268385e-13
3.79384456e-07	1.292159e-13
3.79763285e-07	1.316328e-13
3.80142493e-07	1.340937e-13
3.80522079e-07	1.365942e-13
3.80902045e-07	1.391380e-13
3.81282390e-07	1.417256e-13
3.81663114e-07	1.443531e-13
3.82044219e-07	1.470277e-13
3.82425704e-07	1.497522e-13
3.82807570e-07	1.525185e-13
3.83189818e-07	1.553321e-13
3.83572447e-07	1.581897e-13
3.83955458e-07	1.611003e-13
3.84338852e-07	1.640554e-13
3.84722629e-07	1.670602e-13
3.85106789e-07	1.701197e-13
3.85491332e-07	1.732273e-13
3.85876259e-07	1.763864e-13
3.86261571e-07	1.795980e-13
3.86647268e-07	1.828603e-13
3.87033349e-07	1.861809e-13
3.87419816e-07	1.895539e-13
3.87806669e-07	1.929814e-13
3.88193909e-07	1.964689e-13
3.88581535e-07	2.000058e-13
3.88969548e-07	2.036095e-13
3.89357948e-07	2.072712e-13
3.89746737e-07	2.109862e-13
3.90135913e-07	2.147707e-13
3.90525478e-07	2.186084e-13
3.90915433e-07	2.225106e-13
3.91305776e-07	2.264792e-13
3.91696509e-07	2.305161e-13
3.92087633e-07	2.346113e-13
3.92479147e-07	2.387741e-13
3.92871052e-07	2.430032e-13
3.93263348e-07	2.473032e-13
3.93656036e-07	2.516701e-13
3.94049116e-07	2.561044e-13
3.94442589e-07	2.606069e-13
3.94836455e-07	2.651967e-13
3.95230713e-07	2.698335e-13
3.95625366e-07	2.745616e-13
3.96020412e-07	2.793673e-13
3.96415854e-07	2.842638e-13
3.96811689e-07	2.892172e-13
3.97207921e-07	2.942536e-13
3.97604547e-07	2.993682e-13
3.98001570e-07	3.045618e-13
3.98398990e-07	3.098280e-13
3.98796806e-07	3.152002e-13
3.99195019e-07	3.206307e-13
3.99593630e-07	3.261801e-13
3.99992639e-07	3.317883e-13
4.00392047e-07	3.374901e-13
4.00791853e-07	3.432935e-13
4.01192059e-07	3.491737e-13
4.01592664e-07	3.551532e-13
4.01993669e-07	3.612178e-13
4.02395074e-07	3.673721e-13
4.02796881e-07	3.736359e-13
4.03199088e-07	3.799911e-13
4.03601698e-07	3.864304e-13
4.04004709e-07	3.929927e-13
4.04408123e-07	3.996402e-13
4.04811939e-07	4.063719e-13
4.05216159e-07	4.132459e-13
4.05620782e-07	4.202178e-13
4.06025810e-07	4.272791e-13
4.06431241e-07	4.344125e-13
4.06837078e-07	4.417310e-13
4.07243320e-07	4.491170e-13
4.07649967e-07	4.566491e-13
4.08057021e-07	4.642672e-13
4.08464481e-07	4.720074e-13
4.08872348e-07	4.798385e-13
4.09280622e-07	4.878323e-13
4.09689304e-07	4.959177e-13
4.10098394e-07	5.041284e-13
4.10507892e-07	5.124026e-13
4.10917800e-07	5.209194e-13
4.11328116e-07	5.289539e-13
4.11738843e-07	5.381971e-13
4.12149979e-07	5.468584e-13
4.12561526e-07	5.559975e-13
4.12973484e-07	5.651443e-13
4.13385854e-07	5.744037e-13
4.13798635e-07	5.837640e-13
4.14211828e-07	5.932457e-13
4.14625434e-07	6.028460e-13
4.15039453e-07	6.127444e-13
4.15453885e-07	6.226596e-13
4.15868731e-07	6.327387e-13
4.16283991e-07	6.430522e-13
4.16699666e-07	6.534081e-13
4.17115756e-07	6.639739e-13
4.17532262e-07	6.746327e-13
4.17949183e-07	6.855071e-13
4.18366521e-07	6.965139e-13
4.18784276e-07	7.075965e-13
4.19202447e-07	7.189793e-13
4.19621036e-07	7.303094e-13
4.20040044e-07	7.421787e-13
4.20459469e-07	7.539910e-13
4.20879314e-07	7.658869e-13
4.21299577e-07	7.781737e-13
4.21720260e-07	7.901192e-13
4.22141364e-07	8.027417e-13
4.22562887e-07	8.156988e-13
4.22984832e-07	8.278775e-13
4.23407198e-07	8.414840e-13
4.23829986e-07	8.546455e-13
4.24253196e-07	8.682038e-13
4.24676828e-07	8.820229e-13
4.25100884e-07	8.958203e-13
4.25525363e-07	9.097630e-13
4.25950266e-07	9.241053e-13
4.26375593e-07	9.384875e-13
4.26801345e-07	9.532016e-13
4.27227522e-07	9.678979e-13
4.27654124e-07	9.830268e-13
4.28081153e-07	9.982225e-13
4.28508608e-07	1.013762e-12
4.28936489e-07	1.029192e-12
4.29364798e-07	1.044940e-12
4.29793535e-07	1.061458e-12
4.30222700e-07	1.077822e-12
4.30652293e-07	1.094315e-12
4.31082315e-07	1.111116e-12
4.31512767e-07	1.128310e-12
4.31943648e-07	1.145548e-12
4.32374960e-07	1.163057e-12
4.32806703e-07	1.180718e-12
4.33238876e-07	1.198470e-12
4.33671481e-07	1.216966e-12
4.34104518e-07	1.235518e-12
4.34537988e-07	1.254021e-12
4.34971890e-07	1.273097e-12
4.35406226e-07	1.292510e-12
4.35840995e-07	1.311637e-12
4.36276198e-07	1.331757e-12
4.36711836e-07	1.351521e-12
4.37147909e-07	1.371992e-12
4.37584417e-07	1.392962e-12
4.38021362e-07	1.413809e-12
4.38458742e-07	1.434805e-12
4.38896560e-07	1.456446e-12
4.39334814e-07	1.477811e-12
4.39773506e-07	1.499968e-12
4.40212636e-07	1.522630e-12
4.40652205e-07	1.545281e-12
4.41092212e-07	1.568058e-12
4.41532659e-07	1.591255e-12
4.41973546e-07	1.614699e-12
4.42414873e-07	1.638711e-12
4.42856641e-07	1.662250e-12
4.43298849e-07	1.686510e-12
4.43741500e-07	1.712163e-12
4.44184592e-07	1.737280e-12
4.44628127e-07	1.762893e-12
4.45072105e-07	1.788697e-12
4.45516526e-07	1.814719e-12
4.45961390e-07	1.830800e-12
4.46406699e-07	1.868328e-12
4.46852453e-07	1.895579e-12
4.47298652e-07	1.922952e-12
4.47745296e-07	1.951305e-12
4.48192386e-07	1.979603e-12
4.48639923e-07	2.005290e-12
4.49087906e-07	2.036847e-12
4.49536337e-07	2.066956e-12
4.49985216e-07	2.096559e-12
4.50434543e-07	2.126755e-12
4.50884319e-07	2.157128e-12
4.51334543e-07	2.188162e-12
4.51785218e-07	2.219335e-12
4.52236342e-07	2.250818e-12
4.52687917e-07	2.283623e-12
4.53139942e-07	2.316150e-12
4.53592419e-07	2.349452e-12
4.54045348e-07	2.382604e-12
4.54498729e-07	2.414312e-12
4.54952563e-07	2.451359e-12
4.55406850e-07	2.486298e-12
4.55861591e-07	2.521171e-12
4.56316785e-07	2.557253e-12
4.56772435e-07	2.593692e-12
4.57228539e-07	2.629982e-12
4.57685098e-07	2.666760e-12
4.58142114e-07	2.704164e-12
4.58599586e-07	2.742202e-12
4.59057514e-07	2.780224e-12
4.59515900e-07	2.820086e-12
4.59974744e-07	2.859613e-12
4.60434046e-07	2.898971e-12
4.60893806e-07	2.939078e-12
4.61354026e-07	2.981258e-12
4.61814705e-07	3.022631e-12
4.62275844e-07	3.064567e-12
4.62737444e-07	3.106706e-12
4.63199504e-07	3.150140e-12
4.63662026e-07	3.193612e-12
4.64125010e-07	3.237378e-12
4.64588456e-07	3.281090e-12
4.65052364e-07	3.326586e-12
4.65516737e-07	3.370830e-12
4.65981572e-07	3.420332e-12
4.66446872e-07	3.465621e-12
4.66912637e-07	3.510508e-12
4.67378866e-07	3.562166e-12
4.67845561e-07	3.608192e-12
4.68312722e-07	3.660689e-12
4.68780350e-07	3.701951e-12
4.69248445e-07	3.761128e-12
4.69717007e-07	3.809208e-12
4.70186036e-07	3.864468e-12
4.70655535e-07	3.914770e-12
4.71125502e-07	3.956326e-12
4.71595938e-07	4.023218e-12
4.72066844e-07	4.077613e-12
4.72538220e-07	4.131773e-12
4.73010067e-07	4.187913e-12
4.73482385e-07	4.244733e-12
4.73955175e-07	4.293252e-12
4.74428437e-07	4.358745e-12
4.74902171e-07	4.414668e-12
4.75376378e-07	4.472540e-12
4.75851059e-07	4.530810e-12
4.76326214e-07	4.596767e-12
4.76801844e-07	4.660358e-12
4.77277948e-07	4.716692e-12
4.77754528e-07	4.777019e-12
4.78231583e-07	4.844861e-12
4.78709115e-07	4.910696e-12
4.79187124e-07	4.974715e-12
4.79665610e-07	5.038601e-12
4.80144574e-07	5.092388e-12
4.80624016e-07	5.175395e-12
4.81103937e-07	5.240097e-12
4.81584337e-07	5.310857e-12
4.82065217e-07	5.377883e-12
4.82546577e-07	5.455846e-12
4.83028417e-07	5.516827e-12
4.83510739e-07	5.561467e-12
4.83993543e-07	5.653967e-12
4.84476828e-07	5.721013e-12
4.84960596e-07	5.808377e-12
4.85444847e-07	5.885512e-12
4.85929582e-07	5.970753e-12
4.86414801e-07	6.044987e-12
4.86900504e-07	6.124286e-12
4.87386692e-07	6.202134e-12
4.87873366e-07	6.234547e-12
4.88360525e-07	6.367928e-12
4.88848171e-07	6.444959e-12
4.89336304e-07	6.524711e-12
4.89824925e-07	6.552996e-12
4.90314033e-07	6.699204e-12
4.90803630e-07	6.776704e-12
4.91293716e-07	6.873580e-12
4.91784291e-07	6.962939e-12
4.92275355e-07	7.049797e-12
4.92766911e-07	7.135235e-12
4.93258957e-07	7.237810e-12
4.93751494e-07	7.327146e-12
4.94244523e-07	7.400126e-12
4.94738045e-07	7.508369e-12
4.95232059e-07	7.605088e-12
4.95726566e-07	7.704494e-12
4.96221568e-07	7.797674e-12
4.96717063e-07	7.893695e-12
4.97213054e-07	7.984827e-12
4.97709539e-07	8.091238e-12
4.98206521e-07	8.202294e-12
4.98703999e-07	8.300065e-12
4.99201973e-07	8.397021e-12
4.99700445e-07	8.507005e-12
5.00199414e-07	8.626176e-12
5.00698882e-07	8.740556e-12
5.01198848e-07	8.835207e-12
5.01699314e-07	8.946599e-12
5.02200279e-07	9.049742e-12
5.02701745e-07	9.180726e-12
5.03203711e-07	9.270610e-12
5.03706178e-07	9.395084e-12
5.04209148e-07	9.529276e-12
5.04712619e-07	9.631875e-12
5.05216594e-07	9.764043e-12
5.05721071e-07	9.863440e-12
5.06226052e-07	1.000801e-11
5.06731538e-07	1.010347e-11
5.07237528e-07	1.023784e-11
5.07744023e-07	1.038073e-11
5.08251025e-07	1.048491e-11
5.08758532e-07	1.059749e-11
5.09266546e-07	1.076580e-11
5.09775068e-07	1.090052e-11
5.10284097e-07	1.101623e-11
5.10793635e-07	1.105466e-11
5.11303681e-07	1.127282e-11
5.11814237e-07	1.140253e-11
5.12325302e-07	1.145749e-11
5.12836878e-07	1.167234e-11
5.13348965e-07	1.179750e-11
5.13861563e-07	1.197870e-11
5.14374672e-07	1.209135e-11
5.14888295e-07	1.230446e-11
5.15402430e-07	1.244466e-11
5.15917078e-07	1.259860e-11
5.16432240e-07	1.273359e-11
5.16947917e-07	1.288000e-11
5.17464109e-07	1.303926e-11
5.17980816e-07	1.320210e-11
5.18498039e-07	1.338790e-11
5.19015778e-07	1.353570e-11
5.19534035e-07	1.371810e-11
5.20052809e-07	1.388141e-11
5.20572101e-07	1.401632e-11
5.21091911e-07	1.420404e-11
5.21612241e-07	1.436616e-11
5.22133090e-07	1.456727e-11
5.22654459e-07	1.471670e-11
5.23176349e-07	1.488245e-11
5.23698760e-07	1.507622e-11
5.24221693e-07	1.514564e-11
5.24745148e-07	1.540788e-11
5.25269125e-07	1.561739e-11
5.25793626e-07	1.581171e-11
5.26318650e-07	1.600370e-11
5.26844199e-07	1.613819e-11
5.27370272e-07	1.635864e-11
5.27896871e-07	1.640661e-11
5.28423996e-07	1.677258e-11
5.28951647e-07	1.695523e-11
5.29479824e-07	1.712141e-11
5.30008530e-07	1.736699e-11
5.30537763e-07	1.756503e-11
5.31067524e-07	1.774232e-11
5.31597815e-07	1.797112e-11
5.32128635e-07	1.819124e-11
5.32659985e-07	1.835554e-11
5.33191866e-07	1.858076e-11
5.33724278e-07	1.881533e-11
5.34257221e-07	1.901306e-11
5.34790697e-07	1.924594e-11
5.35324705e-07	1.948493e-11
5.35859247e-07	1.967592e-11
5.36394322e-07	1.981672e-11
5.36929932e-07	2.017802e-11
5.37466076e-07	2.038994e-11
5.38002756e-07	2.065516e-11
5.38539972e-07	2.084942e-11
5.39077724e-07	2.098516e-11
5.39616013e-07	2.107357e-11
5.40154839e-07	2.143268e-11
5.40694204e-07	2.175087e-11
5.41234107e-07	2.206429e-11
5.41774550e-07	2.221202e-11
5.42315532e-07	2.232394e-11
5.42857054e-07	2.267163e-11
5.43399117e-07	2.271299e-11
5.43941721e-07	2.286546e-11
5.44484867e-07	2.357002e-11
5.45028555e-07	2.379729e-11
5.45572786e-07	2.414906e-11
5.46117561e-07	2.429220e-11
5.46662879e-07	2.441557e-11
5.47208743e-07	2.485625e-11
5.47755151e-07	2.520431e-11
5.48302105e-07	2.538281e-11
5.48849605e-07	2.579707e-11
5.49397651e-07	2.606990e-11
5.49946245e-07	2.643263e-11
5.50495387e-07	2.657615e-11
5.51045077e-07	2.703698e-11
5.51595316e-07	2.703468e-11
5.52146104e-07	2.765865e-11
5.52697443e-07	2.764191e-11
5.53249331e-07	2.818414e-11
5.53801771e-07	2.805610e-11
5.54354763e-07	2.873163e-11
5.54908307e-07	2.922757e-11
5.55462403e-07	2.942805e-11
5.56017053e-07	2.977065e-11
5.56572257e-07	2.979447e-11
5.57128015e-07	3.028937e-11
5.57684328e-07	3.057787e-11
5.58241196e-07	3.118719e-11
5.58798621e-07	3.156933e-11
5.59356602e-07	3.185644e-11
5.59915140e-07	3.220834e-11
5.60474236e-07	3.244722e-11
5.61033890e-07	3.287812e-11
5.61594104e-07	3.312575e-11
5.62154876e-07	3.371157e-11
5.62716209e-07	3.394191e-11
5.63278102e-07	3.438765e-11
5.63840556e-07	3.455757e-11
5.64403571e-07	3.508781e-11
5.64967149e-07	3.555096e-11
5.65531290e-07	3.579093e-11
5.66095994e-07	3.600342e-11
5.66661262e-07	3.661666e-11
5.67227094e-07	3.694722e-11
5.67793491e-07	3.708265e-11
5.68360454e-07	3.616096e-11
5.68927983e-07	3.784637e-11
5.69496079e-07	3.833509e-11
5.70064741e-07	3.872842e-11
5.70633972e-07	3.889875e-11
5.71203771e-07	3.920120e-11
5.71774140e-07	3.929044e-11
5.72345077e-07	4.002530e-11
5.72916585e-07	4.107247e-11
5.73488663e-07	4.159863e-11
5.74061313e-07	4.176807e-11
5.74634535e-07	4.201412e-11
5.75208328e-07	4.241493e-11
5.75782695e-07	4.319085e-11
5.76357636e-07	4.344541e-11
5.76933150e-07	4.415497e-11
5.77509239e-07	4.451797e-11
5.78085904e-07	4.417539e-11
5.78663144e-07	4.510388e-11
5.79240960e-07	4.505966e-11
5.79819354e-07	4.629829e-11
5.80398325e-07	4.597549e-11
5.80977874e-07	4.700986e-11
5.81558002e-07	4.641419e-11
5.82138709e-07	4.852801e-11
5.82719997e-07	4.856912e-11
5.83301864e-07	4.919464e-11
5.83884313e-07	4.859937e-11
5.84467343e-07	4.946287e-11
5.85050955e-07	5.026409e-11
5.85635150e-07	5.120092e-11
5.86219928e-07	5.072471e-11
5.86805291e-07	4.962394e-11
5.87391238e-07	5.247589e-11
5.87977770e-07	5.268561e-11
5.88564887e-07	5.317995e-11
5.89152591e-07	4.887116e-11
5.89740882e-07	5.304771e-11
5.90329760e-07	5.220723e-11
5.90919226e-07	5.512107e-11
5.91509281e-07	5.591345e-11
5.92099925e-07	5.403939e-11
5.92691158e-07	5.657594e-11
5.93282982e-07	5.684083e-11
5.93875397e-07	5.735469e-11
5.94468404e-07	5.787942e-11
5.95062003e-07	5.813552e-11
5.95656194e-07	5.990780e-11
5.96250979e-07	6.004677e-11
5.96846358e-07	5.753209e-11
5.97442331e-07	6.084058e-11
5.98038899e-07	6.102106e-11
5.98636063e-07	6.301551e-11
5.99233823e-07	6.206900e-11
5.99832181e-07	6.405099e-11
6.00431135e-07	5.841956e-11
6.01030688e-07	6.476743e-11
6.01630839e-07	6.484035e-11
6.02231590e-07	6.486883e-11
6.02832941e-07	6.723116e-11
6.03434892e-07	6.815662e-11
6.04037444e-07	6.671503e-11
6.04640598e-07	6.561802e-11
6.05244354e-07	6.866373e-11
6.05848713e-07	6.913280e-11
6.06453675e-07	6.990066e-11
6.07059241e-07	7.196487e-11
6.07665413e-07	7.242037e-11
6.08272189e-07	7.397716e-11
6.08879571e-07	7.527509e-11
6.09487560e-07	7.578569e-11
6.10096156e-07	7.675883e-11
6.10705360e-07	7.579242e-11
6.11315172e-07	7.830660e-11
6.11925592e-07	7.871638e-11
6.12536623e-07	7.832124e-11
6.13148263e-07	8.105363e-11
6.13760515e-07	8.077212e-11
6.14373377e-07	7.946020e-11
6.14986852e-07	8.263734e-11
6.15600939e-07	8.405445e-11
6.16215639e-07	8.374841e-11
6.16830953e-07	8.240622e-11
6.17446882e-07	8.598777e-11
6.18063426e-07	8.678255e-11
6.18680585e-07	8.847917e-11
6.19298360e-07	8.780611e-11
6.19916753e-07	8.788912e-11
6.20535763e-07	9.040890e-11
6.21155390e-07	8.959521e-11
6.21775637e-07	9.330740e-11
6.22396503e-07	9.297189e-11
6.23017989e-07	9.461514e-11
6.23640096e-07	9.322502e-11
6.24262823e-07	9.503212e-11
6.24886173e-07	9.622736e-11
6.25510145e-07	9.774315e-11
6.26134740e-07	9.545879e-11
6.26759959e-07	9.642500e-11
6.27385802e-07	9.847480e-11
6.28012270e-07	9.747591e-11
6.28639363e-07	9.899422e-11
6.29267083e-07	1.038689e-10
6.29895429e-07	1.028671e-10
6.30524403e-07	1.019799e-10
6.31154005e-07	1.030430e-10
6.31784236e-07	1.045492e-10
6.32415096e-07	1.029882e-10
6.33046586e-07	1.017625e-10
6.33678706e-07	1.099589e-10
6.34311458e-07	1.105951e-10
6.34944842e-07	1.103103e-10
6.35578858e-07	1.124999e-10
6.36213507e-07	1.142637e-10
6.36848789e-07	1.146308e-10
6.37484706e-07	1.117234e-10
6.38121259e-07	1.142465e-10
6.38758446e-07	1.141690e-10
6.39396270e-07	1.183592e-10
6.40034731e-07	1.190995e-10
6.40673830e-07	1.188889e-10
6.41313566e-07	1.193487e-10
6.41953941e-07	1.211665e-10
6.42594956e-07	1.233270e-10
6.43236611e-07	1.204673e-10
6.43878907e-07	1.220207e-10
6.44521844e-07	1.180304e-10
6.45165423e-07	1.251814e-10
6.45809644e-07	1.263841e-10
6.46454509e-07	1.256064e-10
6.47100018e-07	1.221306e-10
6.47746171e-07	1.225492e-10
6.48392970e-07	1.269108e-10
6.49040414e-07	1.334738e-10
6.49688505e-07	1.304535e-10
6.50337243e-07	1.354254e-10
6.50986629e-07	1.348375e-10
6.51636663e-07	1.259613e-10
6.52287347e-07	1.310936e-10
6.52938680e-07	1.308195e-10
6.53590663e-07	1.359976e-10
6.54243298e-07	1.372808e-10
6.54896584e-07	1.419068e-10
6.55550522e-07	1.405906e-10
6.56205114e-07	1.343742e-10
6.56860359e-07	1.382006e-10
6.57516258e-07	1.323723e-10
6.58172813e-07	1.444023e-10
6.58830023e-07	9.992201e-11
6.59487889e-07	1.332777e-10
6.60146412e-07	1.472231e-10
6.60805592e-07	1.546100e-10
6.61465431e-07	1.508140e-10
6.62125929e-07	1.549852e-10
6.62787086e-07	9.861930e-11
6.63448904e-07	1.300612e-10
6.64111382e-07	1.582282e-10
6.64774522e-07	1.454593e-10
6.65438324e-07	1.569177e-10
6.66102789e-07	1.599988e-10
6.66767917e-07	1.545580e-10
6.67433710e-07	1.528881e-10
6.68100167e-07	1.622939e-10
6.68767290e-07	1.654779e-10
6.69435079e-07	1.670403e-10
6.70103534e-07	1.701696e-10
6.70772657e-07	1.595979e-10
6.71442449e-07	1.741670e-10
6.72112909e-07	1.687996e-10
6.72784039e-07	1.773361e-10
6.73455838e-07	1.781710e-10
6.74128309e-07	1.637732e-10
6.74801451e-07	1.623068e-10
6.75475265e-07	1.755110e-10
6.76149752e-07	1.849970e-10
6.76824913e-07	1.675229e-10
6.77500748e-07	1.827759e-10
6.78177257e-07	1.856876e-10
6.78854443e-07	1.843295e-10
6.79532304e-07	1.833803e-10
6.80210842e-07	1.895462e-10
6.80890058e-07	1.912182e-10
6.81569952e-07	1.843428e-10
6.82250525e-07	1.882746e-10
6.82931777e-07	1.993719e-10
6.83613710e-07	1.971210e-10
6.84296323e-07	1.994866e-10
6.84979619e-07	2.037325e-10
6.85663596e-07	1.959906e-10
6.86348257e-07	2.050768e-10
6.87033601e-07	2.053138e-10
6.87719629e-07	1.479340e-10
6.88406343e-07	1.936371e-10
6.89093742e-07	2.050835e-10
6.89781828e-07	2.037363e-10
6.90470600e-07	2.013566e-10
6.91160061e-07	1.907340e-10
6.91850210e-07	1.875578e-10
6.92541048e-07	1.506418e-10
6.93232576e-07	1.874923e-10
6.93924794e-07	1.996362e-10
6.94617704e-07	1.946191e-10
6.95311305e-07	2.002302e-10
6.96005599e-07	2.043559e-10
6.96700587e-07	2.014459e-10
6.97396268e-07	2.045152e-10
6.98092644e-07	2.105101e-10
6.98789716e-07	2.174474e-10
6.99487483e-07	2.214389e-10
7.00185947e-07	2.048457e-10
7.00885109e-07	2.052369e-10
7.01584968e-07	2.234234e-10
7.02285527e-07	2.175764e-10
7.02986785e-07	2.042920e-10
7.03688744e-07	2.181836e-10
7.04391403e-07	2.146093e-10
7.05094764e-07	2.114435e-10
7.05798827e-07	2.376225e-10
7.06503593e-07	2.344326e-10
7.07209063e-07	1.998977e-10
7.07915238e-07	2.310430e-10
7.08622117e-07	2.264543e-10
7.09329703e-07	1.917134e-10
7.10037995e-07	2.282116e-10
7.10746994e-07	2.104910e-10
7.11456701e-07	2.373536e-10
7.12167117e-07	2.023127e-10
7.12878242e-07	2.259382e-10
7.13590078e-07	2.274968e-10
7.14302624e-07	2.061615e-10
7.15015881e-07	2.251099e-10
7.15729851e-07	2.035828e-10
7.16444534e-07	2.037054e-10
7.17159931e-07	2.205241e-10
7.17876041e-07	2.101558e-10
7.18592867e-07	2.138190e-10
7.19310409e-07	2.101147e-10
7.20028667e-07	2.153852e-10
7.20747642e-07	2.046206e-10
7.21467335e-07	1.790076e-10
7.22187747e-07	2.186417e-10
7.22908878e-07	2.205219e-10
7.23630730e-07	1.679941e-10
7.24353302e-07	1.985323e-10
7.25076595e-07	2.205366e-10
7.25800611e-07	2.075029e-10
7.26525350e-07	2.055304e-10
7.27250813e-07	2.232888e-10
7.27976999e-07	2.386867e-10
7.28703911e-07	2.252675e-10
7.29431549e-07	2.173978e-10
7.30159914e-07	2.045528e-10
7.30889005e-07	1.974075e-10
7.31618825e-07	2.438465e-10
7.32349374e-07	2.037347e-10
7.33080652e-07	2.355432e-10
7.33812660e-07	2.367871e-10
7.34545399e-07	2.442222e-10
7.35278870e-07	2.419600e-10
7.36013073e-07	2.358177e-10
7.36748009e-07	1.833565e-10
7.37483680e-07	2.417278e-10
7.38220084e-07	2.297837e-10
7.38957224e-07	2.506068e-10
7.39695101e-07	2.738645e-10
7.40433714e-07	2.303806e-10
7.41173064e-07	2.376678e-10
7.41913153e-07	1.877893e-10
7.42653981e-07	2.555700e-10
7.43395548e-07	2.681354e-10
7.44137856e-07	7.774855e-11
7.44880905e-07	2.628862e-10
7.45624697e-07	1.603403e-10
7.46369230e-07	2.459444e-10
7.47114508e-07	2.262963e-10
7.47860529e-07	2.761332e-10
7.48607296e-07	2.548816e-10
7.49354808e-07	2.813704e-10
7.50103066e-07	2.776968e-10
7.50852072e-07	2.261473e-10
7.51601826e-07	2.459645e-10
7.52352328e-07	2.609224e-10
7.53103580e-07	2.451763e-10
7.53855582e-07	2.673990e-10
7.54608334e-07	2.805832e-10
7.55361839e-07	2.827363e-10
7.56116095e-07	2.750413e-10
7.56871105e-07	2.650799e-10
7.57626869e-07	2.817644e-10
7.58383388e-07	2.914219e-10
7.59140662e-07	2.631545e-10
7.59898692e-07	2.869111e-10
7.60657479e-07	2.775676e-10
7.61417023e-07	3.064886e-10
7.62177326e-07	3.157912e-10
7.62938389e-07	3.251407e-10
7.63700211e-07	3.304355e-10
7.64462794e-07	3.254494e-10
7.65226138e-07	2.916202e-10
7.65990245e-07	3.265405e-10
7.66755115e-07	3.312715e-10
7.67520748e-07	3.142610e-10
7.68287146e-07	3.419853e-10
7.69054309e-07	3.254200e-10
7.69822238e-07	3.051739e-10
7.70590934e-07	2.948303e-10
7.71360398e-07	3.260064e-10
7.72130630e-07	3.067898e-10
7.72901631e-07	3.613954e-10
7.73673402e-07	3.358747e-10
7.74445944e-07	3.483752e-10
7.75219257e-07	3.514316e-10
7.75993342e-07	3.609744e-10
7.76768200e-07	3.551784e-10
7.77543832e-07	3.340999e-10
7.78320238e-07	3.602190e-10
7.79097420e-07	3.217213e-10
7.79875377e-07	3.658185e-10
7.80654112e-07	3.802440e-10
7.81433624e-07	3.719062e-10
7.82213914e-07	3.804683e-10
7.82994984e-07	3.859190e-10
7.83776833e-07	3.459759e-10
7.84559463e-07	3.639124e-10
7.85342875e-07	3.768844e-10
7.86127069e-07	3.871929e-10
7.86912046e-07	3.417657e-10
7.87697807e-07	3.920261e-10
7.88484352e-07	3.769331e-10
7.89271683e-07	3.766949e-10
7.90059800e-07	3.777166e-10
7.90848704e-07	4.040502e-10
7.91638396e-07	4.064993e-10
7.92428876e-07	4.121392e-10
7.93220146e-07	4.116772e-10
7.94012205e-07	4.126244e-10
7.94805056e-07	4.127533e-10
7.95598698e-07	4.200154e-10
7.96393133e-07	4.014862e-10
7.97188361e-07	4.381148e-10
7.97984383e-07	4.112103e-10
7.98781200e-07	4.229519e-10
7.99578813e-07	4.318429e-10
8.00377222e-07	4.091309e-10
8.01176428e-07	4.293579e-10
8.01976433e-07	4.339548e-10
8.02777236e-07	4.362393e-10
8.03578839e-07	3.648581e-10
8.04381242e-07	4.050978e-10
8.05184446e-07	4.312516e-10
8.05988453e-07	3.991321e-10
8.06793262e-07	3.031345e-10
8.07598875e-07	2.695975e-10
8.08405293e-07	3.921636e-10
8.09212515e-07	3.477445e-10
8.10020544e-07	3.623268e-10
8.10829379e-07	3.274285e-10
8.11639023e-07	3.264658e-10
8.12449474e-07	2.721532e-10
8.13260735e-07	2.930345e-10
8.14072806e-07	3.838040e-10
8.14885688e-07	2.508568e-10
8.15699382e-07	2.686049e-10
8.16513888e-07	4.036150e-10
8.17329207e-07	4.030536e-10
8.18145341e-07	4.104525e-10
8.18962289e-07	3.872215e-10
8.19780053e-07	3.727912e-10
8.20598634e-07	3.691737e-10
8.21418032e-07	4.186470e-10
8.22238248e-07	4.322536e-10
8.23059284e-07	4.396666e-11
8.23881139e-07	3.975195e-10
8.24703815e-07	3.321509e-10
8.25527312e-07	4.229927e-10
8.26351632e-07	3.820734e-10
8.27176774e-07	4.307822e-10
8.28002741e-07	4.890565e-10
8.28829533e-07	3.358984e-10
8.29657150e-07	2.946810e-10
8.30485593e-07	4.583169e-10
8.31314864e-07	3.939460e-10
8.32144962e-07	5.025368e-10
8.32975890e-07	4.935125e-10
8.33807647e-07	4.593727e-10
8.34640235e-07	3.053800e-10
8.35473654e-07	2.054982e-10
8.36307906e-07	3.811053e-10
8.37142990e-07	4.092126e-10
8.37978908e-07	4.420147e-10
8.38815661e-07	3.408428e-10
8.39653250e-07	4.589635e-10
8.40491675e-07	3.756140e-10
8.41330937e-07	4.087987e-10
8.42171037e-07	4.358233e-10
8.43011976e-07	4.248147e-10
8.43853755e-07	4.392952e-10
8.44696374e-07	4.936968e-10
8.45539834e-07	4.549210e-10
8.46384137e-07	2.535029e-10
8.47229283e-07	4.548441e-10
8.48075273e-07	4.474384e-10
8.48922108e-07	4.986498e-10
8.49769788e-07	4.968396e-10
8.50618314e-07	4.637882e-10
8.51467688e-07	4.836162e-10
8.52317910e-07	4.739657e-10
8.53168981e-07	5.129453e-10
8.54020902e-07	5.264724e-10
8.54873674e-07	4.621104e-10
8.55727297e-07	3.730866e-10
8.56581772e-07	4.210526e-10
8.57437101e-07	4.764981e-10
8.58293284e-07	4.744524e-10
8.59150321e-07	5.392883e-10
8.60008215e-07	4.447767e-10
8.60866965e-07	5.466726e-10
8.61726572e-07	5.355051e-10
8.62587038e-07	5.467110e-10
8.63448363e-07	5.410325e-10
8.64310548e-07	5.495315e-10
8.65173595e-07	5.484512e-10
8.66037502e-07	5.339281e-10
8.66902273e-07	6.026575e-10
8.67767907e-07	5.288932e-10
8.68634405e-07	6.377371e-10
8.69501769e-07	5.257358e-10
8.70369999e-07	5.350750e-10
8.71239096e-07	4.001653e-10
8.72109060e-07	6.222389e-10
8.72979893e-07	6.107520e-10
8.73851596e-07	6.509499e-10
8.74724169e-07	6.271235e-10
8.75597614e-07	5.733865e-10
8.76471930e-07	6.250509e-10
8.77347120e-07	6.866903e-10
8.78223184e-07	5.698638e-10
8.79100122e-07	6.621370e-10
8.79977936e-07	6.757192e-10
8.80856627e-07	6.190470e-10
8.81736195e-07	6.363894e-10
8.82616641e-07	6.691595e-10
8.83497966e-07	6.140698e-10
8.84380172e-07	6.449114e-10
8.85263258e-07	6.974870e-10
8.86147226e-07	6.254852e-10
8.87032077e-07	6.064989e-10
8.87917812e-07	6.690434e-10
8.88804430e-07	6.382817e-10
8.89691935e-07	6.610385e-10
8.90580325e-07	6.957392e-10
8.91469602e-07	5.442551e-10
8.92359768e-07	5.606917e-10
8.93250822e-07	5.747634e-10
8.94142766e-07	6.780017e-10
8.95035601e-07	6.093010e-10
8.95929327e-07	6.008932e-10
8.96823946e-07	5.605257e-10
8.97719458e-07	2.591002e-10
8.98615864e-07	6.523166e-10
8.99513165e-07	6.740839e-10
9.00411362e-07	7.029951e-10
9.01310456e-07	6.635251e-10
9.02210448e-07	6.745863e-10
9.03111339e-07	5.912078e-10
9.04013129e-07	5.798147e-10
9.04915820e-07	6.500801e-10
9.05819412e-07	5.989025e-10
9.06723906e-07	7.088157e-10
9.07629303e-07	5.575025e-10
9.08535605e-07	7.464886e-10
9.09442811e-07	5.571226e-10
9.10350924e-07	6.782388e-10
9.11259943e-07	7.444528e-10
9.12169869e-07	6.881224e-10
9.13080705e-07	3.952812e-10
9.13992450e-07	7.358076e-10
9.14905105e-07	7.550716e-10
9.15818672e-07	8.644822e-11
9.16733151e-07	4.766578e-10
9.17648543e-07	2.876600e-10
9.18564849e-07	6.521073e-10
9.19482070e-07	4.861521e-10
9.20400207e-07	4.902692e-10
9.21319260e-07	5.044865e-10
9.22239232e-07	5.033407e-10
9.23160122e-07	2.531194e-10
9.24081931e-07	3.600684e-10
9.25004661e-07	7.287186e-10
9.25928313e-07	7.618595e-11
9.26852887e-07	5.402994e-10
9.27778384e-07	2.928709e-10
9.28704805e-07	6.251384e-11
9.29632151e-07	2.823507e-10
9.30560423e-07	5.888135e-10
9.31489622e-07	6.341697e-10
9.32419749e-07	8.649211e-11
9.33350805e-07	1.094617e-10
9.34282790e-07	2.697212e-10
9.35215706e-07	4.254726e-10
9.36149554e-07	4.029553e-10
9.37084334e-07	5.635253e-10
9.38020047e-07	2.689066e-11
9.38956695e-07	1.403499e-10
9.39894278e-07	3.413425e-10
9.40832797e-07	6.236716e-10
9.41772253e-07	6.569830e-11
9.42712648e-07	2.411360e-10
9.43653981e-07	1.317446e-10
9.44596255e-07	1.678393e-10
9.45539469e-07	4.467635e-10
9.46483625e-07	5.159481e-10
9.47428724e-07	2.156456e-10
9.48374767e-07	3.642336e-10
9.49321755e-07	3.545836e-10
9.50269687e-07	3.731426e-10
9.51218567e-07	5.236196e-10
9.52168394e-07	3.206655e-10
9.53119169e-07	2.954224e-10
9.54070894e-07	6.221073e-10
9.55023569e-07	5.432723e-10
9.55977196e-07	2.610573e-10
9.56931774e-07	1.030108e-10
9.57887306e-07	5.358455e-10
9.58843792e-07	4.916516e-10
9.59801233e-07	2.721652e-10
9.60759630e-07	1.602466e-10
9.61718984e-07	4.336007e-10
9.62679296e-07	1.490156e-10
9.63640567e-07	1.064010e-10
9.64602798e-07	5.078403e-10
9.65565990e-07	3.632446e-10
9.66530143e-07	5.508991e-10
9.67495259e-07	4.020619e-10
9.68461339e-07	1.980464e-10
9.69428384e-07	2.423853e-10
9.70396394e-07	6.493581e-10
9.71365371e-07	5.786345e-10
9.72335315e-07	4.815984e-10
9.73306228e-07	3.731331e-10
9.74278110e-07	1.272127e-10
9.75250963e-07	2.098456e-10
9.76224787e-07	5.475299e-10
9.77199584e-07	4.198181e-10
9.78175354e-07	4.062721e-10
9.79152098e-07	3.673100e-10
9.80129818e-07	6.093646e-10
9.81108514e-07	4.919650e-10
9.82088187e-07	4.873992e-10
9.83068838e-07	4.901822e-10
9.84050469e-07	4.156322e-10
9.85033080e-07	3.353935e-10
9.86016672e-07	3.899454e-10
9.87001246e-07	5.477052e-10
9.87986804e-07	3.629875e-10
9.88973345e-07	5.081963e-10
9.89960871e-07	4.709197e-10
9.90949384e-07	5.224087e-10
9.91938884e-07	4.793985e-10
9.92929371e-07	5.213740e-10
9.93920848e-07	6.893378e-10
9.94913315e-07	5.359653e-10
9.95906773e-07	4.909430e-10
9.96901223e-07	4.745522e-10
9.97896665e-07	6.618852e-10
9.98893102e-07	6.963038e-10
9.99890534e-07	6.531079e-10
1.00088896e-06	3.937886e-10
1.00188839e-06	4.019760e-10
1.00288881e-06	5.909784e-10
1.00389023e-06	7.094307e-10
1.00489265e-06	5.752416e-10
1.00589607e-06	5.670011e-10
1.00690050e-06	7.217351e-10
1.00790593e-06	6.565857e-10
1.00891236e-06	7.549421e-10
1.00991979e-06	7.298434e-10
1.01092824e-06	4.907943e-10
1.01193769e-06	7.352929e-10
1.01294814e-06	6.082843e-10
1.01395961e-06	7.038720e-10
1.01497209e-06	7.508129e-10
1.01598557e-06	7.885368e-10
1.01700007e-06	7.003591e-10
1.01801558e-06	7.050246e-10
1.01903211e-06	8.307325e-10
1.02004965e-06	5.188817e-10
1.02106821e-06	8.148166e-10
1.02208778e-06	8.106683e-10
1.02310838e-06	6.779318e-10
1.02412999e-06	7.480199e-10
1.02515262e-06	8.022103e-10
1.02617627e-06	6.958475e-10
1.02720095e-06	8.228198e-10
1.02822665e-06	7.600759e-10
1.02925337e-06	7.652456e-10
1.03028112e-06	7.747002e-10
1.03130989e-06	8.585648e-10
1.03233969e-06	8.028425e-10
1.03337052e-06	8.642169e-10
1.03440238e-06	9.325760e-10
1.03543527e-06	8.855500e-10
1.03646919e-06	9.407402e-10
1.03750414e-06	8.030200e-10
1.03854013e-06	8.627429e-10
1.03957715e-06	9.264379e-10
1.04061521e-06	9.393864e-10
1.04165430e-06	8.318792e-10
1.04269443e-06	8.383088e-10
1.04373560e-06	8.979089e-10
1.04477781e-06	8.727913e-10
1.04582106e-06	9.549235e-10
1.04686535e-06	7.641845e-10
1.04791068e-06	8.226224e-10
1.04895706e-06	9.110139e-10
1.05000448e-06	8.786959e-10
1.05105295e-06	8.452712e-10
1.05210246e-06	8.342118e-10
1.05315303e-06	1.026515e-09
1.05420464e-06	1.023874e-09
1.05525730e-06	1.077183e-09
1.05631102e-06	1.003989e-09
1.05736578e-06	1.055338e-09
1.05842160e-06	1.076656e-09
1.05947847e-06	9.592468e-10
1.06053640e-06	9.152472e-10
1.06159539e-06	1.022962e-09
1.06265543e-06	1.051574e-09
1.06371653e-06	1.010984e-09
1.06477869e-06	1.111148e-09
1.06584191e-06	1.021074e-09
1.06690619e-06	1.014135e-09
1.06797154e-06	1.053308e-09
1.06903795e-06	9.188087e-10
1.07010542e-06	1.103791e-09
1.07117396e-06	9.599318e-10
1.07224357e-06	1.150989e-09
1.07331424e-06	1.118474e-09
1.07438599e-06	1.206996e-09
1.07545880e-06	1.153328e-09
1.07653269e-06	1.004771e-09
1.07760765e-06	1.051953e-09
1.07868368e-06	6.471118e-10
1.07976078e-06	1.032687e-09
1.08083896e-06	1.134792e-09
1.08191822e-06	1.116014e-09
1.08299856e-06	1.160124e-09
1.08407997e-06	1.154992e-09
1.08516247e-06	1.073233e-09
1.08624604e-06	9.312920e-10
1.08733070e-06	9.476818e-10
1.08841644e-06	1.033797e-09
1.08950326e-06	8.478431e-10
1.09059117e-06	9.779635e-10
1.09168017e-06	3.918394e-10
1.09277025e-06	4.118113e-10
1.09386142e-06	4.518384e-10
1.09495368e-06	4.350960e-10
1.09604703e-06	2.347626e-10
1.09714148e-06	4.937984e-10
1.09823701e-06	7.948714e-10
1.09933364e-06	7.606803e-10
1.10043137e-06	4.278811e-10
1.10153019e-06	5.193813e-10
1.10263011e-06	5.541829e-10
1.10373113e-06	9.736120e-10
1.10483324e-06	6.133613e-10
1.10593646e-06	4.326759e-10
1.10704078e-06	6.924868e-10
1.10814620e-06	5.603821e-10
1.10925273e-06	4.966358e-10
1.11036036e-06	1.405259e-10
1.11146909e-06	6.079973e-10
1.11257893e-06	6.294257e-10
1.11368989e-06	5.895929e-10
1.11480195e-06	1.588863e-10
1.11591512e-06	7.630443e-10
1.11702940e-06	3.096435e-10
1.11814480e-06	7.134631e-10
1.11926130e-06	2.241441e-10
1.12037893e-06	6.982192e-11
1.12149767e-06	7.339451e-10
1.12261752e-06	7.422617e-10
1.12373850e-06	6.673189e-10
1.12486059e-06	6.624036e-10
1.12598381e-06	6.850033e-10
1.12710815e-06	7.660357e-10
1.12823361e-06	2.209260e-10
1.12936019e-06	1.382489e-10
1.13048790e-06	6.676572e-10
1.13161673e-06	4.374182e-10
1.13274669e-06	8.675881e-10
1.13387778e-06	7.788463e-10
1.13501000e-06	4.672081e-10
1.13614335e-06	5.215842e-10
1.13727783e-06	6.056477e-10
1.13841345e-06	8.711044e-10
1.13955019e-06	8.318666e-10
1.14068808e-06	7.332881e-10
1.14182710e-06	4.899592e-10
1.14296725e-06	5.284128e-10
1.14410855e-06	1.884359e-10
1.14525098e-06	6.633154e-10
1.14639456e-06	3.231331e-10
1.14753928e-06	5.553477e-10
1.14868514e-06	3.768132e-10
1.14983214e-06	2.002805e-10
1.15098029e-06	4.457983e-10
1.15212959e-06	8.487711e-10
1.15328003e-06	2.608931e-10
1.15443162e-06	3.558443e-10
1.15558437e-06	4.614833e-10
1.15673826e-06	7.394169e-10
1.15789331e-06	4.558923e-10
1.15904951e-06	7.098370e-10
1.16020686e-06	5.990601e-10
1.16136537e-06	6.029566e-10
1.16252504e-06	8.379050e-11
1.16368586e-06	9.717606e-11
1.16484784e-06	4.226375e-10
1.16601099e-06	6.873887e-10
1.16717529e-06	4.527671e-10
1.16834076e-06	1.073456e-10
1.16950739e-06	1.339708e-10
1.17067519e-06	3.686710e-10
1.17184415e-06	7.749940e-10
1.17301428e-06	5.620844e-10
1.17418558e-06	5.669213e-10
1.17535805e-06	6.827764e-10
1.17653168e-06	5.066786e-10
1.17770650e-06	4.641534e-10
1.17888248e-06	3.685282e-10
1.18005964e-06	3.291372e-10
1.18123797e-06	6.036124e-10
1.18241748e-06	1.130450e-10
1.18359817e-06	3.944280e-10
1.18478003e-06	5.475924e-10
1.18596308e-06	2.094852e-10
1.18714731e-06	9.672092e-10
1.18833272e-06	7.625390e-10
1.18951931e-06	3.880104e-10
1.19070709e-06	4.668586e-10
1.19189606e-06	6.620212e-10
1.19308621e-06	9.162798e-10
1.19427755e-06	7.565130e-10
1.19547008e-06	9.590684e-10
1.19666380e-06	8.425439e-10
1.19785872e-06	8.255365e-10
1.19905482e-06	4.964213e-10
1.20025212e-06	9.997167e-10
1.20145062e-06	8.912662e-10
1.20265031e-06	8.312670e-10
1.20385120e-06	1.132988e-09
1.20505329e-06	7.342107e-10
1.20625658e-06	7.351501e-10
1.20746108e-06	9.553811e-10
1.20866677e-06	9.910631e-10
1.20987367e-06	4.431521e-10
1.21108177e-06	9.064983e-10
1.21229108e-06	7.083801e-10
1.21350160e-06	9.214565e-10
1.21471333e-06	1.017570e-09
1.21592626e-06	6.835304e-10
1.21714041e-06	9.417757e-10
1.21835577e-06	1.118389e-09
1.21957234e-06	1.263946e-09
1.22079013e-06	7.695860e-10
1.22200914e-06	1.059692e-09
1.22322936e-06	8.963248e-10
1.22445080e-06	1.142180e-09
1.22567346e-06	9.630485e-10
1.22689734e-06	9.444960e-10
1.22812244e-06	1.079614e-09
1.22934876e-06	8.978503e-10
1.23057631e-06	8.513275e-10
1.23180509e-06	7.269698e-10
1.23303509e-06	1.108553e-09
1.23426633e-06	9.406444e-10
1.23549879e-06	9.599402e-10
1.23673248e-06	8.369232e-10
1.23796740e-06	1.055790e-09
1.23920356e-06	1.187428e-09
1.24044095e-06	1.020848e-09
1.24167957e-06	1.251950e-09
1.24291944e-06	9.950294e-10
1.24416054e-06	1.054888e-09
1.24540288e-06	1.357960e-09
1.24664646e-06	1.346239e-09
1.24789128e-06	1.321725e-09
1.24913735e-06	1.370375e-09
1.25038466e-06	1.400710e-09
1.25163321e-06	1.303975e-09
1.25288301e-06	1.406501e-09
1.25413407e-06	1.414047e-09
1.25538636e-06	9.580107e-10
1.25663991e-06	1.303309e-09
1.25789472e-06	1.151837e-09
1.25915077e-06	1.485653e-09
1.26040808e-06	1.022468e-09
1.26166664e-06	1.344473e-09
1.26292646e-06	1.493770e-09
1.26418754e-06	1.394950e-09
1.26544988e-06	1.419092e-09
1.26671348e-06	1.536915e-09
1.26797834e-06	1.587323e-09
1.26924446e-06	1.400721e-09
1.27051185e-06	6.258316e-10
1.27178050e-06	1.577716e-09
1.27305042e-06	1.255266e-09
1.27432161e-06	1.748310e-09
1.27559407e-06	1.505019e-09
1.27686780e-06	1.314235e-09
1.27814280e-06	1.574823e-09
1.27941907e-06	1.285402e-09
1.28069662e-06	1.308483e-09
1.28197544e-06	1.267575e-09
1.28325554e-06	6.583033e-10
1.28453692e-06	1.306200e-09
1.28581958e-06	1.483511e-09
1.28710351e-06	1.649519e-09
1.28838874e-06	1.469958e-09
1.28967524e-06	9.312935e-10
1.29096303e-06	1.471019e-09
1.29225210e-06	1.455809e-09
1.29354246e-06	1.764444e-09
1.29483411e-06	1.095047e-09
1.29612705e-06	1.477115e-09
1.29742128e-06	1.336999e-09
1.29871681e-06	1.622253e-09
1.30001362e-06	1.849555e-09
1.30131174e-06	1.359111e-09
1.30261114e-06	1.323196e-09
1.30391185e-06	1.404522e-09
1.30521385e-06	1.489289e-09
1.30651716e-06	1.298538e-09
1.30782176e-06	1.293903e-09
1.30912767e-06	3.654742e-10
1.31043489e-06	9.036626e-10
1.31174340e-06	6.616806e-10
1.31305323e-06	1.461369e-09
1.31436436e-06	1.181559e-09
1.31567680e-06	1.426444e-09
1.31699055e-06	8.216848e-10
1.31830562e-06	1.211476e-09
1.31962199e-06	1.061668e-09
1.32093969e-06	1.077865e-09
1.32225869e-06	1.278006e-09
1.32357902e-06	1.187552e-09
1.32490066e-06	1.134337e-09
1.32622362e-06	6.420784e-10
1.32754791e-06	1.667463e-09
1.32887351e-06	6.497399e-10
1.33020044e-06	5.013116e-10
1.33152870e-06	1.233467e-09
1.33285828e-06	3.789531e-10
1.33418918e-06	7.148180e-10
1.33552142e-06	7.283347e-10
1.33685499e-06	4.818736e-10
1.33818989e-06	4.091679e-10
1.33952612e-06	6.295297e-10
1.34086369e-06	7.060735e-10
1.34220259e-06	9.876247e-10
1.34354283e-06	2.220130e-10
1.34488441e-06	1.258708e-10
1.34622732e-06	7.090558e-10
1.34757158e-06	3.380942e-10
1.34891718e-06	4.757698e-10
1.35026412e-06	2.135903e-10
1.35161241e-06	1.776236e-10
1.35296205e-06	3.417615e-10
1.35431303e-06	2.466299e-10
1.35566536e-06	1.832720e-10
1.35701905e-06	3.392157e-10
1.35837408e-06	1.454998e-10
1.35973047e-06	3.634222e-10
1.36108821e-06	1.314260e-10
1.36244730e-06	2.275640e-10
1.36380776e-06	5.774695e-10
1.36516957e-06	4.984992e-10
1.36653274e-06	3.116813e-10
1.36789728e-06	2.927693e-10
1.36926317e-06	2.320790e-10
1.37063043e-06	2.491167e-10
1.37199906e-06	4.768428e-10
1.37336905e-06	5.935971e-10
1.37474041e-06	4.512908e-10
1.37611314e-06	2.860432e-10
1.37748724e-06	7.520767e-10
1.37886271e-06	3.561768e-10
1.38023956e-06	2.536145e-10
1.38161778e-06	6.793120e-10
1.38299737e-06	3.503345e-10
1.38437835e-06	2.414763e-10
1.38576070e-06	2.194446e-10
1.38714443e-06	4.242991e-10
1.38852955e-06	5.997002e-10
1.38991605e-06	1.517539e-10
1.39130393e-06	5.622166e-10
1.39269320e-06	1.732071e-10
1.39408385e-06	6.731487e-10
1.39547590e-06	3.508042e-10
1.39686933e-06	3.582044e-10
1.39826416e-06	5.304431e-10
1.39966038e-06	1.643955e-10
1.40105799e-06	1.742456e-10
1.40245700e-06	5.875488e-10
1.40385740e-06	5.445769e-10
1.40525921e-06	2.090387e-10
1.40666241e-06	1.795078e-10
1.40806702e-06	5.152669e-10
1.40947302e-06	3.505508e-10
1.41088043e-06	2.397843e-10
1.41228925e-06	3.812377e-10
1.41369947e-06	3.136599e-10
1.41511110e-06	5.060542e-10
1.41652415e-06	7.646449e-10
1.41793860e-06	3.741630e-10
1.41935446e-06	2.576817e-10
1.42077174e-06	1.616207e-10
1.42219043e-06	2.262294e-10
1.42361054e-06	1.889681e-10
1.42503207e-06	3.144782e-10
1.42645502e-06	4.991771e-10
1.42787939e-06	3.467673e-10
1.42930518e-06	2.231346e-10
1.43073239e-06	5.288270e-10
1.43216103e-06	2.390612e-10
1.43359110e-06	4.770636e-10
1.43502259e-06	4.839805e-10
1.43645551e-06	3.619762e-10
1.43788987e-06	3.937278e-10
1.43932565e-06	4.991107e-10
1.44076287e-06	3.888305e-10
1.44220153e-06	4.677168e-10
1.44364162e-06	6.758385e-10
1.44508315e-06	3.159173e-10
1.44652612e-06	5.115076e-10
1.44797053e-06	3.507846e-10
1.44941638e-06	6.007052e-10
1.45086368e-06	2.610397e-10
1.45231242e-06	5.355320e-10
1.45376261e-06	2.874556e-10
1.45521424e-06	5.703670e-10
1.45666733e-06	1.813998e-10
1.45812186e-06	2.153110e-10
1.45957785e-06	2.478336e-10
1.46103529e-06	6.101624e-10
1.46249419e-06	2.954940e-10
1.46395455e-06	2.899591e-10
1.46541636e-06	6.872362e-10
1.46687963e-06	3.259210e-10
1.46834437e-06	4.502165e-10
1.46981056e-06	5.302464e-10
1.47127822e-06	6.207028e-10
1.47274735e-06	8.103269e-10
1.47421794e-06	2.927288e-10
1.47569000e-06	2.748251e-10
1.47716353e-06	4.510315e-10
1.47863854e-06	2.569019e-10
1.48011501e-06	3.976190e-10
1.48159296e-06	5.546903e-10
1.48307239e-06	8.979734e-10
1.48455329e-06	3.161162e-10
1.48603567e-06	4.460496e-10
1.48751953e-06	6.576886e-10
1.48900488e-06	7.628348e-10
1.49049170e-06	4.237211e-10
1.49198001e-06	6.620750e-10
1.49346981e-06	2.803731e-10
1.49496110e-06	9.801559e-10
1.49645387e-06	3.095220e-10
1.49794813e-06	8.558865e-10
1.49944389e-06	7.911717e-10
1.50094114e-06	5.683908e-10
1.50243989e-06	5.558134e-10
1.50394013e-06	5.439664e-10
1.50544187e-06	6.154068e-10
1.50694511e-06	5.174002e-10
1.50844985e-06	7.151682e-10
1.50995609e-06	6.179073e-10
1.51146384e-06	5.972100e-10
1.51297309e-06	9.407433e-10
1.51448385e-06	6.288504e-10
1.51599612e-06	9.322233e-10
1.51750990e-06	4.565239e-10
1.51902519e-06	3.325719e-10
1.52054199e-06	7.248181e-10
1.52206031e-06	4.344540e-10
1.52358014e-06	6.438489e-10
1.52510149e-06	6.309950e-10
1.52662436e-06	1.080291e-09
1.52814875e-06	5.809881e-10
1.52967467e-06	1.320011e-09
1.53120210e-06	3.106684e-10
1.53273107e-06	8.472352e-10
1.53426156e-06	4.990513e-10
1.53579357e-06	6.998343e-10
1.53732712e-06	3.217915e-10
1.53886220e-06	7.762724e-10
1.54039881e-06	9.717113e-10
1.54193695e-06	8.453295e-10
1.54347663e-06	9.320337e-10
1.54501785e-06	1.273905e-09
1.54656061e-06	5.291716e-10
1.54810491e-06	1.055760e-09
1.54965075e-06	7.248507e-10
1.55119813e-06	9.930863e-10
1.55274706e-06	1.018911e-09
1.55429754e-06	1.168809e-09
1.55584956e-06	1.069847e-09
1.55740313e-06	7.703780e-10
1.55895826e-06	1.071426e-09
1.56051494e-06	1.182469e-09
1.56207317e-06	1.162848e-09
1.56363296e-06	1.210927e-09
1.56519430e-06	7.476876e-10
1.56675721e-06	1.169837e-09
1.56832167e-06	1.146068e-09
1.56988770e-06	1.202639e-09
1.57145529e-06	1.041633e-09
1.57302445e-06	6.328421e-10
1.57459517e-06	1.232084e-09
1.57616746e-06	1.097841e-09
1.57774132e-06	1.370720e-09
1.57931676e-06	1.323858e-09
1.58089376e-06	1.421188e-09
1.58247234e-06	6.536525e-10
1.58405250e-06	1.135273e-09
1.58563424e-06	1.297807e-09
1.58721755e-06	1.079211e-09
1.58880245e-06	1.554439e-09
1.59038892e-06	7.362343e-10
1.59197699e-06	1.144689e-09
1.59356663e-06	1.531541e-09
1.59515787e-06	1.675923e-09
1.59675069e-06	1.406799e-09
1.59834511e-06	1.087490e-09
1.59994111e-06	1.355373e-09
1.60153872e-06	1.334350e-09
1.60313791e-06	1.168648e-09
1.60473870e-06	1.708602e-09
1.60634109e-06	1.446217e-09
1.60794509e-06	1.576413e-09
1.60955068e-06	1.531672e-09
1.61115787e-06	1.531488e-09
1.61276668e-06	1.487054e-09
1.61437708e-06	1.645918e-09
1.61598910e-06	1.491950e-09
1.61760272e-06	1.641584e-09
1.61921796e-06	1.401329e-09
1.62083481e-06	1.638668e-09
1.62245327e-06	1.529999e-09
1.62407335e-06	1.409514e-09
1.62569505e-06	1.562691e-09
1.62731837e-06	1.548368e-09
1.62894330e-06	1.764741e-09
1.63056986e-06	1.672241e-09
1.63219805e-06	5.371913e-10
1.63382786e-06	1.742522e-09
1.63545930e-06	1.536084e-09
1.63709236e-06	1.561872e-09
1.63872706e-06	1.603876e-09
1.64036339e-06	1.481802e-09
1.64200135e-06	2.014878e-09
1.64364095e-06	1.782137e-09
1.64528219e-06	1.663694e-09
1.64692506e-06	1.699763e-09
1.64856958e-06	1.738123e-09
1.65021574e-06	1.809293e-09
1.65186354e-06	1.630143e-09
1.65351299e-06	1.890409e-09
1.65516408e-06	1.856230e-09
1.65681682e-06	1.901161e-09
1.65847122e-06	1.790138e-09
1.66012726e-06	1.713834e-09
1.66178496e-06	1.739459e-09
1.66344431e-06	1.843456e-09
1.66510532e-06	1.898808e-09
1.66676799e-06	1.702128e-09
1.66843232e-06	1.849647e-09
1.67009831e-06	1.323434e-09
1.67176597e-06	1.224365e-09
1.67343529e-06	1.803551e-09
1.67510628e-06	1.761703e-09
1.67677893e-06	1.865825e-09
1.67845326e-06	1.273844e-09
1.68012926e-06	1.871095e-09
1.68180693e-06	2.151560e-09
1.68348627e-06	1.541446e-09
1.68516730e-06	1.661936e-09
1.68685000e-06	1.026848e-09
1.68853438e-06	1.789613e-09
1.69022045e-06	1.948160e-09
1.69190819e-06	1.333489e-09
1.69359763e-06	2.008198e-09
1.69528875e-06	1.278981e-09
1.69698156e-06	1.676312e-09
1.69867605e-06	1.949241e-09
1.70037225e-06	1.619435e-09
1.70207013e-06	1.808474e-09
1.70376971e-06	1.221312e-09
1.70547099e-06	1.575053e-09
1.70717396e-06	1.772196e-09
1.70887864e-06	1.667209e-09
1.71058502e-06	2.008913e-09
1.71229310e-06	1.710976e-09
1.71400289e-06	1.405368e-09
1.71571438e-06	1.166896e-09
1.71742759e-06	1.150956e-09
1.71914250e-06	1.162004e-09
1.72085913e-06	1.019137e-09
1.72257747e-06	1.184501e-09
1.72429753e-06	1.760935e-09
1.72601931e-06	1.595580e-09
1.72774280e-06	1.178873e-09
1.72946801e-06	1.051400e-09
1.73119495e-06	1.342823e-09
1.73292362e-06	1.283203e-09
1.73465400e-06	1.219294e-09
1.73638612e-06	1.538699e-09
1.73811997e-06	1.362250e-09
1.73985554e-06	7.606600e-10
1.74159285e-06	1.433547e-09
1.74333190e-06	1.453199e-09
1.74507268e-06	9.327224e-10
1.74681520e-06	3.754923e-10
1.74855946e-06	1.727080e-09
1.75030546e-06	5.092718e-10
1.75205321e-06	5.742988e-10
1.75380270e-06	1.132820e-09
1.75555393e-06	4.422019e-10
1.75730692e-06	6.186553e-10
1.75906165e-06	1.550101e-09
1.76081814e-06	1.338681e-09
1.76257638e-06	1.329991e-09
1.76433638e-06	1.304034e-09
1.76609814e-06	1.353580e-09
1.76786165e-06	3.724759e-10
1.76962693e-06	1.639389e-09
1.77139397e-06	1.127852e-09
1.77316277e-06	8.720512e-10
1.77493334e-06	8.723619e-10
1.77670567e-06	1.023083e-09
1.77847978e-06	6.358981e-10
1.78025566e-06	9.569229e-10
1.78203331e-06	6.809790e-10
1.78381274e-06	9.205116e-10
1.78559394e-06	1.221311e-09
1.78737692e-06	1.186536e-09
1.78916168e-06	1.036839e-09
1.79094823e-06	7.845861e-10
1.79273655e-06	6.249206e-10
1.79452667e-06	1.436736e-09
1.79631857e-06	3.882261e-10
1.79811226e-06	9.034132e-10
1.79990774e-06	1.160775e-09
1.80170502e-06	6.632140e-10
1.80350409e-06	6.209682e-10
1.80530495e-06	1.106157e-09
1.80710762e-06	5.924111e-10
1.80891208e-06	5.738118e-10
1.81071835e-06	4.445349e-10
1.81252641e-06	4.477681e-10
1.81433629e-06	8.378987e-10
1.81614797e-06	1.373103e-09
1.81796146e-06	7.470027e-10
1.81977676e-06	8.033093e-10
1.82159388e-06	6.162099e-10
1.82341281e-06	4.856807e-10
1.82523355e-06	8.638927e-10
1.82705612e-06	7.957522e-10
1.82888050e-06	4.211716e-10
1.83070670e-06	8.772881e-10
1.83253473e-06	4.686589e-10
1.83436459e-06	1.374086e-09
1.83619627e-06	4.731002e-10
1.83802978e-06	1.019362e-09
1.83986512e-06	4.348848e-10
1.84170229e-06	1.253351e-09
1.84354130e-06	5.253493e-10
1.84538214e-06	1.172930e-09
1.84722483e-06	4.624656e-10
1.84906935e-06	1.418938e-09
1.85091571e-06	1.141375e-09
1.85276392e-06	1.424287e-09
1.85461397e-06	9.290267e-10
1.85646588e-06	8.546740e-10
1.85831963e-06	9.151291e-10
1.86017523e-06	8.530287e-10
1.86203268e-06	7.872437e-10
1.86389199e-06	1.002776e-09
1.86575315e-06	1.043970e-09
1.86761618e-06	7.640567e-10
1.86948106e-06	1.230834e-09
1.87134781e-06	9.069396e-10
1.87321642e-06	8.783962e-10
1.87508689e-06	1.117450e-09
1.87695924e-06	1.077647e-09
1.87883345e-06	9.724401e-10
1.88070954e-06	1.385432e-09
1.88258749e-06	1.255249e-09
1.88446733e-06	1.156248e-09
1.88634904e-06	1.613213e-09
1.88823263e-06	1.147099e-09
1.89011810e-06	7.140347e-10
1.89200545e-06	1.128027e-09
1.89389469e-06	4.632977e-10
1.89578581e-06	1.439160e-09
1.89767882e-06	1.068797e-09
1.89957373e-06	1.161178e-09
1.90147052e-06	5.094659e-10
1.90336921e-06	7.162532e-10
1.90526980e-06	1.027168e-09
1.90717228e-06	6.535456e-10
1.90907666e-06	1.336922e-09
1.91098294e-06	1.108276e-09
1.91289113e-06	8.221358e-10
1.91480122e-06	1.362623e-09
1.91671322e-06	9.492961e-10
1.91862713e-06	1.310618e-09
1.92054295e-06	1.221498e-09
1.92246069e-06	9.212786e-10
1.92438033e-06	1.288119e-09
1.92630190e-06	9.426776e-10
1.92822538e-06	1.121643e-09
1.93015079e-06	1.330919e-09
1.93207812e-06	1.386141e-09
1.93400737e-06	8.215420e-10
1.93593855e-06	1.098807e-09
1.93787165e-06	9.935602e-10
1.93980669e-06	5.549765e-10
1.94174366e-06	1.434273e-09
1.94368256e-06	1.068566e-09
1.94562340e-06	1.204373e-09
1.94756618e-06	8.673730e-10
1.94951089e-06	1.121460e-09
1.95145755e-06	1.276976e-09
1.95340615e-06	5.159283e-10
1.95535670e-06	9.543880e-10
1.95730920e-06	9.031909e-10
1.95926364e-06	1.464257e-09
1.96122004e-06	1.147174e-09
1.96317839e-06	1.253489e-09
1.96513870e-06	7.636761e-10
1.96710096e-06	1.258755e-09
1.96906519e-06	1.205629e-09
1.97103137e-06	9.769333e-10
1.97299952e-06	8.381927e-10
1.97496963e-06	1.313286e-09
1.97694171e-06	1.072817e-09
1.97891576e-06	1.646646e-09
1.98089178e-06	1.209009e-09
1.98286978e-06	8.069360e-10
1.98484975e-06	8.225697e-10
1.98683169e-06	8.510453e-10
1.98881562e-06	1.537524e-09
1.99080152e-06	5.841069e-10
1.99278941e-06	8.392133e-10
1.99477929e-06	1.322657e-09
1.99677115e-06	8.578005e-10
1.99876500e-06	1.377116e-09
2.00076084e-06	1.441723e-09
2.00275867e-06	1.334843e-09
2.00475850e-06	1.227111e-09
2.00676033e-06	1.495232e-09
2.00876415e-06	5.345989e-10
2.01076998e-06	8.619195e-10
2.01277780e-06	1.373305e-09
2.01478764e-06	1.173548e-09
2.01679948e-06	7.402351e-10
2.01881333e-06	5.705251e-10
2.02082919e-06	1.231910e-09
2.02284706e-06	1.148848e-09
2.02486695e-06	9.007382e-10
2.02688885e-06	1.231286e-09
2.02891278e-06	9.559367e-10
2.03093872e-06	9.167544e-10
2.03296669e-06	1.059995e-09
2.03499668e-06	1.081741e-09
2.03702870e-06	1.330069e-09
2.03906275e-06	1.121822e-09
2.04109883e-06	1.274951e-09
2.04313694e-06	1.272114e-09
2.04517709e-06	1.552927e-09
2.04721927e-06	1.244726e-09
2.04926350e-06	1.538020e-09
2.05130976e-06	1.537142e-09
2.05335807e-06	7.973310e-10
2.05540843e-06	1.665199e-09
2.05746083e-06	1.411713e-09
2.05951528e-06	1.556070e-09
2.06157178e-06	9.184575e-10
2.06363034e-06	1.403150e-09
2.06569095e-06	1.535455e-09
2.06775362e-06	8.839099e-10
2.06981835e-06	1.757371e-09
2.07188514e-06	1.480347e-09
2.07395399e-06	1.450524e-09
2.07602491e-06	1.363199e-09
2.07809790e-06	1.567334e-09
2.08017296e-06	1.582750e-09
2.08225009e-06	1.740061e-09
2.08432929e-06	1.221589e-09
2.08641057e-06	1.000388e-09
2.08849393e-06	1.208686e-09
2.09057937e-06	1.337885e-09
2.09266689e-06	1.750828e-09
2.09475649e-06	1.271478e-09
2.09684818e-06	1.334499e-09
2.09894197e-06	1.570562e-09
2.10103784e-06	1.443090e-09
2.10313580e-06	1.621796e-09
2.10523586e-06	1.575849e-09
2.10733802e-06	1.292525e-09
2.10944227e-06	1.766579e-09
2.11154863e-06	1.229444e-09
2.11365709e-06	1.524144e-09
2.11576765e-06	1.722220e-09
2.11788032e-06	1.657588e-09
2.11999511e-06	1.355747e-09
2.12211200e-06	1.745592e-09
2.12423101e-06	1.799373e-09
2.12635213e-06	1.661434e-09
2.12847537e-06	1.139708e-09
2.13060073e-06	1.484595e-09
2.13272822e-06	1.675323e-09
2.13485783e-06	1.623560e-09
2.13698956e-06	1.368402e-09
2.13912342e-06	1.794214e-09
2.14125942e-06	1.461260e-09
2.14339754e-06	1.107800e-09
2.14553781e-06	1.834327e-09
2.14768021e-06	1.882739e-09
2.14982474e-06	1.356836e-09
2.15197142e-06	1.745248e-09
2.15412025e-06	1.701060e-09
2.15627122e-06	1.860509e-09
2.15842433e-06	1.929031e-09
2.16057960e-06	1.477247e-09
2.16273702e-06	1.872378e-09
2.16489659e-06	1.733623e-09
2.16705832e-06	1.847636e-09
2.16922221e-06	1.792669e-09
2.17138826e-06	1.381126e-09
2.17355647e-06	1.852955e-09
2.17572684e-06	1.440776e-09
2.17789939e-06	1.853873e-09
2.18007410e-06	1.721628e-09
2.18225099e-06	1.687668e-09
2.18443005e-06	1.457969e-09
2.18661128e-06	1.383695e-09
2.18879469e-06	1.806578e-09
2.19098028e-06	1.628970e-09
2.19316806e-06	1.847806e-09
2.19535802e-06	1.746259e-09
2.19755017e-06	1.751354e-09
2.19974450e-06	1.814729e-09
2.20194103e-06	1.720217e-09
2.20413975e-06	1.691539e-09
2.20634066e-06	1.734988e-09
2.20854377e-06	1.220927e-09
2.21074909e-06	1.353333e-09
2.21295660e-06	1.762278e-09
2.21516632e-06	1.770821e-09
2.21737825e-06	1.725074e-09
2.21959238e-06	8.661774e-10
2.22180873e-06	1.582095e-09
2.22402729e-06	1.811729e-09
2.22624806e-06	1.778944e-09
2.22847105e-06	1.773452e-09
2.23069626e-06	1.877204e-09
2.23292369e-06	9.310355e-10
2.23515335e-06	1.776595e-09
2.23738523e-06	1.810897e-09
2.23961935e-06	1.897943e-09
2.24185569e-06	1.066513e-09
2.24409427e-06	1.861512e-09
2.24633508e-06	1.720985e-09
2.24857813e-06	1.834252e-09
2.25082341e-06	1.704273e-09
2.25307094e-06	1.821627e-09
2.25532072e-06	1.758864e-09
2.25757274e-06	1.823119e-09
2.25982701e-06	1.800160e-09
2.26208353e-06	1.879435e-09
2.26434231e-06	1.563450e-09
2.26660334e-06	1.712260e-09
2.26886662e-06	1.723374e-09
2.27113217e-06	1.811188e-09
2.27339998e-06	1.706760e-09
2.27567005e-06	1.784579e-09
2.27794240e-06	1.760893e-09
2.28021700e-06	1.471366e-09
2.28249389e-06	1.455965e-09
2.28477304e-06	1.827229e-09
2.28705447e-06	1.692797e-09
2.28933818e-06	1.825355e-09
2.29162417e-06	1.550679e-09
2.29391244e-06	8.280366e-10
2.29620300e-06	1.604981e-09
2.29849584e-06	1.222308e-09
2.30079097e-06	1.634282e-09
2.30308840e-06	1.301425e-09
2.30538812e-06	1.678254e-09
2.30769013e-06	1.513754e-09
2.30999445e-06	1.332368e-09
2.31230106e-06	1.636745e-09
2.31460998e-06	1.691534e-09
2.31692121e-06	1.724733e-09
2.31923474e-06	1.776483e-09
2.32155058e-06	1.746957e-09
2.32386873e-06	1.681255e-09
2.32618920e-06	1.650043e-09
2.32851199e-06	1.065824e-09
2.33083709e-06	1.709424e-09
2.33316452e-06	1.493540e-09
2.33549427e-06	1.492211e-09
2.33782635e-06	1.605754e-09
2.34016076e-06	1.634972e-09
2.34249749e-06	1.547101e-09
2.34483656e-06	9.337453e-10
2.34717797e-06	1.757659e-09
2.34952171e-06	1.270410e-09
2.35186780e-06	1.794873e-09
2.35421623e-06	1.701397e-09
2.35656700e-06	1.741587e-09
2.35892012e-06	1.519443e-09
2.36127559e-06	1.643916e-09
2.36363341e-06	1.751415e-09
2.36599358e-06	1.723567e-09
2.36835612e-06	1.793425e-09
2.37072101e-06	1.509692e-09
2.37308826e-06	9.299971e-10
2.37545788e-06	1.553672e-09
2.37782986e-06	1.824676e-09
2.38020421e-06	1.636032e-09
2.38258093e-06	1.366387e-09
2.38496003e-06	1.481424e-09
2.38734150e-06	1.454878e-09
2.38972535e-06	1.730727e-09
2.39211158e-06	1.317014e-09
2.39450019e-06	1.629534e-09
2.39689119e-06	1.577641e-09
2.39928457e-06	1.760756e-09
2.40168035e-06	1.222043e-09
2.40407851e-06	1.093625e-09
2.40647907e-06	1.815380e-09
2.40888203e-06	1.364790e-09
2.41128739e-06	1.664482e-09
2.41369515e-06	1.169601e-09
2.41610531e-06	8.273744e-10
2.41851788e-06	1.319888e-09
2.42093286e-06	1.690608e-09
2.42335026e-06	8.157201e-10
2.42577006e-06	1.103451e-09
2.42819228e-06	1.357848e-09
2.43061692e-06	1.295302e-09
2.43304398e-06	1.711298e-09
2.43547347e-06	1.436604e-09
2.43790538e-06	9.962728e-10
2.44033972e-06	1.608503e-09
2.44277649e-06	1.680610e-09
2.44521569e-06	1.517711e-09
2.44765733e-06	1.339287e-09
2.45010140e-06	1.187920e-09
2.45254792e-06	1.238031e-09
2.45499688e-06	1.380717e-09
2.45744829e-06	1.786296e-09
2.45990214e-06	1.088322e-09
2.46235844e-06	1.742421e-09
2.46481720e-06	1.707433e-09
2.46727841e-06	1.705084e-09
2.46974208e-06	1.176690e-09
2.47220821e-06	1.258230e-09
2.47467680e-06	1.350764e-09
2.47714786e-06	1.390380e-09
2.47962138e-06	1.189886e-09
2.48209737e-06	1.317738e-09
2.48457584e-06	1.053205e-09
2.48705678e-06	8.482775e-10
2.48954020e-06	8.070851e-10
2.49202610e-06	1.185176e-09
2.49451448e-06	1.312533e-09
2.49700534e-06	1.001799e-09
2.49949870e-06	1.251712e-09
2.50199454e-06	1.685261e-09
2.50449287e-06	1.063723e-09
2.50699370e-06	1.332386e-09
2.50949703e-06	1.431817e-09
2.51200285e-06	8.180802e-10
2.51451118e-06	1.180304e-09
2.51702201e-06	1.505552e-09
2.51953535e-06	9.045645e-10
2.52205120e-06	1.229602e-09
2.52456956e-06	1.011489e-09
2.52709044e-06	1.284971e-09
2.52961383e-06	1.214694e-09
2.53213975e-06	1.486798e-09
2.53466818e-06	8.541262e-10
2.53719914e-06	1.371796e-09
2.53973263e-06	8.728821e-10
2.54226865e-06	1.339031e-09
2.54480720e-06	1.500449e-09
2.54734828e-06	1.419233e-09
2.54989190e-06	1.259835e-09
2.55243806e-06	1.212077e-09
2.55498677e-06	1.223356e-09
2.55753802e-06	1.381901e-09
2.56009181e-06	8.408531e-10
2.56264816e-06	8.969430e-10
2.56520706e-06	1.256315e-09
2.56776851e-06	8.524699e-10
2.57033253e-06	1.687167e-09
2.57289910e-06	1.440901e-09
2.57546823e-06	1.233604e-09
2.57803993e-06	8.892923e-10
2.58061420e-06	1.457907e-09
2.58319104e-06	1.032180e-09
2.58577045e-06	1.304557e-09
2.58835244e-06	1.077837e-09
2.59093701e-06	1.557572e-09
2.59352415e-06	1.222937e-09
2.59611388e-06	9.472292e-10
2.59870620e-06	1.529492e-09
2.60130110e-06	1.024623e-09
2.60389860e-06	1.257100e-09
2.60649869e-06	9.316080e-10
2.60910137e-06	9.739335e-10
2.61170666e-06	1.559207e-09
2.61431454e-06	1.614332e-09
2.61692503e-06	1.126990e-09
2.61953813e-06	1.599261e-09
2.62215384e-06	1.281160e-09
2.62477215e-06	1.504690e-09
2.62739309e-06	1.097393e-09
2.63001663e-06	1.639942e-09
2.63264280e-06	9.790976e-10
2.63527160e-06	1.588280e-09
2.63790301e-06	1.652337e-09
2.64053706e-06	8.838162e-10
2.64317373e-06	8.978737e-10
2.64581304e-06	9.109662e-10
2.64845498e-06	1.017328e-09
2.65109956e-06	1.037811e-09
2.65374678e-06	1.653036e-09
2.65639665e-06	1.342567e-09
2.65904916e-06	1.507805e-09
2.66170431e-06	1.573143e-09
2.66436213e-06	1.470526e-09
2.66702259e-06	1.081464e-09
2.66968571e-06	9.527769e-10
2.67235149e-06	1.593083e-09
2.67501993e-06	1.354373e-09
2.67769104e-06	1.083405e-09
2.68036481e-06	1.197509e-09
2.68304126e-06	9.507725e-10
2.68572037e-06	8.960091e-10
2.68840216e-06	1.379947e-09
2.69108663e-06	8.992320e-10
2.69377378e-06	9.053753e-10
2.69646362e-06	1.020137e-09
2.69915613e-06	1.644610e-09
2.70185134e-06	9.696890e-10
2.70454924e-06	9.329720e-10
2.70724983e-06	1.056933e-09
2.70995312e-06	1.064950e-09
2.71265911e-06	1.492446e-09
2.71536780e-06	9.337646e-10
2.71807920e-06	1.320975e-09
2.72079330e-06	1.137270e-09
2.72351011e-06	1.235456e-09
2.72622964e-06	1.110052e-09
2.72895188e-06	9.181789e-10
2.73167684e-06	9.558139e-10
2.73440452e-06	1.298122e-09
2.73713492e-06	1.447281e-09
2.73986805e-06	1.115057e-09
2.74260391e-06	1.647625e-09
2.74534251e-06	1.067016e-09
2.74808383e-06	9.674054e-10
2.75082790e-06	1.319371e-09
2.75357470e-06	1.657134e-09
2.75632425e-06	1.582103e-09
2.75907654e-06	1.834035e-09
2.76183158e-06	1.660239e-09
2.76458937e-06	1.075931e-09
2.76734991e-06	1.252097e-09
2.77011322e-06	9.574632e-10
2.77287928e-06	1.185033e-09
2.77564810e-06	1.537834e-09
2.77841969e-06	1.077745e-09
2.78119404e-06	1.021676e-09
2.78397117e-06	1.384007e-09
2.78675106e-06	1.108629e-09
2.78953374e-06	9.471310e-10
2.79231919e-06	9.861336e-10
2.79510743e-06	1.205165e-09
2.79789844e-06	9.875351e-10
2.80069225e-06	9.421592e-10
2.80348884e-06	1.016150e-09
2.80628823e-06	1.469054e-09
2.80909041e-06	1.005210e-09
2.81189540e-06	1.463912e-09
2.81470318e-06	9.440370e-10
2.81751376e-06	9.955305e-10
2.82032715e-06	1.146552e-09
2.82314336e-06	9.580316e-10
2.82596237e-06	1.050218e-09
2.82878420e-06	1.121485e-09
2.83160884e-06	1.154596e-09
2.83443631e-06	1.213073e-09
2.83726660e-06	9.530479e-10
2.84009972e-06	1.099576e-09
2.84293566e-06	1.091158e-09
2.84577444e-06	1.279728e-09
2.84861605e-06	9.674943e-10
2.85146050e-06	1.007860e-09
2.85430779e-06	1.340995e-09
2.85715792e-06	1.146174e-09
2.86001090e-06	1.443670e-09
2.86286672e-06	1.585863e-09
2.86572540e-06	9.617618e-10
2.86858693e-06	1.032168e-09
2.87145132e-06	1.044304e-09
2.87431857e-06	1.731218e-09
2.87718869e-06	1.029765e-09
2.88006167e-06	1.549307e-09
2.88293752e-06	1.038952e-09
2.88581624e-06	1.243413e-09
2.88869783e-06	1.027186e-09
2.89158230e-06	1.164527e-09
2.89446965e-06	1.245927e-09
2.89735989e-06	1.426427e-09
2.90025301e-06	1.106862e-09
2.90314902e-06	1.794620e-09
2.90604792e-06	1.387206e-09
2.90894972e-06	1.001919e-09
2.91185441e-06	1.070899e-09
2.91476201e-06	1.249684e-09
2.91767251e-06	1.392109e-09
2.92058591e-06	9.905789e-10
2.92350222e-06	1.193181e-09
2.92642145e-06	1.076067e-09
2.92934359e-06	1.421698e-09
2.93226865e-06	1.383869e-09
2.93519663e-06	1.398304e-09
2.93812753e-06	1.066568e-09
2.94106136e-06	1.572397e-09
2.94399812e-06	1.418471e-09
2.94693781e-06	1.292990e-09
2.94988043e-06	1.692660e-09
2.95282600e-06	1.893742e-09
2.95577451e-06	1.202504e-09
2.95872596e-06	1.358098e-09
2.96168035e-06	1.494363e-09
2.96463770e-06	1.585765e-09
2.96759800e-06	1.560496e-09
2.97056126e-06	1.100599e-09
2.97352747e-06	1.214804e-09
2.97649665e-06	1.482803e-09
2.97946879e-06	1.169614e-09
2.98244390e-06	1.046719e-09
2.98542198e-06	1.202763e-09
2.98840304e-06	1.519966e-09
2.99138707e-06	1.108131e-09
2.99437408e-06	1.243579e-09
2.99736407e-06	1.754970e-09
3.00035705e-06	1.425418e-09
3.00335302e-06	1.092671e-09
3.00635198e-06	1.388898e-09
3.00935393e-06	1.520738e-09
3.01235888e-06	1.519482e-09
3.01536684e-06	1.730214e-09
3.01837779e-06	1.242543e-09
3.02139175e-06	1.469517e-09
3.02440873e-06	1.276800e-09
3.02742871e-06	1.650004e-09
3.03045171e-06	1.337462e-09
3.03347773e-06	1.172965e-09
3.03650677e-06	1.438442e-09
3.03953883e-06	1.366170e-09
3.04257392e-06	1.130346e-09
3.04561205e-06	1.779521e-09
3.04865320e-06	1.401537e-09
3.05169740e-06	1.446960e-09
3.05474463e-06	1.457949e-09
3.05779491e-06	1.612985e-09
3.06084823e-06	1.346851e-09
3.06390460e-06	1.072056e-09
3.06696402e-06	1.347135e-09
3.07002650e-06	1.407644e-09
3.07309203e-06	1.097812e-09
3.07616063e-06	1.696517e-09
3.07923229e-06	1.493458e-09
3.08230702e-06	1.466428e-09
3.08538481e-06	1.289963e-09
3.08846569e-06	1.374310e-09
3.09154963e-06	1.252014e-09
3.09463666e-06	1.220372e-09
3.09772677e-06	1.279407e-09
3.10081996e-06	1.273904e-09
3.10391625e-06	1.579417e-09
3.10701562e-06	1.104454e-09
3.11011809e-06	1.197113e-09
3.11322366e-06	1.474470e-09
3.11633233e-06	1.323098e-09
3.11944410e-06	1.554695e-09
3.12255898e-06	1.167821e-09
3.12567698e-06	1.492401e-09
3.12879808e-06	1.427073e-09
3.13192230e-06	1.450624e-09
3.13504964e-06	1.262086e-09
3.13818010e-06	1.201720e-09
3.14131369e-06	1.236304e-09
3.14445041e-06	1.567366e-09
3.14759026e-06	1.460326e-09
3.15073325e-06	1.173766e-09
3.15387937e-06	1.399516e-09
3.15702864e-06	1.403635e-09
3.16018105e-06	1.265953e-09
3.16333660e-06	1.106672e-09
3.16649531e-06	1.497338e-09
3.16965718e-06	1.682487e-09
3.17282220e-06	1.386662e-09
3.17599038e-06	1.282357e-09
3.17916172e-06	1.228154e-09
3.18233623e-06	1.792923e-09
3.18551391e-06	1.400387e-09
3.18869477e-06	1.236020e-09
3.19187880e-06	1.540812e-09
3.19506601e-06	1.399364e-09
3.19825640e-06	1.385814e-09
3.20144997e-06	1.148955e-09
3.20464674e-06	1.157845e-09
3.20784670e-06	1.595956e-09
3.21104985e-06	1.241650e-09
3.21425621e-06	1.485112e-09
3.21746576e-06	1.461107e-09
3.22067852e-06	1.324691e-09
3.22389449e-06	1.118071e-09
3.22711366e-06	1.480905e-09
3.23033606e-06	1.682885e-09
3.23356167e-06	1.377912e-09
3.23679050e-06	1.298641e-09
3.24002255e-06	1.790850e-09
3.24325783e-06	1.141178e-09
3.24649635e-06	1.575843e-09
3.24973809e-06	1.608217e-09
3.25298308e-06	1.479214e-09
3.25623130e-06	1.752201e-09
3.25948277e-06	1.157523e-09
3.26273748e-06	1.816372e-09
3.26599545e-06	1.746912e-09
3.26925667e-06	1.298394e-09
3.27252114e-06	1.954432e-09
3.27578887e-06	1.305250e-09
3.27905987e-06	1.753947e-09
3.28233413e-06	1.378273e-09
3.28561167e-06	1.372821e-09
3.28889247e-06	1.870290e-09
3.29217655e-06	1.437001e-09
3.29546391e-06	1.737481e-09
3.29875455e-06	1.437186e-09
3.30204848e-06	1.943099e-09
3.30534570e-06	1.357367e-09
3.30864621e-06	1.372906e-09
3.31195002e-06	1.076169e-09
3.31525712e-06	1.498586e-09
3.31856753e-06	1.554512e-09
3.32188124e-06	1.450784e-09
3.32519826e-06	1.598197e-09
3.32851860e-06	1.304119e-09
3.33184225e-06	1.289492e-09
3.33516921e-06	1.710223e-09
3.33849950e-06	1.374224e-09
3.34183312e-06	1.360429e-09
3.34517006e-06	1.401137e-09
3.34851034e-06	1.494979e-09
3.35185395e-06	1.767145e-09
3.35520090e-06	1.586271e-09
3.35855119e-06	1.448527e-09
3.36190483e-06	1.499624e-09
3.36526182e-06	1.505748e-09
3.36862216e-06	1.632871e-09
3.37198585e-06	1.818923e-09
3.37535290e-06	1.944602e-09
3.37872332e-06	1.702643e-09
3.38209710e-06	1.656692e-09
3.38547425e-06	1.469182e-09
3.38885477e-06	1.832669e-09
3.39223867e-06	1.358940e-09
3.39562594e-06	1.659121e-09
3.39901660e-06	1.710214e-09
3.40241065e-06	1.747748e-09
3.40580808e-06	1.798986e-09
3.40920890e-06	1.397178e-09
3.41261313e-06	1.327586e-09
3.41602075e-06	1.631897e-09
3.41943177e-06	1.707095e-09
3.42284620e-06	1.697265e-09
3.42626404e-06	1.396913e-09
3.42968529e-06	1.401288e-09
3.43310996e-06	1.578350e-09
3.43653804e-06	1.216109e-09
3.43996956e-06	1.722635e-09
3.44340449e-06	1.676516e-09
3.44684286e-06	1.375943e-09
3.45028466e-06	1.813025e-09
3.45372990e-06	1.654760e-09
3.45717857e-06	1.583077e-09
3.46063070e-06	1.928688e-09
3.46408626e-06	1.649695e-09
3.46754528e-06	1.352110e-09
3.47100775e-06	1.155680e-09
3.47447368e-06	1.697824e-09
3.47794307e-06	1.319066e-09
3.48141593e-06	1.379822e-09
3.48489225e-06	1.247346e-09
3.48837205e-06	1.710771e-09
3.49185532e-06	1.633370e-09
3.49534206e-06	1.666127e-09
3.49883229e-06	1.834054e-09
3.50232600e-06	1.948056e-09
3.50582321e-06	1.936893e-09
3.50932390e-06	1.820498e-09
3.51282809e-06	1.831129e-09
3.51633578e-06	1.335070e-09
3.51984697e-06	1.782318e-09
3.52336167e-06	1.971732e-09
3.52687988e-06	1.150387e-09
3.53040160e-06	1.971310e-09
3.53392683e-06	1.847315e-09
3.53745559e-06	1.826219e-09
3.54098787e-06	1.649358e-09
3.54452368e-06	1.614430e-09
3.54806302e-06	2.055608e-09
3.55160589e-06	1.778333e-09
3.55515230e-06	1.733638e-09
3.55870225e-06	1.778933e-09
3.56225575e-06	1.893230e-09
3.56581279e-06	1.783142e-09
3.56937339e-06	1.769423e-09
3.57293754e-06	1.822738e-09
3.57650525e-06	1.796272e-09
3.58007652e-06	1.980605e-09
3.58365136e-06	1.974152e-09
3.58722977e-06	1.945873e-09
3.59081175e-06	1.965389e-09
3.59439731e-06	2.084415e-09
3.59798645e-06	1.288301e-09
3.60157917e-06	1.297475e-09
3.60517548e-06	1.897909e-09
3.60877538e-06	1.656576e-09
3.61237888e-06	1.488835e-09
3.61598597e-06	1.654663e-09
3.61959667e-06	2.005786e-09
3.62321097e-06	1.862820e-09
3.62682888e-06	1.570387e-09
3.63045040e-06	1.709269e-09
3.63407554e-06	1.648157e-09
3.63770430e-06	1.397332e-09
3.64133669e-06	2.086163e-09
3.64497270e-06	2.149590e-09
3.64861234e-06	1.797917e-09
3.65225561e-06	1.457346e-09
3.65590252e-06	2.250126e-09
3.65955308e-06	2.029170e-09
3.66320728e-06	1.913449e-09
3.66686512e-06	2.091107e-09
3.67052662e-06	2.076844e-09
3.67419178e-06	1.488076e-09
3.67786060e-06	1.903474e-09
3.68153308e-06	1.930247e-09
3.68520923e-06	2.329689e-09
3.68888904e-06	1.704296e-09
3.69257254e-06	2.152973e-09
3.69625971e-06	1.388553e-09
3.69995056e-06	1.752281e-09
3.70364510e-06	2.088387e-09
3.70734332e-06	1.763383e-09
3.71104524e-06	1.749394e-09
3.71475086e-06	2.076105e-09
3.71846018e-06	2.000455e-09
3.72217320e-06	1.827013e-09
3.72588992e-06	2.038246e-09
3.72961036e-06	2.134145e-09
3.73333452e-06	2.049432e-09
3.73706239e-06	2.025649e-09
3.74079399e-06	2.250363e-09
3.74452931e-06	2.025343e-09
3.74826836e-06	1.428394e-09
3.75201114e-06	2.147776e-09
3.75575766e-06	2.082997e-09
3.75950793e-06	2.230352e-09
3.76326194e-06	2.314665e-09
3.76701969e-06	2.264763e-09
3.77078120e-06	1.878891e-09
3.77454647e-06	1.951054e-09
3.77831549e-06	1.882616e-09
3.78208828e-06	1.752124e-09
3.78586483e-06	1.907572e-09
3.78964516e-06	2.412169e-09
3.79342926e-06	1.429570e-09
3.79721714e-06	2.434318e-09
3.80100880e-06	2.331696e-09
3.80480425e-06	2.232018e-09
3.80860349e-06	2.298795e-09
3.81240652e-06	2.398196e-09
3.81621335e-06	2.117526e-09
3.82002398e-06	2.416180e-09
3.82383842e-06	2.267987e-09
3.82765666e-06	2.346277e-09
3.83147872e-06	1.950309e-09
3.83530459e-06	2.415386e-09
3.83913428e-06	2.258724e-09
3.84296780e-06	2.404098e-09
3.84680515e-06	1.719753e-09
3.85064633e-06	2.060715e-09
3.85449134e-06	2.412656e-09
3.85834019e-06	2.273865e-09
3.86219289e-06	2.024625e-09
3.86604943e-06	1.879410e-09
3.86990982e-06	2.375331e-09
3.87377407e-06	2.160810e-09
3.87764218e-06	2.280311e-09
3.88151415e-06	2.413074e-09
3.88538998e-06	2.165656e-09
3.88926969e-06	2.250991e-09
3.89315327e-06	2.416795e-09
3.89704073e-06	1.984732e-09
3.90093207e-06	2.413485e-09
3.90482729e-06	2.402278e-09
3.90872641e-06	2.377232e-09
3.91262941e-06	2.311121e-09
3.91653632e-06	2.244379e-09
3.92044713e-06	1.911831e-09
3.92436184e-06	1.891695e-09
3.92828046e-06	2.404918e-09
3.93220299e-06	1.561649e-09
3.93612944e-06	2.214988e-09
3.94005981e-06	2.008789e-09
3.94399411e-06	2.402436e-09
3.94793233e-06	2.045103e-09
3.95187449e-06	1.977567e-09
3.95582058e-06	2.512914e-09
3.95977062e-06	2.235508e-09
3.96372460e-06	1.669962e-09
3.96768252e-06	2.152998e-09
3.97164440e-06	2.148156e-09
3.97561023e-06	1.765020e-09
3.97958003e-06	2.245772e-09
3.98355379e-06	2.170542e-09
3.98753151e-06	2.223265e-09
3.99151321e-06	1.740278e-09
3.99549888e-06	2.321037e-09
3.99948854e-06	1.516899e-09
4.00348217e-06	2.431502e-09
