2.99769222e-07	5.543411e-16
3.00068553e-07	6.532707e-16
3.00368182e-07	6.676095e-16
3.00668111e-07	6.822426e-16
3.00968339e-07	6.971755e-16
3.01268867e-07	7.124140e-16
3.01569695e-07	7.279638e-16
3.01870824e-07	7.438309e-16
3.02172253e-07	7.600212e-16
3.02473983e-07	7.765408e-16
3.02776015e-07	7.933960e-16
3.03078348e-07	8.105931e-16
3.03380983e-07	8.281384e-16
3.03683920e-07	8.460386e-16
3.03987160e-07	8.643003e-16
3.04290702e-07	8.829301e-16
3.04594547e-07	9.019351e-16
3.04898696e-07	9.213222e-16
3.05203149e-07	9.410986e-16
3.05507906e-07	9.612714e-16
3.05812967e-07	9.818480e-16
3.06118332e-07	1.002836e-15
3.06424003e-07	1.024243e-15
3.06729978e-07	1.046076e-15
3.07036260e-07	1.068344e-15
3.07342847e-07	1.091055e-15
3.07649740e-07	1.114216e-15
3.07956940e-07	1.137836e-15
3.08264446e-07	1.161924e-15
3.08572260e-07	1.186487e-15
3.08880380e-07	1.211535e-15
3.09188809e-07	1.237077e-15
3.09497545e-07	1.263121e-15
3.09806590e-07	1.289677e-15
3.10115944e-07	1.316754e-15
3.10425606e-07	1.344361e-15
3.10735577e-07	1.372508e-15
3.11045858e-07	1.401205e-15
3.11356449e-07	1.430461e-15
3.11667350e-07	1.460288e-15
3.11978561e-07	1.490694e-15
3.12290084e-07	1.521691e-15
3.12601917e-07	1.553289e-15
3.12914061e-07	1.585499e-15
3.13226518e-07	1.618331e-15
3.13539286e-07	1.651798e-15
3.13852367e-07	1.685910e-15
3.14165760e-07	1.720679e-15
3.14479466e-07	1.756116e-15
3.14793485e-07	1.792233e-15
3.15107818e-07	1.829043e-15
3.15422465e-07	1.866558e-15
3.15737426e-07	1.904790e-15
3.16052702e-07	1.943752e-15
3.16368292e-07	1.983456e-15
3.16684197e-07	2.023917e-15
3.17000418e-07	2.065146e-15
3.17316955e-07	2.107158e-15
3.17633808e-07	2.149966e-15
3.17950977e-07	2.193585e-15
3.18268463e-07	2.238028e-15
3.18586266e-07	2.283310e-15
3.18904386e-07	2.329446e-15
3.19222824e-07	2.376450e-15
3.19541579e-07	2.424337e-15
3.19860654e-07	2.473123e-15
3.20180046e-07	2.522824e-15
3.20499758e-07	2.573455e-15
3.20819789e-07	2.625032e-15
3.21140139e-07	2.677572e-15
3.21460810e-07	2.731091e-15
3.21781800e-07	2.785606e-15
3.22103111e-07	2.841134e-15
3.22424743e-07	2.897693e-15
3.22746696e-07	2.955300e-15
3.23068971e-07	3.013973e-15
3.23391567e-07	3.073731e-15
3.23714485e-07	3.134591e-15
3.24037726e-07	3.196574e-15
3.24361290e-07	3.259697e-15
3.24685177e-07	3.323980e-15
3.25009387e-07	3.389444e-15
3.25333921e-07	3.456107e-15
3.25658779e-07	3.523990e-15
3.25983961e-07	3.593114e-15
3.26309468e-07	3.663500e-15
3.26635300e-07	3.735169e-15
3.26961458e-07	3.808143e-15
3.27287941e-07	3.882443e-15
3.27614750e-07	3.958092e-15
3.27941886e-07	4.035112e-15
3.28269348e-07	4.113527e-15
3.28597137e-07	4.193359e-15
3.28925253e-07	4.274632e-15
3.29253697e-07	4.357371e-15
3.29582469e-07	4.441600e-15
3.29911570e-07	4.527343e-15
3.30240998e-07	4.614625e-15
3.30570756e-07	4.703473e-15
3.30900844e-07	4.793911e-15
3.31231260e-07	4.885967e-15
3.31562007e-07	4.979667e-15
3.31893084e-07	5.075038e-15
3.32224491e-07	5.172107e-15
3.32556230e-07	5.270903e-15
3.32888300e-07	5.371454e-15
3.33220701e-07	5.473788e-15
3.33553434e-07	5.577935e-15
3.33886500e-07	5.683925e-15
3.34219898e-07	5.791787e-15
3.34553629e-07	5.901552e-15
3.34887693e-07	6.013251e-15
3.35222091e-07	6.126915e-15
3.35556822e-07	6.242576e-15
3.35891888e-07	6.360268e-15
3.36227289e-07	6.480022e-15
3.36563024e-07	6.601872e-15
3.36899095e-07	6.725852e-15
3.37235501e-07	6.851996e-15
3.37572243e-07	6.980339e-15
3.37909321e-07	7.110916e-15
3.38246736e-07	7.243764e-15
3.38584488e-07	7.378918e-15
3.38922578e-07	7.516417e-15
3.39261004e-07	7.656295e-15
3.39599769e-07	7.798594e-15
3.39938872e-07	7.943350e-15
3.40278313e-07	8.090603e-15
3.40618094e-07	8.240393e-15
3.40958214e-07	8.392760e-15
3.41298673e-07	8.547745e-15
3.41639473e-07	8.705390e-15
3.41980612e-07	8.865736e-15
3.42322093e-07	9.028826e-15
3.42663914e-07	9.194704e-15
3.43006076e-07	9.363413e-15
3.43348581e-07	9.534999e-15
3.43691427e-07	9.709507e-15
3.44034616e-07	9.886981e-15
3.44378147e-07	1.006747e-14
3.44722021e-07	1.025102e-14
3.45066239e-07	1.043768e-14
3.45410800e-07	1.062749e-14
3.45755706e-07	1.082052e-14
3.46100956e-07	1.101680e-14
3.46446550e-07	1.121639e-14
3.46792490e-07	1.141934e-14
3.47138775e-07	1.162569e-14
3.47485406e-07	1.183552e-14
3.47832383e-07	1.204886e-14
3.48179707e-07	1.226577e-14
3.48527377e-07	1.248631e-14
3.48875395e-07	1.271054e-14
3.49223760e-07	1.293850e-14
3.49572472e-07	1.317027e-14
3.49921534e-07	1.340589e-14
3.50270943e-07	1.364542e-14
3.50620702e-07	1.388893e-14
3.50970809e-07	1.413648e-14
3.51321267e-07	1.438812e-14
3.51672074e-07	1.464393e-14
3.52023232e-07	1.490396e-14
3.52374740e-07	1.516828e-14
3.52726599e-07	1.543696e-14
3.53078810e-07	1.571005e-14
3.53431372e-07	1.598764e-14
3.53784286e-07	1.626978e-14
3.54137553e-07	1.655654e-14
3.54491173e-07	1.684800e-14
3.54845145e-07	1.714422e-14
3.55199471e-07	1.744529e-14
3.55554151e-07	1.775126e-14
3.55909185e-07	1.806221e-14
3.56264573e-07	1.837823e-14
3.56620317e-07	1.869939e-14
3.56976415e-07	1.902576e-14
3.57332870e-07	1.935741e-14
3.57689680e-07	1.969444e-14
3.58046846e-07	2.003692e-14
3.58404369e-07	2.038493e-14
3.58762249e-07	2.073856e-14
3.59120487e-07	2.109788e-14
3.59479082e-07	2.146299e-14
3.59838035e-07	2.183396e-14
3.60197347e-07	2.221089e-14
3.60557017e-07	2.259383e-14
3.60917046e-07	2.298298e-14
3.61277436e-07	2.337832e-14
3.61638184e-07	2.377998e-14
3.61999294e-07	2.418804e-14
3.62360763e-07	2.460260e-14
3.62722594e-07	2.502378e-14
3.63084786e-07	2.545165e-14
3.63447339e-07	2.588631e-14
3.63810255e-07	2.632788e-14
3.64173533e-07	2.677643e-14
3.64537174e-07	2.723210e-14
3.64901178e-07	2.769496e-14
3.65265545e-07	2.816513e-14
3.65630276e-07	2.864272e-14
3.65995372e-07	2.912783e-14
3.66360832e-07	2.962058e-14
3.66726656e-07	3.012107e-14
3.67092847e-07	3.062942e-14
3.67459402e-07	3.114574e-14
3.67826324e-07	3.167015e-14
3.68193613e-07	3.220276e-14
3.68561267e-07	3.274370e-14
3.68929290e-07	3.329308e-14
3.69297679e-07	3.385101e-14
3.69666437e-07	3.441765e-14
3.70035562e-07	3.499309e-14
3.70405056e-07	3.557749e-14
3.70774920e-07	3.617095e-14
3.71145152e-07	3.677359e-14
3.71515754e-07	3.738558e-14
3.71886726e-07	3.800702e-14
3.72258069e-07	3.863809e-14
3.72629783e-07	3.927891e-14
3.73001867e-07	3.992957e-14
3.73374323e-07	4.059027e-14
3.73747152e-07	4.126113e-14
3.74120352e-07	4.194227e-14
3.74493925e-07	4.263387e-14
3.74867871e-07	4.333607e-14
3.75242191e-07	4.404908e-14
3.75616884e-07	4.477291e-14
3.75991951e-07	4.550789e-14
3.76367393e-07	4.625403e-14
3.76743210e-07	4.701151e-14
3.77119402e-07	4.778037e-14
3.77495970e-07	4.856135e-14
3.77872913e-07	4.935397e-14
3.78250233e-07	5.015859e-14
3.78627930e-07	5.097545e-14
3.79006004e-07	5.180466e-14
3.79384456e-07	5.264642e-14
3.79763285e-07	5.350083e-14
3.80142493e-07	5.436825e-14
3.80522079e-07	5.524870e-14
3.80902045e-07	5.614237e-14
3.81282390e-07	5.704956e-14
3.81663114e-07	5.797016e-14
3.82044219e-07	5.890477e-14
3.82425704e-07	5.985358e-14
3.82807570e-07	6.081643e-14
3.83189818e-07	6.179368e-14
3.83572447e-07	6.278545e-14
3.83955458e-07	6.379221e-14
3.84338852e-07	6.481381e-14
3.84722629e-07	6.585067e-14
3.85106789e-07	6.690314e-14
3.85491332e-07	6.797112e-14
3.85876259e-07	6.905498e-14
3.86261571e-07	7.015492e-14
3.86647268e-07	7.127105e-14
3.87033349e-07	7.240391e-14
3.87419816e-07	7.355340e-14
3.87806669e-07	7.471983e-14
3.88193909e-07	7.590367e-14
3.88581535e-07	7.710455e-14
3.88969548e-07	7.832359e-14
3.89357948e-07	7.956048e-14
3.89746737e-07	8.081527e-14
3.90135913e-07	8.208888e-14
3.90525478e-07	8.338076e-14
3.90915433e-07	8.469169e-14
3.91305776e-07	8.602203e-14
3.91696509e-07	8.737186e-14
3.92087633e-07	8.874117e-14
3.92479147e-07	9.013051e-14
3.92871052e-07	9.154009e-14
3.93263348e-07	9.297036e-14
3.93656036e-07	9.442121e-14
3.94049116e-07	9.589310e-14
3.94442589e-07	9.738642e-14
3.94836455e-07	9.890177e-14
3.95230713e-07	1.004381e-13
3.95625366e-07	1.019973e-13
3.96020412e-07	1.035793e-13
3.96415854e-07	1.051848e-13
3.96811689e-07	1.068125e-13
3.97207921e-07	1.084639e-13
3.97604547e-07	1.101390e-13
3.98001570e-07	1.118382e-13
3.98398990e-07	1.135614e-13
3.98796806e-07	1.153103e-13
3.99195019e-07	1.170832e-13
3.99593630e-07	1.188829e-13
3.99992639e-07	1.207073e-13
4.00392047e-07	1.225579e-13
4.00791853e-07	1.244356e-13
4.01192059e-07	1.263395e-13
4.01592664e-07	1.282709e-13
4.01993669e-07	1.302294e-13
4.02395074e-07	1.322156e-13
4.02796881e-07	1.342309e-13
4.03199088e-07	1.362744e-13
4.03601698e-07	1.383464e-13
4.04004709e-07	1.404488e-13
4.04408123e-07	1.425802e-13
4.04811939e-07	1.447409e-13
4.05216159e-07	1.469343e-13
4.05620782e-07	1.491581e-13
4.06025810e-07	1.514126e-13
4.06431241e-07	1.536968e-13
4.06837078e-07	1.560175e-13
4.07243320e-07	1.583684e-13
4.07649967e-07	1.607540e-13
4.08057021e-07	1.631719e-13
4.08464481e-07	1.656239e-13
4.08872348e-07	1.681088e-13
4.09280622e-07	1.706313e-13
4.09689304e-07	1.731875e-13
4.10098394e-07	1.757793e-13
4.10507892e-07	1.784031e-13
4.10917800e-07	1.810724e-13
4.11328116e-07	1.837508e-13
4.11738843e-07	1.865135e-13
4.12149979e-07	1.892806e-13
4.12561526e-07	1.921065e-13
4.12973484e-07	1.949641e-13
4.13385854e-07	1.978596e-13
4.13798635e-07	2.007943e-13
4.14211828e-07	2.037690e-13
4.14625434e-07	2.067819e-13
4.15039453e-07	2.098467e-13
4.15453885e-07	2.129457e-13
4.15868731e-07	2.160894e-13
4.16283991e-07	2.192807e-13
4.16699666e-07	2.225103e-13
4.17115756e-07	2.257873e-13
4.17532262e-07	2.291062e-13
4.17949183e-07	2.324736e-13
4.18366521e-07	2.358859e-13
4.18784276e-07	2.393413e-13
4.19202447e-07	2.428507e-13
4.19621036e-07	2.464004e-13
4.20040044e-07	2.500112e-13
4.20459469e-07	2.536637e-13
4.20879314e-07	2.573603e-13
4.21299577e-07	2.611200e-13
4.21720260e-07	2.649008e-13
4.22141364e-07	2.687628e-13
4.22562887e-07	2.726860e-13
4.22984832e-07	2.766042e-13
4.23407198e-07	2.806545e-13
4.23829986e-07	2.847191e-13
4.24253196e-07	2.888498e-13
4.24676828e-07	2.930425e-13
4.25100884e-07	2.972788e-13
4.25525363e-07	3.015699e-13
4.25950266e-07	3.059292e-13
4.26375593e-07	3.103384e-13
4.26801345e-07	3.148157e-13
4.27227522e-07	3.193392e-13
4.27654124e-07	3.239351e-13
4.28081153e-07	3.285889e-13
4.28508608e-07	3.333100e-13
4.28936489e-07	3.380748e-13
4.29364798e-07	3.429150e-13
4.29793535e-07	3.478418e-13
4.30222700e-07	3.528192e-13
4.30652293e-07	3.578575e-13
4.31082315e-07	3.629663e-13
4.31512767e-07	3.681534e-13
4.31943648e-07	3.733986e-13
4.32374960e-07	3.787153e-13
4.32806703e-07	3.840967e-13
4.33238876e-07	3.895433e-13
4.33671481e-07	3.950911e-13
4.34104518e-07	4.006988e-13
4.34537988e-07	4.063653e-13
4.34971890e-07	4.121225e-13
4.35406226e-07	4.179650e-13
4.35840995e-07	4.238520e-13
4.36276198e-07	4.298571e-13
4.36711836e-07	4.359091e-13
4.37147909e-07	4.420587e-13
4.37584417e-07	4.483098e-13
4.38021362e-07	4.546184e-13
4.38458742e-07	4.609995e-13
4.38896560e-07	4.674880e-13
4.39334814e-07	4.740334e-13
4.39773506e-07	4.806824e-13
4.40212636e-07	4.874392e-13
4.40652205e-07	4.942657e-13
4.41092212e-07	5.011715e-13
4.41532659e-07	5.081731e-13
4.41973546e-07	5.152608e-13
4.42414873e-07	5.224635e-13
4.42856641e-07	5.297011e-13
4.43298849e-07	5.370715e-13
4.43741500e-07	5.445952e-13
4.44184592e-07	5.521652e-13
4.44628127e-07	5.598448e-13
4.45072105e-07	5.676102e-13
4.45516526e-07	5.754710e-13
4.45961390e-07	5.828015e-13
4.46406699e-07	5.915467e-13
4.46852453e-07	5.997346e-13
4.47298652e-07	6.080092e-13
4.47745296e-07	6.164318e-13
4.48192386e-07	6.249385e-13
4.48639923e-07	6.333827e-13
4.49087906e-07	6.422528e-13
4.49536337e-07	6.511384e-13
4.49985216e-07	6.600789e-13
4.50434543e-07	6.691463e-13
4.50884319e-07	6.783157e-13
4.51334543e-07	6.876337e-13
4.51785218e-07	6.970308e-13
4.52236342e-07	7.065741e-13
4.52687917e-07	7.162720e-13
4.53139942e-07	7.260564e-13
4.53592419e-07	7.359955e-13
4.54045348e-07	7.460199e-13
4.54498729e-07	7.560769e-13
4.54952563e-07	7.665384e-13
4.55406850e-07	7.769943e-13
4.55861591e-07	7.875364e-13
4.56316785e-07	7.982774e-13
4.56772435e-07	8.091451e-13
4.57228539e-07	8.200972e-13
4.57685098e-07	8.312086e-13
4.58142114e-07	8.424622e-13
4.58599586e-07	8.538756e-13
4.59057514e-07	8.653884e-13
4.59515900e-07	8.771564e-13
4.59974744e-07	8.890026e-13
4.60434046e-07	9.009551e-13
4.60893806e-07	9.130950e-13
4.61354026e-07	9.254853e-13
4.61814705e-07	9.379342e-13
4.62275844e-07	9.505430e-13
4.62737444e-07	9.633003e-13
4.63199504e-07	9.762597e-13
4.63662026e-07	9.893501e-13
4.64125010e-07	1.002593e-12
4.64588456e-07	1.015949e-12
4.65052364e-07	1.029500e-12
4.65516737e-07	1.043184e-12
4.65981572e-07	1.057399e-12
4.66446872e-07	1.071400e-12
4.66912637e-07	1.085434e-12
4.67378866e-07	1.100219e-12
4.67845561e-07	1.114621e-12
4.68312722e-07	1.129730e-12
4.68780350e-07	1.143938e-12
4.69248445e-07	1.160004e-12
4.69717007e-07	1.175110e-12
4.70186036e-07	1.191074e-12
4.70655535e-07	1.206696e-12
4.71125502e-07	1.221467e-12
4.71595938e-07	1.239030e-12
4.72066844e-07	1.255394e-12
4.72538220e-07	1.271833e-12
4.73010067e-07	1.288697e-12
4.73482385e-07	1.305838e-12
4.73955175e-07	1.322288e-12
4.74428437e-07	1.340396e-12
4.74902171e-07	1.357704e-12
4.75376378e-07	1.375508e-12
4.75851059e-07	1.393535e-12
4.76326214e-07	1.412393e-12
4.76801844e-07	1.431105e-12
4.77277948e-07	1.449346e-12
4.77754528e-07	1.468253e-12
4.78231583e-07	1.487805e-12
4.78709115e-07	1.507297e-12
4.79187124e-07	1.526997e-12
4.79665610e-07	1.546762e-12
4.80144574e-07	1.565997e-12
4.80624016e-07	1.587642e-12
4.81103937e-07	1.608030e-12
4.81584337e-07	1.629117e-12
4.82065217e-07	1.650137e-12
4.82546577e-07	1.672312e-12
4.83028417e-07	1.692933e-12
4.83510739e-07	1.712135e-12
4.83993543e-07	1.735454e-12
4.84476828e-07	1.757524e-12
4.84960596e-07	1.781395e-12
4.85444847e-07	1.805312e-12
4.85929582e-07	1.829586e-12
4.86414801e-07	1.852950e-12
4.86900504e-07	1.876912e-12
4.87386692e-07	1.901185e-12
4.87873366e-07	1.919662e-12
4.88360525e-07	1.951191e-12
4.88848171e-07	1.975230e-12
4.89336304e-07	2.000752e-12
4.89824925e-07	2.019629e-12
4.90314033e-07	2.052594e-12
4.90803630e-07	2.078104e-12
4.91293716e-07	2.106111e-12
4.91784291e-07	2.133311e-12
4.92275355e-07	2.160276e-12
4.92766911e-07	2.187297e-12
4.93258957e-07	2.216932e-12
4.93751494e-07	2.244812e-12
4.94244523e-07	2.271013e-12
4.94738045e-07	2.301387e-12
4.95232059e-07	2.331500e-12
4.95726566e-07	2.361619e-12
4.96221568e-07	2.391087e-12
4.96717063e-07	2.421254e-12
4.97213054e-07	2.450572e-12
4.97709539e-07	2.483311e-12
4.98206521e-07	2.515486e-12
4.98703999e-07	2.546576e-12
4.99201973e-07	2.577985e-12
4.99700445e-07	2.611245e-12
5.00199414e-07	2.645881e-12
5.00698882e-07	2.680178e-12
5.01198848e-07	2.711764e-12
5.01699314e-07	2.746660e-12
5.02200279e-07	2.779406e-12
5.02701745e-07	2.817174e-12
5.03203711e-07	2.849316e-12
5.03706178e-07	2.886011e-12
5.04209148e-07	2.925173e-12
5.04712619e-07	2.960129e-12
5.05216594e-07	2.999470e-12
5.05721071e-07	3.033529e-12
5.06226052e-07	3.074743e-12
5.06731538e-07	3.109765e-12
5.07237528e-07	3.149772e-12
5.07744023e-07	3.191566e-12
5.08251025e-07	3.227655e-12
5.08758532e-07	3.265556e-12
5.09266546e-07	3.312553e-12
5.09775068e-07	3.354188e-12
5.10284097e-07	3.393720e-12
5.10793635e-07	3.421764e-12
5.11303681e-07	3.476133e-12
5.11814237e-07	3.519651e-12
5.12325302e-07	3.552390e-12
5.12836878e-07	3.606436e-12
5.13348965e-07	3.649398e-12
5.13861563e-07	3.699363e-12
5.14374672e-07	3.742041e-12
5.14888295e-07	3.796393e-12
5.15402430e-07	3.842121e-12
5.15917078e-07	3.890426e-12
5.16432240e-07	3.936926e-12
5.16947917e-07	3.983469e-12
5.17464109e-07	4.034685e-12
5.17980816e-07	4.085398e-12
5.18498039e-07	4.139833e-12
5.19015778e-07	4.188572e-12
5.19534035e-07	4.243682e-12
5.20052809e-07	4.295659e-12
5.20572101e-07	4.342924e-12
5.21091911e-07	4.400853e-12
5.21612241e-07	4.452786e-12
5.22133090e-07	4.512572e-12
5.22654459e-07	4.564603e-12
5.23176349e-07	4.617567e-12
5.23698760e-07	4.677761e-12
5.24221693e-07	4.716791e-12
5.24745148e-07	4.789596e-12
5.25269125e-07	4.851801e-12
5.25793626e-07	4.912751e-12
5.26318650e-07	4.973548e-12
5.26844199e-07	5.026020e-12
5.27370272e-07	5.090765e-12
5.27896871e-07	5.134506e-12
5.28423996e-07	5.221653e-12
5.28951647e-07	5.282341e-12
5.29479824e-07	5.341527e-12
5.30008530e-07	5.413517e-12
5.30537763e-07	5.477843e-12
5.31067524e-07	5.540888e-12
5.31597815e-07	5.611730e-12
5.32128635e-07	5.680788e-12
5.32659985e-07	5.740314e-12
5.33191866e-07	5.813028e-12
5.33724278e-07	5.885585e-12
5.34257221e-07	5.954221e-12
5.34790697e-07	6.028534e-12
5.35324705e-07	6.102465e-12
5.35859247e-07	6.169880e-12
5.36394322e-07	6.228478e-12
5.36929932e-07	6.328134e-12
5.37466076e-07	6.399963e-12
5.38002756e-07	6.483103e-12
5.38539972e-07	6.551292e-12
5.39077724e-07	6.609944e-12
5.39616013e-07	6.662073e-12
5.40154839e-07	6.759053e-12
5.40694204e-07	6.854833e-12
5.41234107e-07	6.948551e-12
5.41774550e-07	7.009420e-12
5.42315532e-07	7.067590e-12
5.42857054e-07	7.165967e-12
5.43399117e-07	7.215225e-12
5.43941721e-07	7.288972e-12
5.44484867e-07	7.447277e-12
5.45028555e-07	7.537311e-12
5.45572786e-07	7.643308e-12
5.46117561e-07	7.702623e-12
5.46662879e-07	7.759123e-12
5.47208743e-07	7.897191e-12
5.47755151e-07	8.004602e-12
5.48302105e-07	8.077841e-12
5.48849605e-07	8.195367e-12
5.49397651e-07	8.293739e-12
5.49946245e-07	8.402161e-12
5.50495387e-07	8.467783e-12
5.51045077e-07	8.606083e-12
5.51595316e-07	8.650261e-12
5.52146104e-07	8.813455e-12
5.52697443e-07	8.849594e-12
5.53249331e-07	8.996650e-12
5.53801771e-07	9.021359e-12
5.54354763e-07	9.203102e-12
5.54908307e-07	9.340307e-12
5.55462403e-07	9.426528e-12
5.56017053e-07	9.537403e-12
5.56572257e-07	9.591328e-12
5.57128015e-07	9.731470e-12
5.57684328e-07	9.844109e-12
5.58241196e-07	1.001118e-11
5.58798621e-07	1.013702e-11
5.59356602e-07	1.024262e-11
5.59915140e-07	1.036156e-11
5.60474236e-07	1.045916e-11
5.61033890e-07	1.059773e-11
5.61594104e-07	1.070127e-11
5.62154876e-07	1.086952e-11
5.62716209e-07	1.096778e-11
5.63278102e-07	1.110800e-11
5.63840556e-07	1.120840e-11
5.64403571e-07	1.135344e-11
5.64967149e-07	1.150823e-11
5.65531290e-07	1.161102e-11
5.66095994e-07	1.170220e-11
5.66661262e-07	1.188754e-11
5.67227094e-07	1.198175e-11
5.67793491e-07	1.203657e-11
5.68360454e-07	1.182060e-11
5.68927983e-07	1.229958e-11
5.69496079e-07	1.249731e-11
5.70064741e-07	1.263028e-11
5.70633972e-07	1.275154e-11
5.71203771e-07	1.285523e-11
5.71774140e-07	1.294403e-11
5.72345077e-07	1.313951e-11
5.72916585e-07	1.343946e-11
5.73488663e-07	1.359672e-11
5.74061313e-07	1.370647e-11
5.74634535e-07	1.377117e-11
5.75208328e-07	1.392089e-11
5.75782695e-07	1.419604e-11
5.76357636e-07	1.428344e-11
5.76933150e-07	1.452525e-11
5.77509239e-07	1.464824e-11
5.78085904e-07	1.462241e-11
5.78663144e-07	1.492102e-11
5.79240960e-07	1.496769e-11
5.79819354e-07	1.532036e-11
5.80398325e-07	1.523263e-11
5.80977874e-07	1.562628e-11
5.81558002e-07	1.553198e-11
5.82138709e-07	1.609165e-11
5.82719997e-07	1.615235e-11
5.83301864e-07	1.639099e-11
5.83884313e-07	1.633687e-11
5.84467343e-07	1.656204e-11
5.85050955e-07	1.679199e-11
5.85635150e-07	1.708301e-11
5.86219928e-07	1.703489e-11
5.86805291e-07	1.681858e-11
5.87391238e-07	1.755948e-11
5.87977770e-07	1.763871e-11
5.88564887e-07	1.781391e-11
5.89152591e-07	1.675996e-11
5.89740882e-07	1.776775e-11
5.90329760e-07	1.755577e-11
5.90919226e-07	1.846547e-11
5.91509281e-07	1.883534e-11
5.92099925e-07	1.847609e-11
5.92691158e-07	1.907353e-11
5.93282982e-07	1.928144e-11
5.93875397e-07	1.943638e-11
5.94468404e-07	1.959677e-11
5.95062003e-07	1.975179e-11
5.95656194e-07	2.027076e-11
5.96250979e-07	2.037411e-11
5.96846358e-07	1.988067e-11
5.97442331e-07	2.078055e-11
5.98038899e-07	2.090732e-11
5.98636063e-07	2.143899e-11
5.99233823e-07	2.115756e-11
5.99832181e-07	2.179455e-11
6.00431135e-07	2.054736e-11
6.01030688e-07	2.217442e-11
6.01630839e-07	2.225168e-11
6.02231590e-07	2.235974e-11
6.02832941e-07	2.303433e-11
6.03434892e-07	2.339489e-11
6.04037444e-07	2.300579e-11
6.04640598e-07	2.302528e-11
6.05244354e-07	2.363239e-11
6.05848713e-07	2.389259e-11
6.06453675e-07	2.416477e-11
6.07059241e-07	2.479699e-11
6.07665413e-07	2.490370e-11
6.08272189e-07	2.553342e-11
6.08879571e-07	2.601050e-11
6.09487560e-07	2.614121e-11
6.10096156e-07	2.657782e-11
6.10705360e-07	2.621324e-11
6.11315172e-07	2.711553e-11
6.11925592e-07	2.738653e-11
6.12536623e-07	2.735747e-11
6.13148263e-07	2.811548e-11
6.13760515e-07	2.813087e-11
6.14373377e-07	2.777230e-11
6.14986852e-07	2.877959e-11
6.15600939e-07	2.923129e-11
6.16215639e-07	2.931237e-11
6.16830953e-07	2.896108e-11
6.17446882e-07	2.999240e-11
6.18063426e-07	3.032638e-11
6.18680585e-07	3.083212e-11
6.19298360e-07	3.073173e-11
6.19916753e-07	3.085811e-11
6.20535763e-07	3.161024e-11
6.21155390e-07	3.161909e-11
6.21775637e-07	3.269327e-11
6.22396503e-07	3.274814e-11
6.23017989e-07	3.331449e-11
6.23640096e-07	3.309616e-11
6.24262823e-07	3.367785e-11
6.24886173e-07	3.402530e-11
6.25510145e-07	3.457521e-11
6.26134740e-07	3.399791e-11
6.26759959e-07	3.436479e-11
6.27385802e-07	3.505863e-11
6.28012270e-07	3.498824e-11
6.28639363e-07	3.554293e-11
6.29267083e-07	3.703234e-11
6.29895429e-07	3.681255e-11
6.30524403e-07	3.670101e-11
6.31154005e-07	3.722070e-11
6.31784236e-07	3.754724e-11
6.32415096e-07	3.721757e-11
6.33046586e-07	3.705557e-11
6.33678706e-07	3.954068e-11
6.34311458e-07	3.982119e-11
6.34944842e-07	3.993774e-11
6.35578858e-07	4.068756e-11
6.36213507e-07	4.128675e-11
6.36848789e-07	4.148916e-11
6.37484706e-07	4.066862e-11
6.38121259e-07	4.151870e-11
6.38758446e-07	4.163909e-11
6.39396270e-07	4.302499e-11
6.40034731e-07	4.335029e-11
6.40673830e-07	4.342580e-11
6.41313566e-07	4.357293e-11
6.41953941e-07	4.425367e-11
6.42594956e-07	4.498037e-11
6.43236611e-07	4.408349e-11
6.43878907e-07	4.475509e-11
6.44521844e-07	4.316971e-11
6.45165423e-07	4.555720e-11
6.45809644e-07	4.617330e-11
6.46454509e-07	4.588418e-11
6.47100018e-07	4.434690e-11
6.47746171e-07	4.439813e-11
6.48392970e-07	4.656873e-11
6.49040414e-07	4.879710e-11
6.49688505e-07	4.818501e-11
6.50337243e-07	4.978533e-11
6.50986629e-07	4.966616e-11
6.51636663e-07	4.645099e-11
6.52287347e-07	4.825490e-11
6.52938680e-07	4.870052e-11
6.53590663e-07	5.058972e-11
6.54243298e-07	5.119610e-11
6.54896584e-07	5.245171e-11
6.55550522e-07	5.206912e-11
6.56205114e-07	5.048410e-11
6.56860359e-07	5.149220e-11
6.57516258e-07	5.015455e-11
6.58172813e-07	5.417749e-11
6.58830023e-07	4.169624e-11
6.59487889e-07	5.111425e-11
6.60146412e-07	5.469882e-11
6.60805592e-07	5.785644e-11
6.61465431e-07	5.623290e-11
6.62125929e-07	5.817862e-11
6.62787086e-07	4.266420e-11
6.63448904e-07	5.053740e-11
6.64111382e-07	5.949494e-11
6.64774522e-07	5.540208e-11
6.65438324e-07	5.962458e-11
6.66102789e-07	6.076591e-11
6.66767917e-07	5.903897e-11
6.67433710e-07	5.903332e-11
6.68100167e-07	6.148186e-11
6.68767290e-07	6.300084e-11
6.69435079e-07	6.396462e-11
6.70103534e-07	6.490987e-11
6.70772657e-07	6.283497e-11
6.71442449e-07	6.677138e-11
6.72112909e-07	6.495762e-11
6.72784039e-07	6.785814e-11
6.73455838e-07	6.846855e-11
6.74128309e-07	6.390806e-11
6.74801451e-07	6.398008e-11
6.75475265e-07	6.802280e-11
6.76149752e-07	7.125599e-11
6.76824913e-07	6.692767e-11
6.77500748e-07	7.084547e-11
6.78177257e-07	7.190263e-11
6.78854443e-07	7.173886e-11
6.79532304e-07	7.209142e-11
6.80210842e-07	7.387383e-11
6.80890058e-07	7.470354e-11
6.81569952e-07	7.295257e-11
6.82250525e-07	7.392229e-11
6.82931777e-07	7.787208e-11
6.83613710e-07	7.716889e-11
6.84296323e-07	7.812910e-11
6.84979619e-07	7.952982e-11
6.85663596e-07	7.824605e-11
6.86348257e-07	8.028400e-11
6.87033601e-07	8.101321e-11
6.87719629e-07	6.186257e-11
6.88406343e-07	7.690882e-11
6.89093742e-07	8.086827e-11
6.89781828e-07	8.034353e-11
6.90470600e-07	7.840321e-11
6.91160061e-07	7.463227e-11
6.91850210e-07	7.205170e-11
6.92541048e-07	6.128904e-11
6.93232576e-07	7.254371e-11
6.93924794e-07	7.730605e-11
6.94617704e-07	7.626200e-11
6.95311305e-07	7.844613e-11
6.96005599e-07	7.965752e-11
6.96700587e-07	8.021321e-11
6.97396268e-07	8.190180e-11
6.98092644e-07	8.363272e-11
6.98789716e-07	8.620813e-11
6.99487483e-07	8.768354e-11
7.00185947e-07	8.256571e-11
7.00885109e-07	8.391275e-11
7.01584968e-07	8.897308e-11
7.02285527e-07	8.672510e-11
7.02986785e-07	8.069768e-11
7.03688744e-07	8.710779e-11
7.04391403e-07	8.506198e-11
7.05094764e-07	8.373362e-11
7.05798827e-07	9.382515e-11
7.06503593e-07	9.230130e-11
7.07209063e-07	8.118769e-11
7.07915238e-07	9.194422e-11
7.08622117e-07	9.105673e-11
7.09329703e-07	8.160029e-11
7.10037995e-07	9.075524e-11
7.10746994e-07	8.548514e-11
7.11456701e-07	9.504837e-11
7.12167117e-07	8.168171e-11
7.12878242e-07	9.066973e-11
7.13590078e-07	9.028103e-11
7.14302624e-07	8.176845e-11
7.15015881e-07	8.970076e-11
7.15729851e-07	8.409847e-11
7.16444534e-07	7.992566e-11
7.17159931e-07	8.535135e-11
7.17876041e-07	8.283994e-11
7.18592867e-07	8.517018e-11
7.19310409e-07	8.453203e-11
7.20028667e-07	8.578240e-11
7.20747642e-07	8.256130e-11
7.21467335e-07	7.977441e-11
7.22187747e-07	8.817520e-11
7.22908878e-07	8.936012e-11
7.23630730e-07	7.863761e-11
7.24353302e-07	8.560472e-11
7.25076595e-07	8.925374e-11
7.25800611e-07	8.676087e-11
7.26525350e-07	8.843970e-11
7.27250813e-07	8.995378e-11
7.27976999e-07	9.511914e-11
7.28703911e-07	9.438718e-11
7.29431549e-07	8.844607e-11
7.30159914e-07	8.452004e-11
7.30889005e-07	8.875916e-11
7.31618825e-07	9.903830e-11
7.32349374e-07	8.941569e-11
7.33080652e-07	9.781031e-11
7.33812660e-07	9.977860e-11
7.34545399e-07	9.993937e-11
7.35278870e-07	9.915963e-11
7.36013073e-07	9.787249e-11
7.36748009e-07	8.472073e-11
7.37483680e-07	9.975044e-11
7.38220084e-07	9.878486e-11
7.38957224e-07	1.033718e-10
7.39695101e-07	1.122664e-10
7.40433714e-07	9.958377e-11
7.41173064e-07	1.028956e-10
7.41913153e-07	9.276792e-11
7.42653981e-07	1.062823e-10
7.43395548e-07	1.118295e-10
7.44137856e-07	7.551228e-11
7.44880905e-07	1.123951e-10
7.45624697e-07	8.945074e-11
7.46369230e-07	1.063447e-10
7.47114508e-07	1.029669e-10
7.47860529e-07	1.152839e-10
7.48607296e-07	1.089407e-10
7.49354808e-07	1.179629e-10
7.50103066e-07	1.169059e-10
7.50852072e-07	1.066551e-10
7.51601826e-07	1.109886e-10
7.52352328e-07	1.131575e-10
7.53103580e-07	1.111709e-10
7.53855582e-07	1.178288e-10
7.54608334e-07	1.218778e-10
7.55361839e-07	1.209314e-10
7.56116095e-07	1.213963e-10
7.56871105e-07	1.202739e-10
7.57626869e-07	1.244615e-10
7.58383388e-07	1.260948e-10
7.59140662e-07	1.195859e-10
7.59898692e-07	1.265851e-10
7.60657479e-07	1.249455e-10
7.61417023e-07	1.315232e-10
7.62177326e-07	1.355903e-10
7.62938389e-07	1.393660e-10
7.63700211e-07	1.408108e-10
7.64462794e-07	1.397385e-10
7.65226138e-07	1.316251e-10
7.65990245e-07	1.408939e-10
7.66755115e-07	1.417045e-10
7.67520748e-07	1.396807e-10
7.68287146e-07	1.465737e-10
7.69054309e-07	1.409126e-10
7.69822238e-07	1.383647e-10
7.70590934e-07	1.343220e-10
7.71360398e-07	1.441578e-10
7.72130630e-07	1.380747e-10
7.72901631e-07	1.548924e-10
7.73673402e-07	1.479242e-10
7.74445944e-07	1.530973e-10
7.75219257e-07	1.519984e-10
7.75993342e-07	1.562779e-10
7.76768200e-07	1.544777e-10
7.77543832e-07	1.513354e-10
7.78320238e-07	1.575424e-10
7.79097420e-07	1.473043e-10
7.79875377e-07	1.585781e-10
7.80654112e-07	1.634904e-10
7.81433624e-07	1.621404e-10
7.82213914e-07	1.643331e-10
7.82994984e-07	1.658295e-10
7.83776833e-07	1.551727e-10
7.84559463e-07	1.612303e-10
7.85342875e-07	1.657859e-10
7.86127069e-07	1.693594e-10
7.86912046e-07	1.580082e-10
7.87697807e-07	1.705819e-10
7.88484352e-07	1.674758e-10
7.89271683e-07	1.674585e-10
7.90059800e-07	1.695033e-10
7.90848704e-07	1.761074e-10
7.91638396e-07	1.774069e-10
7.92428876e-07	1.796567e-10
7.93220146e-07	1.804126e-10
7.94012205e-07	1.821166e-10
7.94805056e-07	1.807729e-10
7.95598698e-07	1.834172e-10
7.96393133e-07	1.784270e-10
7.97188361e-07	1.893070e-10
7.97984383e-07	1.840195e-10
7.98781200e-07	1.858121e-10
7.99578813e-07	1.872246e-10
8.00377222e-07	1.822288e-10
8.01176428e-07	1.903851e-10
8.01976433e-07	1.904316e-10
8.02777236e-07	1.921128e-10
8.03578839e-07	1.729356e-10
8.04381242e-07	1.829575e-10
8.05184446e-07	1.919654e-10
8.05988453e-07	1.805147e-10
8.06793262e-07	1.615140e-10
8.07598875e-07	1.551968e-10
8.08405293e-07	1.743031e-10
8.09212515e-07	1.644584e-10
8.10020544e-07	1.688514e-10
8.10829379e-07	1.674975e-10
8.11639023e-07	1.606917e-10
8.12449474e-07	1.591158e-10
8.13260735e-07	1.607965e-10
8.14072806e-07	1.814711e-10
8.14885688e-07	1.575670e-10
8.15699382e-07	1.602114e-10
8.16513888e-07	1.865991e-10
8.17329207e-07	1.890683e-10
8.18145341e-07	1.868562e-10
8.18962289e-07	1.844014e-10
8.19780053e-07	1.818724e-10
8.20598634e-07	1.823866e-10
8.21418032e-07	1.950131e-10
8.22238248e-07	2.005360e-10
8.23059284e-07	1.151255e-10
8.23881139e-07	1.872073e-10
8.24703815e-07	1.800289e-10
8.25527312e-07	1.974444e-10
8.26351632e-07	1.923495e-10
8.27176774e-07	2.000695e-10
8.28002741e-07	2.207701e-10
8.28829533e-07	1.856295e-10
8.29657150e-07	1.774049e-10
8.30485593e-07	2.133512e-10
8.31314864e-07	1.984455e-10
8.32144962e-07	2.244888e-10
8.32975890e-07	2.287375e-10
8.33807647e-07	2.108390e-10
8.34640235e-07	1.852415e-10
8.35473654e-07	1.696273e-10
8.36307906e-07	2.033888e-10
8.37142990e-07	2.080695e-10
8.37978908e-07	2.139257e-10
8.38815661e-07	1.924145e-10
8.39653250e-07	2.147927e-10
8.40491675e-07	2.023439e-10
8.41330937e-07	2.142940e-10
8.42171037e-07	2.137901e-10
8.43011976e-07	2.131636e-10
8.43853755e-07	2.211618e-10
8.44696374e-07	2.329980e-10
8.45539834e-07	2.202827e-10
8.46384137e-07	1.916353e-10
8.47229283e-07	2.271471e-10
8.48075273e-07	2.298156e-10
8.48922108e-07	2.377122e-10
8.49769788e-07	2.413942e-10
8.50618314e-07	2.355157e-10
8.51467688e-07	2.410913e-10
8.52317910e-07	2.425823e-10
8.53168981e-07	2.489970e-10
8.54020902e-07	2.495273e-10
8.54873674e-07	2.380051e-10
8.55727297e-07	2.236510e-10
8.56581772e-07	2.312354e-10
8.57437101e-07	2.444454e-10
8.58293284e-07	2.462490e-10
8.59150321e-07	2.586480e-10
8.60008215e-07	2.418078e-10
8.60866965e-07	2.629170e-10
8.61726572e-07	2.655970e-10
8.62587038e-07	2.596572e-10
8.63448363e-07	2.667651e-10
8.64310548e-07	2.722659e-10
8.65173595e-07	2.704315e-10
8.66037502e-07	2.702139e-10
8.66902273e-07	2.883930e-10
8.67767907e-07	2.701435e-10
8.68634405e-07	3.004427e-10
8.69501769e-07	2.760368e-10
8.70369999e-07	2.753318e-10
8.71239096e-07	2.496539e-10
8.72109060e-07	3.028079e-10
8.72979893e-07	3.014467e-10
8.73851596e-07	3.117198e-10
8.74724169e-07	3.053282e-10
8.75597614e-07	2.965067e-10
8.76471930e-07	3.090413e-10
8.77347120e-07	3.291429e-10
8.78223184e-07	2.970874e-10
8.79100122e-07	3.201222e-10
8.79977936e-07	3.235167e-10
8.80856627e-07	3.085839e-10
8.81736195e-07	3.104410e-10
8.82616641e-07	3.090359e-10
8.83497966e-07	2.945944e-10
8.84380172e-07	3.081106e-10
8.85263258e-07	3.255421e-10
8.86147226e-07	3.037280e-10
8.87032077e-07	2.923231e-10
8.87917812e-07	3.074069e-10
8.88804430e-07	2.999927e-10
8.89691935e-07	3.062101e-10
8.90580325e-07	3.156595e-10
8.91469602e-07	2.822263e-10
8.92359768e-07	2.845076e-10
8.93250822e-07	2.851120e-10
8.94142766e-07	3.095693e-10
8.95035601e-07	2.982908e-10
8.95929327e-07	2.925250e-10
8.96823946e-07	2.926674e-10
8.97719458e-07	2.409838e-10
8.98615864e-07	3.116992e-10
8.99513165e-07	3.175502e-10
9.00411362e-07	3.317213e-10
9.01310456e-07	3.296431e-10
9.02210448e-07	3.417492e-10
9.03111339e-07	3.161722e-10
9.04013129e-07	3.197312e-10
9.04915820e-07	3.293892e-10
9.05819412e-07	3.242020e-10
9.06723906e-07	3.556391e-10
9.07629303e-07	3.120075e-10
9.08535605e-07	3.680575e-10
9.09442811e-07	3.253655e-10
9.10350924e-07	3.548739e-10
9.11259943e-07	3.621600e-10
9.12169869e-07	3.393233e-10
9.13080705e-07	2.978558e-10
9.13992450e-07	3.553931e-10
9.14905105e-07	3.645607e-10
9.15818672e-07	2.127223e-10
9.16733151e-07	3.073097e-10
9.17648543e-07	2.916342e-10
9.18564849e-07	3.372051e-10
9.19482070e-07	3.167973e-10
9.20400207e-07	3.198274e-10
9.21319260e-07	3.227873e-10
9.22239232e-07	3.293877e-10
9.23160122e-07	2.858444e-10
9.24081931e-07	3.018985e-10
9.25004661e-07	3.647928e-10
9.25928313e-07	2.053820e-10
9.26852887e-07	3.318683e-10
9.27778384e-07	3.222350e-10
9.28704805e-07	1.954854e-10
9.29632151e-07	2.999478e-10
9.30560423e-07	3.414145e-10
9.31489622e-07	3.484247e-10
9.32419749e-07	2.217885e-10
9.33350805e-07	2.297475e-10
9.34282790e-07	3.156877e-10
9.35215706e-07	3.384942e-10
9.36149554e-07	3.455294e-10
9.37084334e-07	3.539828e-10
9.38020047e-07	1.577013e-10
9.38956695e-07	2.676974e-10
9.39894278e-07	3.366773e-10
9.40832797e-07	3.644501e-10
9.41772253e-07	2.093563e-10
9.42712648e-07	3.243613e-10
9.43653981e-07	2.666764e-10
9.44596255e-07	3.046902e-10
9.45539469e-07	3.551708e-10
9.46483625e-07	3.669818e-10
9.47428724e-07	3.051176e-10
9.48374767e-07	3.620731e-10
9.49321755e-07	3.503690e-10
9.50269687e-07	3.594374e-10
9.51218567e-07	3.772498e-10
9.52168394e-07	3.493465e-10
9.53119169e-07	3.373750e-10
9.54070894e-07	3.838304e-10
9.55023569e-07	3.824923e-10
9.55977196e-07	3.470380e-10
9.56931774e-07	2.724069e-10
9.57887306e-07	3.796553e-10
9.58843792e-07	3.896315e-10
9.59801233e-07	3.495285e-10
9.60759630e-07	2.902442e-10
9.61718984e-07	3.891722e-10
9.62679296e-07	2.790721e-10
9.63640567e-07	2.459945e-10
9.64602798e-07	4.003080e-10
9.65565990e-07	3.904576e-10
9.66530143e-07	4.058917e-10
9.67495259e-07	3.867331e-10
9.68461339e-07	3.192880e-10
9.69428384e-07	3.646799e-10
9.70396394e-07	4.274118e-10
9.71365371e-07	4.176439e-10
9.72335315e-07	4.140773e-10
9.73306228e-07	3.798525e-10
9.74278110e-07	2.696798e-10
9.75250963e-07	3.290120e-10
9.76224787e-07	4.315984e-10
9.77199584e-07	4.165927e-10
9.78175354e-07	4.042757e-10
9.79152098e-07	4.023099e-10
9.80129818e-07	4.422793e-10
9.81108514e-07	4.236422e-10
9.82088187e-07	4.172117e-10
9.83068838e-07	4.258405e-10
9.84050469e-07	4.193317e-10
9.85033080e-07	3.915731e-10
9.86016672e-07	4.076768e-10
9.87001246e-07	4.425525e-10
9.87986804e-07	4.127944e-10
9.88973345e-07	4.359254e-10
9.89960871e-07	4.306701e-10
9.90949384e-07	4.418476e-10
9.91938884e-07	4.391299e-10
9.92929371e-07	4.548834e-10
9.93920848e-07	4.707360e-10
9.94913315e-07	4.689374e-10
9.95906773e-07	4.497006e-10
9.96901223e-07	4.529540e-10
9.97896665e-07	4.821279e-10
9.98893102e-07	4.837529e-10
9.99890534e-07	4.885229e-10
1.00088896e-06	4.285992e-10
1.00188839e-06	4.371457e-10
1.00288881e-06	4.769687e-10
1.00389023e-06	4.979132e-10
1.00489265e-06	4.860676e-10
1.00589607e-06	4.756037e-10
1.00690050e-06	5.052112e-10
1.00790593e-06	4.964739e-10
1.00891236e-06	5.094238e-10
1.00991979e-06	5.199637e-10
1.01092824e-06	4.781897e-10
1.01193769e-06	5.123991e-10
1.01294814e-06	5.123970e-10
1.01395961e-06	5.200659e-10
1.01497209e-06	5.275801e-10
1.01598557e-06	5.208570e-10
1.01700007e-06	5.283529e-10
1.01801558e-06	5.284304e-10
1.01903211e-06	5.405602e-10
1.02004965e-06	4.953737e-10
1.02106821e-06	5.453910e-10
1.02208778e-06	5.508647e-10
1.02310838e-06	5.291544e-10
1.02412999e-06	5.425456e-10
1.02515262e-06	5.527804e-10
1.02617627e-06	5.422220e-10
1.02720095e-06	5.610335e-10
1.02822665e-06	5.560454e-10
1.02925337e-06	5.594836e-10
1.03028112e-06	5.571878e-10
1.03130989e-06	5.689995e-10
1.03233969e-06	5.670540e-10
1.03337052e-06	5.723271e-10
1.03440238e-06	5.856875e-10
1.03543527e-06	5.850849e-10
1.03646919e-06	5.879934e-10
1.03750414e-06	5.775776e-10
1.03854013e-06	5.895438e-10
1.03957715e-06	5.927493e-10
1.04061521e-06	5.981864e-10
1.04165430e-06	5.934407e-10
1.04269443e-06	5.916151e-10
1.04373560e-06	5.972788e-10
1.04477781e-06	5.996611e-10
1.04582106e-06	6.064029e-10
1.04686535e-06	5.838143e-10
1.04791068e-06	5.990743e-10
1.04895706e-06	6.093807e-10
1.05000448e-06	6.056814e-10
1.05105295e-06	6.084792e-10
1.05210246e-06	6.223589e-10
1.05315303e-06	6.321641e-10
1.05420464e-06	6.344703e-10
1.05525730e-06	6.368190e-10
1.05631102e-06	6.330010e-10
1.05736578e-06	6.403619e-10
1.05842160e-06	6.443713e-10
1.05947847e-06	6.280889e-10
1.06053640e-06	6.371815e-10
1.06159539e-06	6.516437e-10
1.06265543e-06	6.508438e-10
1.06371653e-06	6.525365e-10
1.06477869e-06	6.573781e-10
1.06584191e-06	6.533741e-10
1.06690619e-06	6.483912e-10
1.06797154e-06	6.635191e-10
1.06903795e-06	6.441944e-10
1.07010542e-06	6.678985e-10
1.07117396e-06	6.535825e-10
1.07224357e-06	6.749825e-10
1.07331424e-06	6.789081e-10
1.07438599e-06	6.876726e-10
1.07545880e-06	6.853517e-10
1.07653269e-06	6.679805e-10
1.07760765e-06	6.714806e-10
1.07868368e-06	6.139476e-10
1.07976078e-06	6.824410e-10
1.08083896e-06	6.925411e-10
1.08191822e-06	6.903110e-10
1.08299856e-06	7.042847e-10
1.08407997e-06	6.996890e-10
1.08516247e-06	6.956438e-10
1.08624604e-06	6.859905e-10
1.08733070e-06	6.846760e-10
1.08841644e-06	6.985312e-10
1.08950326e-06	6.836063e-10
1.09059117e-06	7.090333e-10
1.09168017e-06	5.681369e-10
1.09277025e-06	5.676487e-10
1.09386142e-06	5.788956e-10
1.09495368e-06	5.903495e-10
1.09604703e-06	4.736005e-10
1.09714148e-06	6.218653e-10
1.09823701e-06	6.987142e-10
1.09933364e-06	7.135239e-10
1.10043137e-06	5.940511e-10
1.10153019e-06	6.179751e-10
1.10263011e-06	6.415901e-10
1.10373113e-06	7.347940e-10
1.10483324e-06	6.982446e-10
1.10593646e-06	5.850657e-10
1.10704078e-06	7.139241e-10
1.10814620e-06	7.074780e-10
1.10925273e-06	7.054642e-10
1.11036036e-06	3.791893e-10
1.11146909e-06	6.867314e-10
1.11257893e-06	7.239206e-10
1.11368989e-06	7.262763e-10
1.11480195e-06	4.499262e-10
1.11591512e-06	7.084842e-10
1.11702940e-06	5.527424e-10
1.11814480e-06	7.243520e-10
1.11926130e-06	4.657675e-10
1.12037893e-06	3.288563e-10
1.12149767e-06	7.525356e-10
1.12261752e-06	7.586116e-10
1.12373850e-06	7.303692e-10
1.12486059e-06	7.232863e-10
1.12598381e-06	7.277125e-10
1.12710815e-06	7.363621e-10
1.12823361e-06	4.644533e-10
1.12936019e-06	4.242765e-10
1.13048790e-06	7.241050e-10
1.13161673e-06	6.248002e-10
1.13274669e-06	7.817037e-10
1.13387778e-06	7.758649e-10
1.13501000e-06	7.036217e-10
1.13614335e-06	7.330994e-10
1.13727783e-06	7.464911e-10
1.13841345e-06	8.033866e-10
1.13955019e-06	8.096036e-10
1.14068808e-06	7.850492e-10
1.14182710e-06	6.636496e-10
1.14296725e-06	7.422242e-10
1.14410855e-06	4.804753e-10
1.14525098e-06	7.420256e-10
1.14639456e-06	6.000554e-10
1.14753928e-06	7.113159e-10
1.14868514e-06	6.063849e-10
1.14983214e-06	5.063934e-10
1.15098029e-06	6.547147e-10
1.15212959e-06	8.164159e-10
1.15328003e-06	5.237296e-10
1.15443162e-06	6.150479e-10
1.15558437e-06	6.713553e-10
1.15673826e-06	8.187963e-10
1.15789331e-06	7.020955e-10
1.15904951e-06	7.843414e-10
1.16020686e-06	7.562060e-10
1.16136537e-06	7.661502e-10
1.16252504e-06	3.884761e-10
1.16368586e-06	3.884255e-10
1.16484784e-06	6.932024e-10
1.16601099e-06	7.957764e-10
1.16717529e-06	7.233238e-10
1.16834076e-06	4.309351e-10
1.16950739e-06	4.647342e-10
1.17067519e-06	6.827360e-10
1.17184415e-06	8.561218e-10
1.17301428e-06	8.278232e-10
1.17418558e-06	7.699321e-10
1.17535805e-06	8.535926e-10
1.17653168e-06	7.124261e-10
1.17770650e-06	7.180733e-10
1.17888248e-06	6.516340e-10
1.18005964e-06	6.344309e-10
1.18123797e-06	7.803618e-10
1.18241748e-06	4.130379e-10
1.18359817e-06	7.175395e-10
1.18478003e-06	7.541049e-10
1.18596308e-06	5.216054e-10
1.18714731e-06	9.209825e-10
1.18833272e-06	8.651677e-10
1.18951931e-06	6.708300e-10
1.19070709e-06	7.116424e-10
1.19189606e-06	8.304466e-10
1.19308621e-06	9.322512e-10
1.19427755e-06	8.619141e-10
1.19547008e-06	9.382878e-10
1.19666380e-06	9.243590e-10
1.19785872e-06	9.182260e-10
1.19905482e-06	7.474709e-10
1.20025212e-06	9.612787e-10
1.20145062e-06	9.296523e-10
1.20265031e-06	9.079796e-10
1.20385120e-06	1.001997e-09
1.20505329e-06	9.006525e-10
1.20625658e-06	8.736843e-10
1.20746108e-06	9.689655e-10
1.20866677e-06	9.764102e-10
1.20987367e-06	7.127510e-10
1.21108177e-06	9.659440e-10
1.21229108e-06	8.886960e-10
1.21350160e-06	9.691477e-10
1.21471333e-06	1.008824e-09
1.21592626e-06	8.740328e-10
1.21714041e-06	9.876148e-10
1.21835577e-06	9.947396e-10
1.21957234e-06	1.049826e-09
1.22079013e-06	9.134747e-10
1.22200914e-06	1.038936e-09
1.22322936e-06	9.707215e-10
1.22445080e-06	1.033696e-09
1.22567346e-06	9.983170e-10
1.22689734e-06	1.006959e-09
1.22812244e-06	1.031525e-09
1.22934876e-06	9.893876e-10
1.23057631e-06	9.687499e-10
1.23180509e-06	9.422681e-10
1.23303509e-06	1.049621e-09
1.23426633e-06	1.013768e-09
1.23549879e-06	1.014660e-09
1.23673248e-06	9.635624e-10
1.23796740e-06	1.059197e-09
1.23920356e-06	1.078732e-09
1.24044095e-06	1.046173e-09
1.24167957e-06	1.102544e-09
1.24291944e-06	1.022775e-09
1.24416054e-06	1.071180e-09
1.24540288e-06	1.127771e-09
1.24664646e-06	1.127788e-09
1.24789128e-06	1.126182e-09
1.24913735e-06	1.130381e-09
1.25038466e-06	1.151220e-09
1.25163321e-06	1.134332e-09
1.25288301e-06	1.158976e-09
1.25413407e-06	1.148533e-09
1.25538636e-06	1.031890e-09
1.25663991e-06	1.159084e-09
1.25789472e-06	1.127003e-09
1.25915077e-06	1.177715e-09
1.26040808e-06	1.076744e-09
1.26166664e-06	1.164283e-09
1.26292646e-06	1.196986e-09
1.26418754e-06	1.193909e-09
1.26544988e-06	1.182629e-09
1.26671348e-06	1.202901e-09
1.26797834e-06	1.221828e-09
1.26924446e-06	1.185561e-09
1.27051185e-06	9.135400e-10
1.27178050e-06	1.217173e-09
1.27305042e-06	1.178823e-09
1.27432161e-06	1.236736e-09
1.27559407e-06	1.208799e-09
1.27686780e-06	1.200266e-09
1.27814280e-06	1.235741e-09
1.27941907e-06	1.173744e-09
1.28069662e-06	1.198650e-09
1.28197544e-06	1.174354e-09
1.28325554e-06	9.746574e-10
1.28453692e-06	1.199247e-09
1.28581958e-06	1.244244e-09
1.28710351e-06	1.259241e-09
1.28838874e-06	1.256567e-09
1.28967524e-06	1.145839e-09
1.29096303e-06	1.255403e-09
1.29225210e-06	1.241768e-09
1.29354246e-06	1.289575e-09
1.29483411e-06	1.155510e-09
1.29612705e-06	1.247860e-09
1.29742128e-06	1.241801e-09
1.29871681e-06	1.290476e-09
1.30001362e-06	1.308413e-09
1.30131174e-06	1.243345e-09
1.30261114e-06	1.256684e-09
1.30391185e-06	1.242400e-09
1.30521385e-06	1.288925e-09
1.30651716e-06	1.257044e-09
1.30782176e-06	1.260527e-09
1.30912767e-06	8.328637e-10
1.31043489e-06	1.108666e-09
1.31174340e-06	9.795810e-10
1.31305323e-06	1.303156e-09
1.31436436e-06	1.278126e-09
1.31567680e-06	1.310529e-09
1.31699055e-06	1.068907e-09
1.31830562e-06	1.267547e-09
1.31962199e-06	1.210292e-09
1.32093969e-06	1.188742e-09
1.32225869e-06	1.279221e-09
1.32357902e-06	1.282661e-09
1.32490066e-06	1.263843e-09
1.32622362e-06	1.075524e-09
1.32754791e-06	1.378927e-09
1.32887351e-06	1.076260e-09
1.33020044e-06	9.545569e-10
1.33152870e-06	1.286230e-09
1.33285828e-06	8.770413e-10
1.33418918e-06	1.110346e-09
1.33552142e-06	1.108756e-09
1.33685499e-06	8.824792e-10
1.33818989e-06	8.232140e-10
1.33952612e-06	1.112110e-09
1.34086369e-06	1.115024e-09
1.34220259e-06	1.300820e-09
1.34354283e-06	6.717649e-10
1.34488441e-06	5.613964e-10
1.34622732e-06	1.196831e-09
1.34757158e-06	8.296698e-10
1.34891718e-06	9.826132e-10
1.35026412e-06	6.927172e-10
1.35161241e-06	6.191131e-10
1.35296205e-06	8.388982e-10
1.35431303e-06	7.273611e-10
1.35566536e-06	6.304574e-10
1.35701905e-06	8.889522e-10
1.35837408e-06	6.030752e-10
1.35973047e-06	8.378439e-10
1.36108821e-06	5.841913e-10
1.36244730e-06	7.236977e-10
1.36380776e-06	9.687827e-10
1.36516957e-06	9.654838e-10
1.36653274e-06	8.239279e-10
1.36789728e-06	7.702879e-10
1.36926317e-06	7.105179e-10
1.37063043e-06	7.280492e-10
1.37199906e-06	9.493268e-10
1.37336905e-06	1.011088e-09
1.37474041e-06	9.050761e-10
1.37611314e-06	7.450612e-10
1.37748724e-06	1.192861e-09
1.37886271e-06	8.226274e-10
1.38023956e-06	7.997534e-10
1.38161778e-06	1.073041e-09
1.38299737e-06	8.607122e-10
1.38437835e-06	7.428646e-10
1.38576070e-06	7.109583e-10
1.38714443e-06	9.097680e-10
1.38852955e-06	1.051873e-09
1.38991605e-06	6.386519e-10
1.39130393e-06	1.013843e-09
1.39269320e-06	6.694606e-10
1.39408385e-06	1.130484e-09
1.39547590e-06	8.818542e-10
1.39686933e-06	8.113141e-10
1.39826416e-06	9.606427e-10
1.39966038e-06	6.608524e-10
1.40105799e-06	6.735497e-10
1.40245700e-06	1.037083e-09
1.40385740e-06	1.041730e-09
1.40525921e-06	7.034304e-10
1.40666241e-06	6.716812e-10
1.40806702e-06	1.018791e-09
1.40947302e-06	9.470763e-10
1.41088043e-06	7.547149e-10
1.41228925e-06	9.721011e-10
1.41369947e-06	8.104110e-10
1.41511110e-06	1.014600e-09
1.41652415e-06	1.174004e-09
1.41793860e-06	8.563755e-10
1.41935446e-06	8.068874e-10
1.42077174e-06	6.750817e-10
1.42219043e-06	7.851689e-10
1.42361054e-06	7.127802e-10
1.42503207e-06	8.416156e-10
1.42645502e-06	1.033947e-09
1.42787939e-06	8.500821e-10
1.42930518e-06	7.513071e-10
1.43073239e-06	9.937554e-10
1.43216103e-06	7.690540e-10
1.43359110e-06	9.757236e-10
1.43502259e-06	9.750378e-10
1.43645551e-06	8.667221e-10
1.43788987e-06	9.097451e-10
1.43932565e-06	1.006317e-09
1.44076287e-06	9.290798e-10
1.44220153e-06	9.690527e-10
1.44364162e-06	1.152973e-09
1.44508315e-06	8.536774e-10
1.44652612e-06	1.038768e-09
1.44797053e-06	8.870331e-10
1.44941638e-06	1.069335e-09
1.45086368e-06	7.891479e-10
1.45231242e-06	1.050496e-09
1.45376261e-06	8.624841e-10
1.45521424e-06	1.062649e-09
1.45666733e-06	7.284970e-10
1.45812186e-06	7.838076e-10
1.45957785e-06	7.953177e-10
1.46103529e-06	1.096784e-09
1.46249419e-06	8.797950e-10
1.46395455e-06	8.311193e-10
1.46541636e-06	1.226628e-09
1.46687963e-06	8.745396e-10
1.46834437e-06	9.899436e-10
1.46981056e-06	1.079160e-09
1.47127822e-06	1.072629e-09
1.47274735e-06	1.240672e-09
1.47421794e-06	8.309280e-10
1.47569000e-06	8.222312e-10
1.47716353e-06	1.002437e-09
1.47863854e-06	8.092378e-10
1.48011501e-06	9.348762e-10
1.48159296e-06	1.079666e-09
1.48307239e-06	1.330460e-09
1.48455329e-06	8.828270e-10
1.48603567e-06	9.526575e-10
1.48751953e-06	1.236004e-09
1.48900488e-06	1.232161e-09
1.49049170e-06	9.604305e-10
1.49198001e-06	1.167697e-09
1.49346981e-06	8.605015e-10
1.49496110e-06	1.418131e-09
1.49645387e-06	8.797486e-10
1.49794813e-06	1.350206e-09
1.49944389e-06	1.287226e-09
1.50094114e-06	1.085410e-09
1.50243989e-06	1.096186e-09
1.50394013e-06	1.045727e-09
1.50544187e-06	1.155819e-09
1.50694511e-06	1.043984e-09
1.50844985e-06	1.212707e-09
1.50995609e-06	1.109833e-09
1.51146384e-06	1.071077e-09
1.51297309e-06	1.407367e-09
1.51448385e-06	1.112376e-09
1.51599612e-06	1.393475e-09
1.51750990e-06	1.025078e-09
1.51902519e-06	9.333307e-10
1.52054199e-06	1.229289e-09
1.52206031e-06	1.047315e-09
1.52358014e-06	1.130513e-09
1.52510149e-06	1.141398e-09
1.52662436e-06	1.516846e-09
1.52814875e-06	1.106024e-09
1.52967467e-06	1.659082e-09
1.53120210e-06	9.302308e-10
1.53273107e-06	1.321804e-09
1.53426156e-06	1.049110e-09
1.53579357e-06	1.229847e-09
1.53732712e-06	9.409780e-10
1.53886220e-06	1.246190e-09
1.54039881e-06	1.431781e-09
1.54193695e-06	1.356535e-09
1.54347663e-06	1.444271e-09
1.54501785e-06	1.686750e-09
1.54656061e-06	1.084892e-09
1.54810491e-06	1.471040e-09
1.54965075e-06	1.334582e-09
1.55119813e-06	1.460381e-09
1.55274706e-06	1.445511e-09
1.55429754e-06	1.568287e-09
1.55584956e-06	1.517349e-09
1.55740313e-06	1.298801e-09
1.55895826e-06	1.519629e-09
1.56051494e-06	1.623584e-09
1.56207317e-06	1.589778e-09
1.56363296e-06	1.628631e-09
1.56519430e-06	1.240953e-09
1.56675721e-06	1.585936e-09
1.56832167e-06	1.558142e-09
1.56988770e-06	1.634985e-09
1.57145529e-06	1.460722e-09
1.57302445e-06	1.193447e-09
1.57459517e-06	1.586724e-09
1.57616746e-06	1.511103e-09
1.57774132e-06	1.730081e-09
1.57931676e-06	1.746307e-09
1.58089376e-06	1.757129e-09
1.58247234e-06	1.213399e-09
1.58405250e-06	1.547237e-09
1.58563424e-06	1.675451e-09
1.58721755e-06	1.549618e-09
1.58880245e-06	1.837283e-09
1.59038892e-06	1.265438e-09
1.59197699e-06	1.544782e-09
1.59356663e-06	1.809388e-09
1.59515787e-06	1.901402e-09
1.59675069e-06	1.752690e-09
1.59834511e-06	1.532351e-09
1.59994111e-06	1.735294e-09
1.60153872e-06	1.741189e-09
1.60313791e-06	1.668483e-09
1.60473870e-06	1.958924e-09
1.60634109e-06	1.799152e-09
1.60794509e-06	1.875306e-09
1.60955068e-06	1.858952e-09
1.61115787e-06	1.830479e-09
1.61276668e-06	1.810706e-09
1.61437708e-06	1.914942e-09
1.61598910e-06	1.793034e-09
1.61760272e-06	1.885195e-09
1.61921796e-06	1.765257e-09
1.62083481e-06	1.919769e-09
1.62245327e-06	1.852287e-09
1.62407335e-06	1.795747e-09
1.62569505e-06	1.907283e-09
1.62731837e-06	1.862682e-09
1.62894330e-06	1.998296e-09
1.63056986e-06	1.944088e-09
1.63219805e-06	1.202980e-09
1.63382786e-06	1.979178e-09
1.63545930e-06	1.861287e-09
1.63709236e-06	1.903481e-09
1.63872706e-06	1.928695e-09
1.64036339e-06	1.851243e-09
1.64200135e-06	2.145006e-09
1.64364095e-06	2.016832e-09
1.64528219e-06	1.940152e-09
1.64692506e-06	2.055771e-09
1.64856958e-06	1.984921e-09
1.65021574e-06	2.051292e-09
1.65186354e-06	1.942642e-09
1.65351299e-06	2.073229e-09
1.65516408e-06	2.064160e-09
1.65681682e-06	2.100176e-09
1.65847122e-06	2.061253e-09
1.66012726e-06	2.061506e-09
1.66178496e-06	2.007259e-09
1.66344431e-06	2.089836e-09
1.66510532e-06	2.108983e-09
1.66676799e-06	1.990320e-09
1.66843232e-06	2.085660e-09
1.67009831e-06	1.764322e-09
1.67176597e-06	1.820460e-09
1.67343529e-06	2.098151e-09
1.67510628e-06	2.027633e-09
1.67677893e-06	2.088548e-09
1.67845326e-06	1.862297e-09
1.68012926e-06	2.104286e-09
1.68180693e-06	2.249056e-09
1.68348627e-06	1.957115e-09
1.68516730e-06	1.986811e-09
1.68685000e-06	1.629070e-09
1.68853438e-06	2.144431e-09
1.69022045e-06	2.162275e-09
1.69190819e-06	1.865773e-09
1.69359763e-06	2.220006e-09
1.69528875e-06	1.766333e-09
1.69698156e-06	2.070110e-09
1.69867605e-06	2.191453e-09
1.70037225e-06	1.959982e-09
1.70207013e-06	2.132326e-09
1.70376971e-06	1.843965e-09
1.70547099e-06	2.077618e-09
1.70717396e-06	2.067341e-09
1.70887864e-06	2.128833e-09
1.71058502e-06	2.245699e-09
1.71229310e-06	2.115349e-09
1.71400289e-06	1.933502e-09
1.71571438e-06	1.765120e-09
1.71742759e-06	1.684827e-09
1.71914250e-06	1.812231e-09
1.72085913e-06	1.601982e-09
1.72257747e-06	1.734028e-09
1.72429753e-06	2.194576e-09
1.72601931e-06	2.111519e-09
1.72774280e-06	1.780678e-09
1.72946801e-06	1.604989e-09
1.73119495e-06	2.001205e-09
1.73292362e-06	1.958376e-09
1.73465400e-06	1.724752e-09
1.73638612e-06	2.009553e-09
1.73811997e-06	1.864498e-09
1.73985554e-06	1.491594e-09
1.74159285e-06	2.020917e-09
1.74333190e-06	2.010129e-09
1.74507268e-06	1.524808e-09
1.74681520e-06	1.171509e-09
1.74855946e-06	2.179025e-09
1.75030546e-06	1.265947e-09
1.75205321e-06	1.284833e-09
1.75380270e-06	1.696659e-09
1.75555393e-06	1.209225e-09
1.75730692e-06	1.344749e-09
1.75906165e-06	2.121006e-09
1.76081814e-06	2.000462e-09
1.76257638e-06	2.034537e-09
1.76433638e-06	1.852672e-09
1.76609814e-06	1.970263e-09
1.76786165e-06	1.192003e-09
1.76962693e-06	2.129772e-09
1.77139397e-06	1.801280e-09
1.77316277e-06	1.519744e-09
1.77493334e-06	1.560338e-09
1.77670567e-06	1.681500e-09
1.77847978e-06	1.378373e-09
1.78025566e-06	1.670895e-09
1.78203331e-06	1.374125e-09
1.78381274e-06	1.566441e-09
1.78559394e-06	1.971957e-09
1.78737692e-06	1.904344e-09
1.78916168e-06	1.703333e-09
1.79094823e-06	1.570778e-09
1.79273655e-06	1.476091e-09
1.79452667e-06	2.094056e-09
1.79631857e-06	1.228657e-09
1.79811226e-06	1.551769e-09
1.79990774e-06	1.902332e-09
1.80170502e-06	1.428350e-09
1.80350409e-06	1.394429e-09
1.80530495e-06	1.731227e-09
1.80710762e-06	1.330824e-09
1.80891208e-06	1.373561e-09
1.81071835e-06	1.292656e-09
1.81252641e-06	1.283043e-09
1.81433629e-06	1.552101e-09
1.81614797e-06	2.030001e-09
1.81796146e-06	1.539886e-09
1.81977676e-06	1.578346e-09
1.82159388e-06	1.505868e-09
1.82341281e-06	1.361900e-09
1.82523355e-06	1.590549e-09
1.82705612e-06	1.652373e-09
1.82888050e-06	1.291512e-09
1.83070670e-06	1.678941e-09
1.83253473e-06	1.305181e-09
1.83436459e-06	2.025222e-09
1.83619627e-06	1.310072e-09
1.83802978e-06	1.751813e-09
1.83986512e-06	1.295646e-09
1.84170229e-06	1.996469e-09
1.84354130e-06	1.353033e-09
1.84538214e-06	1.861409e-09
1.84722483e-06	1.340549e-09
1.84906935e-06	2.068910e-09
1.85091571e-06	1.807819e-09
1.85276392e-06	2.152405e-09
1.85461397e-06	1.759879e-09
1.85646588e-06	1.578763e-09
1.85831963e-06	1.684061e-09
1.86017523e-06	1.570647e-09
1.86203268e-06	1.628282e-09
1.86389199e-06	1.866547e-09
1.86575315e-06	1.802005e-09
1.86761618e-06	1.563407e-09
1.86948106e-06	2.004693e-09
1.87134781e-06	1.626095e-09
1.87321642e-06	1.620155e-09
1.87508689e-06	1.950577e-09
1.87695924e-06	1.873167e-09
1.87883345e-06	1.828028e-09
1.88070954e-06	2.075808e-09
1.88258749e-06	1.967397e-09
1.88446733e-06	1.948595e-09
1.88634904e-06	2.235355e-09
1.88823263e-06	1.771045e-09
1.89011810e-06	1.495065e-09
1.89200545e-06	1.941838e-09
1.89389469e-06	1.374606e-09
1.89578581e-06	2.164667e-09
1.89767882e-06	1.805678e-09
1.89957373e-06	1.913386e-09
1.90147052e-06	1.388642e-09
1.90336921e-06	1.482520e-09
1.90526980e-06	1.785902e-09
1.90717228e-06	1.454579e-09
1.90907666e-06	2.052014e-09
1.91098294e-06	1.775516e-09
1.91289113e-06	1.571870e-09
1.91480122e-06	2.083144e-09
1.91671322e-06	1.766759e-09
1.91862713e-06	1.933762e-09
1.92054295e-06	2.055885e-09
1.92246069e-06	1.669861e-09
1.92438033e-06	2.047318e-09
1.92630190e-06	1.687073e-09
1.92822538e-06	1.858998e-09
1.93015079e-06	2.069723e-09
1.93207812e-06	2.138043e-09
1.93400737e-06	1.770441e-09
1.93593855e-06	1.932686e-09
1.93787165e-06	1.796910e-09
1.93980669e-06	1.461259e-09
1.94174366e-06	2.198691e-09
1.94368256e-06	1.884843e-09
1.94562340e-06	1.898218e-09
1.94756618e-06	1.688131e-09
1.94951089e-06	1.876066e-09
1.95145755e-06	2.022476e-09
1.95340615e-06	1.446816e-09
1.95535670e-06	1.816354e-09
1.95730920e-06	1.729467e-09
1.95926364e-06	2.161215e-09
1.96122004e-06	1.897879e-09
1.96317839e-06	1.977951e-09
1.96513870e-06	1.615411e-09
1.96710096e-06	1.922156e-09
1.96906519e-06	2.003256e-09
1.97103137e-06	1.798256e-09
1.97299952e-06	1.703982e-09
1.97496963e-06	2.007013e-09
1.97694171e-06	1.843408e-09
1.97891576e-06	2.323958e-09
1.98089178e-06	1.955632e-09
1.98286978e-06	1.655546e-09
1.98484975e-06	1.626305e-09
1.98683169e-06	1.653966e-09
1.98881562e-06	2.242122e-09
1.99080152e-06	1.505236e-09
1.99278941e-06	1.669549e-09
1.99477929e-06	2.040518e-09
1.99677115e-06	1.719915e-09
1.99876500e-06	2.147650e-09
2.00076084e-06	2.177420e-09
2.00275867e-06	2.028270e-09
2.00475850e-06	1.988240e-09
2.00676033e-06	2.265815e-09
2.00876415e-06	1.495291e-09
2.01076998e-06	1.698744e-09
2.01277780e-06	2.064631e-09
2.01478764e-06	1.869466e-09
2.01679948e-06	1.616778e-09
2.01881333e-06	1.514244e-09
2.02082919e-06	2.025805e-09
2.02284706e-06	1.940073e-09
2.02486695e-06	1.670717e-09
2.02688885e-06	1.915988e-09
2.02891278e-06	1.806419e-09
2.03093872e-06	1.718238e-09
2.03296669e-06	1.807002e-09
2.03499668e-06	1.869887e-09
2.03702870e-06	2.006070e-09
2.03906275e-06	1.818049e-09
2.04109883e-06	1.998928e-09
2.04313694e-06	1.936801e-09
2.04517709e-06	2.305307e-09
2.04721927e-06	1.932849e-09
2.04926350e-06	2.224936e-09
2.05130976e-06	2.190609e-09
2.05335807e-06	1.732005e-09
2.05540843e-06	2.347153e-09
2.05746083e-06	2.098813e-09
2.05951528e-06	2.218652e-09
2.06157178e-06	1.703632e-09
2.06363034e-06	2.124126e-09
2.06569095e-06	2.239758e-09
2.06775362e-06	1.683518e-09
2.06981835e-06	2.405978e-09
2.07188514e-06	2.152799e-09
2.07395399e-06	2.128645e-09
2.07602491e-06	2.043833e-09
2.07809790e-06	2.194643e-09
2.08017296e-06	2.196977e-09
2.08225009e-06	2.415700e-09
2.08432929e-06	1.918096e-09
2.08641057e-06	1.830730e-09
2.08849393e-06	1.903714e-09
2.09057937e-06	1.991446e-09
2.09266689e-06	2.396727e-09
2.09475649e-06	1.993175e-09
2.09684818e-06	1.990542e-09
2.09894197e-06	2.184519e-09
2.10103784e-06	2.073112e-09
2.10313580e-06	2.265759e-09
2.10523586e-06	2.288368e-09
2.10733802e-06	2.026362e-09
2.10944227e-06	2.401297e-09
2.11154863e-06	1.935837e-09
2.11365709e-06	2.172271e-09
2.11576765e-06	2.362714e-09
2.11788032e-06	2.336252e-09
2.11999511e-06	2.038483e-09
2.12211200e-06	2.409684e-09
2.12423101e-06	2.496817e-09
2.12635213e-06	2.307199e-09
2.12847537e-06	1.914954e-09
2.13060073e-06	2.245022e-09
2.13272822e-06	2.325055e-09
2.13485783e-06	2.288166e-09
2.13698956e-06	2.047948e-09
2.13912342e-06	2.460529e-09
2.14125942e-06	2.188834e-09
2.14339754e-06	1.924593e-09
2.14553781e-06	2.474648e-09
2.14768021e-06	2.558722e-09
2.14982474e-06	2.098657e-09
2.15197142e-06	2.403719e-09
2.15412025e-06	2.315408e-09
2.15627122e-06	2.527727e-09
2.15842433e-06	2.610849e-09
2.16057960e-06	2.135087e-09
2.16273702e-06	2.540418e-09
2.16489659e-06	2.409930e-09
2.16705832e-06	2.507910e-09
2.16922221e-06	2.453585e-09
2.17138826e-06	2.112147e-09
2.17355647e-06	2.540955e-09
2.17572684e-06	2.096879e-09
2.17789939e-06	2.532967e-09
2.18007410e-06	2.427999e-09
2.18225099e-06	2.407123e-09
2.18443005e-06	2.141886e-09
2.18661128e-06	2.153959e-09
2.18879469e-06	2.571119e-09
2.19098028e-06	2.360591e-09
2.19316806e-06	2.567645e-09
2.19535802e-06	2.465618e-09
2.19755017e-06	2.457442e-09
2.19974450e-06	2.522079e-09
2.20194103e-06	2.474506e-09
2.20413975e-06	2.435081e-09
2.20634066e-06	2.476312e-09
2.20854377e-06	2.073126e-09
2.21074909e-06	2.168830e-09
2.21295660e-06	2.555632e-09
2.21516632e-06	2.499208e-09
2.21737825e-06	2.479382e-09
2.21959238e-06	1.804670e-09
2.22180873e-06	2.309105e-09
2.22402729e-06	2.586684e-09
2.22624806e-06	2.545270e-09
2.22847105e-06	2.545331e-09
2.23069626e-06	2.627297e-09
2.23292369e-06	1.856843e-09
2.23515335e-06	2.521805e-09
2.23738523e-06	2.549396e-09
2.23961935e-06	2.691907e-09
2.24185569e-06	1.915768e-09
2.24409427e-06	2.641902e-09
2.24633508e-06	2.507338e-09
2.24857813e-06	2.620483e-09
2.25082341e-06	2.473667e-09
2.25307094e-06	2.585746e-09
2.25532072e-06	2.500363e-09
2.25757274e-06	2.618173e-09
2.25982701e-06	2.589919e-09
2.26208353e-06	2.653122e-09
2.26434231e-06	2.328189e-09
2.26660334e-06	2.521764e-09
2.26886662e-06	2.603274e-09
2.27113217e-06	2.590937e-09
2.27339998e-06	2.467144e-09
2.27567005e-06	2.563054e-09
2.27794240e-06	2.545968e-09
2.28021700e-06	2.341552e-09
2.28249389e-06	2.270465e-09
2.28477304e-06	2.653927e-09
2.28705447e-06	2.514649e-09
2.28933818e-06	2.655919e-09
2.29162417e-06	2.333372e-09
2.29391244e-06	1.819488e-09
2.29620300e-06	2.475726e-09
2.29849584e-06	2.228943e-09
2.30079097e-06	2.504769e-09
2.30308840e-06	2.132106e-09
2.30538812e-06	2.493284e-09
2.30769013e-06	2.342894e-09
2.30999445e-06	2.226680e-09
2.31230106e-06	2.475482e-09
2.31460998e-06	2.576303e-09
2.31692121e-06	2.564957e-09
2.31923474e-06	2.580439e-09
2.32155058e-06	2.612523e-09
2.32386873e-06	2.566865e-09
2.32618920e-06	2.508565e-09
2.32851199e-06	2.162853e-09
2.33083709e-06	2.502148e-09
2.33316452e-06	2.328350e-09
2.33549427e-06	2.538270e-09
2.33782635e-06	2.508667e-09
2.34016076e-06	2.543321e-09
2.34249749e-06	2.451702e-09
2.34483656e-06	1.929872e-09
2.34717797e-06	2.610188e-09
2.34952171e-06	2.303991e-09
2.35186780e-06	2.596323e-09
2.35421623e-06	2.564540e-09
2.35656700e-06	2.528990e-09
2.35892012e-06	2.366833e-09
2.36127559e-06	2.500238e-09
2.36363341e-06	2.556276e-09
2.36599358e-06	2.559811e-09
2.36835612e-06	2.585600e-09
2.37072101e-06	2.448270e-09
2.37308826e-06	1.977393e-09
2.37545788e-06	2.368273e-09
2.37782986e-06	2.678376e-09
2.38020421e-06	2.515823e-09
2.38258093e-06	2.251561e-09
2.38496003e-06	2.341384e-09
2.38734150e-06	2.271498e-09
2.38972535e-06	2.512252e-09
2.39211158e-06	2.183085e-09
2.39450019e-06	2.459381e-09
2.39689119e-06	2.446376e-09
2.39928457e-06	2.600300e-09
2.40168035e-06	2.063417e-09
2.40407851e-06	2.179298e-09
2.40647907e-06	2.664809e-09
2.40888203e-06	2.258954e-09
2.41128739e-06	2.488692e-09
2.41369515e-06	2.179211e-09
2.41610531e-06	1.880811e-09
2.41851788e-06	2.334089e-09
2.42093286e-06	2.495773e-09
2.42335026e-06	1.875404e-09
2.42577006e-06	1.989667e-09
2.42819228e-06	2.180157e-09
2.43061692e-06	2.221907e-09
2.43304398e-06	2.479286e-09
2.43547347e-06	2.365419e-09
2.43790538e-06	1.938858e-09
2.44033972e-06	2.382720e-09
2.44277649e-06	2.522607e-09
2.44521569e-06	2.336779e-09
2.44765733e-06	2.214695e-09
2.45010140e-06	2.077675e-09
2.45254792e-06	2.196225e-09
2.45499688e-06	2.230360e-09
2.45744829e-06	2.588772e-09
2.45990214e-06	2.024236e-09
2.46235844e-06	2.526431e-09
2.46481720e-06	2.436367e-09
2.46727841e-06	2.534458e-09
2.46974208e-06	2.042226e-09
2.47220821e-06	2.297708e-09
2.47467680e-06	2.230619e-09
2.47714786e-06	2.218574e-09
2.47962138e-06	2.043131e-09
2.48209737e-06	2.227820e-09
2.48457584e-06	1.997602e-09
2.48705678e-06	1.906135e-09
2.48954020e-06	1.900879e-09
2.49202610e-06	2.117927e-09
2.49451448e-06	2.139087e-09
2.49700534e-06	2.039139e-09
2.49949870e-06	2.128886e-09
2.50199454e-06	2.502585e-09
2.50449287e-06	2.117722e-09
2.50699370e-06	2.132803e-09
2.50949703e-06	2.300145e-09
2.51200285e-06	1.913180e-09
2.51451118e-06	2.076546e-09
2.51702201e-06	2.293300e-09
2.51953535e-06	1.927077e-09
2.52205120e-06	2.219449e-09
2.52456956e-06	1.995828e-09
2.52709044e-06	2.220938e-09
2.52961383e-06	2.143372e-09
2.53213975e-06	2.262645e-09
2.53466818e-06	1.917753e-09
2.53719914e-06	2.305157e-09
2.53973263e-06	1.925350e-09
2.54226865e-06	2.170267e-09
2.54480720e-06	2.321260e-09
2.54734828e-06	2.298676e-09
2.54989190e-06	2.203509e-09
2.55243806e-06	2.153730e-09
2.55498677e-06	2.110717e-09
2.55753802e-06	2.269072e-09
2.56009181e-06	1.939449e-09
2.56264816e-06	1.945100e-09
2.56520706e-06	2.209774e-09
2.56776851e-06	1.936813e-09
2.57033253e-06	2.410236e-09
2.57289910e-06	2.327655e-09
2.57546823e-06	2.087544e-09
2.57803993e-06	1.945213e-09
2.58061420e-06	2.270304e-09
2.58319104e-06	2.001741e-09
2.58577045e-06	2.133671e-09
2.58835244e-06	2.073934e-09
2.59093701e-06	2.416229e-09
2.59352415e-06	2.117447e-09
2.59611388e-06	1.978458e-09
2.59870620e-06	2.259517e-09
2.60130110e-06	2.005863e-09
2.60389860e-06	2.132248e-09
2.60649869e-06	1.973913e-09
2.60910137e-06	1.978433e-09
2.61170666e-06	2.387598e-09
2.61431454e-06	2.443360e-09
2.61692503e-06	2.103950e-09
2.61953813e-06	2.435564e-09
2.62215384e-06	2.176721e-09
2.62477215e-06	2.374188e-09
2.62739309e-06	2.112226e-09
2.63001663e-06	2.517289e-09
2.63264280e-06	1.988919e-09
2.63527160e-06	2.327573e-09
2.63790301e-06	2.464453e-09
2.64053706e-06	1.978764e-09
2.64317373e-06	1.972966e-09
2.64581304e-06	1.985005e-09
2.64845498e-06	2.029572e-09
2.65109956e-06	2.019750e-09
2.65374678e-06	2.483850e-09
2.65639665e-06	2.331760e-09
2.65904916e-06	2.316408e-09
2.66170431e-06	2.447799e-09
2.66436213e-06	2.334875e-09
2.66702259e-06	2.145033e-09
2.66968571e-06	1.986910e-09
2.67235149e-06	2.449863e-09
2.67501993e-06	2.247045e-09
2.67769104e-06	2.143199e-09
2.68036481e-06	2.098365e-09
2.68304126e-06	2.006802e-09
2.68572037e-06	1.989686e-09
2.68840216e-06	2.344684e-09
2.69108663e-06	1.990694e-09
2.69377378e-06	1.991348e-09
2.69646362e-06	2.044827e-09
2.69915613e-06	2.494749e-09
2.70185134e-06	2.003169e-09
2.70454924e-06	1.996131e-09
2.70724983e-06	2.052905e-09
2.70995312e-06	2.064418e-09
2.71265911e-06	2.328881e-09
2.71536780e-06	1.998171e-09
2.71807920e-06	2.229494e-09
2.72079330e-06	2.144008e-09
2.72351011e-06	2.147958e-09
2.72622964e-06	2.143327e-09
2.72895188e-06	2.003734e-09
2.73167684e-06	2.009755e-09
2.73440452e-06	2.172385e-09
2.73713492e-06	2.327400e-09
2.73986805e-06	2.068264e-09
2.74260391e-06	2.463944e-09
2.74534251e-06	2.055626e-09
2.74808383e-06	2.008009e-09
2.75082790e-06	2.187517e-09
2.75357470e-06	2.443066e-09
2.75632425e-06	2.346581e-09
2.75907654e-06	2.595853e-09
2.76183158e-06	2.492160e-09
2.76458937e-06	2.073219e-09
2.76734991e-06	2.209630e-09
2.77011322e-06	2.019426e-09
2.77287928e-06	2.160643e-09
2.77564810e-06	2.385487e-09
2.77841969e-06	2.080947e-09
2.78119404e-06	2.071298e-09
2.78397117e-06	2.237043e-09
2.78675106e-06	2.078683e-09
2.78953374e-06	2.021943e-09
2.79231919e-06	2.030983e-09
2.79510743e-06	2.133382e-09
2.79789844e-06	2.026640e-09
2.80069225e-06	2.026570e-09
2.80348884e-06	2.041500e-09
2.80628823e-06	2.247618e-09
2.80909041e-06	2.034921e-09
2.81189540e-06	2.236944e-09
2.81470318e-06	2.032759e-09
2.81751376e-06	2.036416e-09
2.82032715e-06	2.139625e-09
2.82314336e-06	2.030107e-09
2.82596237e-06	2.065126e-09
2.82878420e-06	2.087387e-09
2.83160884e-06	2.091780e-09
2.83443631e-06	2.129498e-09
2.83726660e-06	2.036501e-09
2.84009972e-06	2.083671e-09
2.84293566e-06	2.122744e-09
2.84577444e-06	2.178018e-09
2.84861605e-06	2.050177e-09
2.85146050e-06	2.049778e-09
2.85430779e-06	2.228715e-09
2.85715792e-06	2.083901e-09
2.86001090e-06	2.314964e-09
2.86286672e-06	2.322890e-09
2.86572540e-06	2.043533e-09
2.86858693e-06	2.047136e-09
2.87145132e-06	2.092515e-09
2.87431857e-06	2.479929e-09
2.87718869e-06	2.060327e-09
2.88006167e-06	2.308518e-09
2.88293752e-06	2.060341e-09
2.88581624e-06	2.172965e-09
2.88869783e-06	2.064293e-09
2.89158230e-06	2.157889e-09
2.89446965e-06	2.153620e-09
2.89735989e-06	2.282659e-09
2.90025301e-06	2.078400e-09
2.90314902e-06	2.475413e-09
2.90604792e-06	2.234015e-09
2.90894972e-06	2.049464e-09
2.91185441e-06	2.069038e-09
2.91476201e-06	2.213635e-09
2.91767251e-06	2.210262e-09
2.92058591e-06	2.051466e-09
2.92350222e-06	2.182154e-09
2.92642145e-06	2.081504e-09
2.92934359e-06	2.315085e-09
2.93226865e-06	2.245234e-09
2.93519663e-06	2.233147e-09
2.93812753e-06	2.081730e-09
2.94106136e-06	2.377504e-09
2.94399812e-06	2.250873e-09
2.94693781e-06	2.226996e-09
2.94988043e-06	2.405397e-09
2.95282600e-06	2.603431e-09
2.95577451e-06	2.133471e-09
2.95872596e-06	2.204113e-09
2.96168035e-06	2.251124e-09
2.96463770e-06	2.379673e-09
2.96759800e-06	2.389024e-09
2.97056126e-06	2.084697e-09
2.97352747e-06	2.130024e-09
2.97649665e-06	2.292022e-09
2.97946879e-06	2.110470e-09
2.98244390e-06	2.068726e-09
2.98542198e-06	2.127505e-09
2.98840304e-06	2.321980e-09
2.99138707e-06	2.133064e-09
2.99437408e-06	2.168885e-09
2.99736407e-06	2.480234e-09
3.00035705e-06	2.230553e-09
3.00335302e-06	2.071764e-09
3.00635198e-06	2.213385e-09
3.00935393e-06	2.300243e-09
3.01235888e-06	2.285498e-09
3.01536684e-06	2.495347e-09
3.01837779e-06	2.151353e-09
3.02139175e-06	2.263156e-09
3.02440873e-06	2.171582e-09
3.02742871e-06	2.433173e-09
3.03045171e-06	2.211920e-09
3.03347773e-06	2.141452e-09
3.03650677e-06	2.257212e-09
3.03953883e-06	2.182719e-09
3.04257392e-06	2.084740e-09
3.04561205e-06	2.525528e-09
3.04865320e-06	2.199246e-09
3.05169740e-06	2.217128e-09
3.05474463e-06	2.276529e-09
3.05779491e-06	2.356608e-09
3.06084823e-06	2.186603e-09
3.06390460e-06	2.070461e-09
3.06696402e-06	2.162982e-09
3.07002650e-06	2.232724e-09
3.07309203e-06	2.077126e-09
3.07616063e-06	2.418394e-09
3.07923229e-06	2.265291e-09
3.08230702e-06	2.249500e-09
3.08538481e-06	2.186716e-09
3.08846569e-06	2.215196e-09
3.09154963e-06	2.166944e-09
3.09463666e-06	2.145939e-09
3.09772677e-06	2.179926e-09
3.10081996e-06	2.141523e-09
3.10391625e-06	2.289577e-09
3.10701562e-06	2.097417e-09
3.11011809e-06	2.179242e-09
3.11322366e-06	2.209369e-09
3.11633233e-06	2.269895e-09
3.11944410e-06	2.339708e-09
3.12255898e-06	2.120737e-09
3.12567698e-06	2.243592e-09
3.12879808e-06	2.292656e-09
3.13192230e-06	2.322307e-09
3.13504964e-06	2.185772e-09
3.13818010e-06	2.119174e-09
3.14131369e-06	2.117209e-09
3.14445041e-06	2.318910e-09
3.14759026e-06	2.314920e-09
3.15073325e-06	2.108913e-09
3.15387937e-06	2.187188e-09
3.15702864e-06	2.231188e-09
3.16018105e-06	2.149531e-09
3.16333660e-06	2.092110e-09
3.16649531e-06	2.335206e-09
3.16965718e-06	2.414099e-09
3.17282220e-06	2.214300e-09
3.17599038e-06	2.187017e-09
3.17916172e-06	2.103742e-09
3.18233623e-06	2.529514e-09
3.18551391e-06	2.267648e-09
3.18869477e-06	2.113919e-09
3.19187880e-06	2.281963e-09
3.19506601e-06	2.293192e-09
3.19825640e-06	2.207053e-09
3.20144997e-06	2.091821e-09
3.20464674e-06	2.097923e-09
3.20784670e-06	2.346744e-09
3.21104985e-06	2.121991e-09
3.21425621e-06	2.265240e-09
3.21746576e-06	2.240509e-09
3.22067852e-06	2.225726e-09
3.22389449e-06	2.112026e-09
3.22711366e-06	2.297184e-09
3.23033606e-06	2.414534e-09
3.23356167e-06	2.199044e-09
3.23679050e-06	2.133050e-09
3.24002255e-06	2.545575e-09
3.24325783e-06	2.112375e-09
3.24649635e-06	2.321963e-09
3.24973809e-06	2.333531e-09
3.25298308e-06	2.211027e-09
3.25623130e-06	2.464577e-09
3.25948277e-06	2.109469e-09
3.26273748e-06	2.542352e-09
3.26599545e-06	2.428897e-09
3.26925667e-06	2.126474e-09
3.27252114e-06	2.625949e-09
3.27578887e-06	2.134197e-09
3.27905987e-06	2.463048e-09
3.28233413e-06	2.189587e-09
3.28561167e-06	2.209402e-09
3.28889247e-06	2.503378e-09
3.29217655e-06	2.219122e-09
3.29546391e-06	2.441059e-09
3.29875455e-06	2.214790e-09
3.30204848e-06	2.663198e-09
3.30534570e-06	2.152010e-09
3.30864621e-06	2.178327e-09
3.31195002e-06	2.081277e-09
3.31525712e-06	2.244415e-09
3.31856753e-06	2.309063e-09
3.32188124e-06	2.451683e-09
3.32519826e-06	2.506047e-09
3.32851860e-06	2.179521e-09
3.33184225e-06	2.161034e-09
3.33516921e-06	2.517216e-09
3.33849950e-06	2.271118e-09
3.34183312e-06	2.279837e-09
3.34517006e-06	2.242733e-09
3.34851034e-06	2.347686e-09
3.35185395e-06	2.540120e-09
3.35520090e-06	2.322551e-09
3.35855119e-06	2.263520e-09
3.36190483e-06	2.308372e-09
3.36526182e-06	2.316214e-09
3.36862216e-06	2.525736e-09
3.37198585e-06	2.526491e-09
3.37535290e-06	2.625483e-09
3.37872332e-06	2.351604e-09
3.38209710e-06	2.341311e-09
3.38547425e-06	2.269222e-09
3.38885477e-06	2.503388e-09
3.39223867e-06	2.166705e-09
3.39562594e-06	2.405263e-09
3.39901660e-06	2.370918e-09
3.40241065e-06	2.406959e-09
3.40580808e-06	2.429765e-09
3.40920890e-06	2.241916e-09
3.41261313e-06	2.158462e-09
3.41602075e-06	2.326489e-09
3.41943177e-06	2.504122e-09
3.42284620e-06	2.372702e-09
3.42626404e-06	2.189080e-09
3.42968529e-06	2.225237e-09
3.43310996e-06	2.289025e-09
3.43653804e-06	2.123050e-09
3.43996956e-06	2.399752e-09
3.44340449e-06	2.368118e-09
3.44684286e-06	2.195828e-09
3.45028466e-06	2.373628e-09
3.45372990e-06	2.378425e-09
3.45717857e-06	2.296563e-09
3.46063070e-06	2.554277e-09
3.46408626e-06	2.354700e-09
3.46754528e-06	2.144396e-09
3.47100775e-06	2.088900e-09
3.47447368e-06	2.340716e-09
3.47794307e-06	2.129480e-09
3.48141593e-06	2.187325e-09
3.48489225e-06	2.110755e-09
3.48837205e-06	2.425684e-09
3.49185532e-06	2.322794e-09
3.49534206e-06	2.438973e-09
3.49883229e-06	2.545065e-09
3.50232600e-06	2.500216e-09
3.50582321e-06	2.587901e-09
3.50932390e-06	2.478543e-09
3.51282809e-06	2.402329e-09
3.51633578e-06	2.131508e-09
3.51984697e-06	2.415601e-09
3.52336167e-06	2.542400e-09
3.52687988e-06	2.082337e-09
3.53040160e-06	2.639514e-09
3.53392683e-06	2.534063e-09
3.53745559e-06	2.443864e-09
3.54098787e-06	2.412388e-09
3.54452368e-06	2.331871e-09
3.54806302e-06	2.641321e-09
3.55160589e-06	2.452188e-09
3.55515230e-06	2.457408e-09
3.55870225e-06	2.445515e-09
3.56225575e-06	2.526864e-09
3.56581279e-06	2.386730e-09
3.56937339e-06	2.480139e-09
3.57293754e-06	2.416151e-09
3.57650525e-06	2.379992e-09
3.58007652e-06	2.497491e-09
3.58365136e-06	2.581877e-09
3.58722977e-06	2.528586e-09
3.59081175e-06	2.505715e-09
3.59439731e-06	2.597451e-09
3.59798645e-06	2.119422e-09
3.60157917e-06	2.128446e-09
3.60517548e-06	2.514962e-09
3.60877538e-06	2.278759e-09
3.61237888e-06	2.218312e-09
3.61598597e-06	2.299161e-09
3.61959667e-06	2.549918e-09
3.62321097e-06	2.588232e-09
3.62682888e-06	2.235222e-09
3.63045040e-06	2.370167e-09
3.63407554e-06	2.284507e-09
3.63770430e-06	2.166099e-09
3.64133669e-06	2.573505e-09
3.64497270e-06	2.640415e-09
3.64861234e-06	2.459252e-09
3.65225561e-06	2.155976e-09
3.65590252e-06	2.717802e-09
3.65955308e-06	2.575847e-09
3.66320728e-06	2.456414e-09
3.66686512e-06	2.574153e-09
3.67052662e-06	2.556884e-09
3.67419178e-06	2.189499e-09
3.67786060e-06	2.419392e-09
3.68153308e-06	2.475474e-09
3.68520923e-06	2.716725e-09
3.68888904e-06	2.299792e-09
3.69257254e-06	2.611874e-09
3.69625971e-06	2.139918e-09
3.69995056e-06	2.329155e-09
3.70364510e-06	2.547288e-09
3.70734332e-06	2.299322e-09
3.71104524e-06	2.270291e-09
3.71475086e-06	2.543972e-09
3.71846018e-06	2.514939e-09
3.72217320e-06	2.336087e-09
3.72588992e-06	2.552266e-09
3.72961036e-06	2.543036e-09
3.73333452e-06	2.581985e-09
3.73706239e-06	2.575326e-09
3.74079399e-06	2.668998e-09
3.74452931e-06	2.495534e-09
3.74826836e-06	2.146478e-09
3.75201114e-06	2.578860e-09
3.75575766e-06	2.517886e-09
3.75950793e-06	2.651980e-09
3.76326194e-06	2.707612e-09
3.76701969e-06	2.690527e-09
3.77078120e-06	2.439269e-09
3.77454647e-06	2.553294e-09
3.77831549e-06	2.404376e-09
3.78208828e-06	2.261507e-09
3.78586483e-06	2.374751e-09
3.78964516e-06	2.770271e-09
3.79342926e-06	2.169364e-09
3.79721714e-06	2.754522e-09
3.80100880e-06	2.688515e-09
3.80480425e-06	2.632313e-09
3.80860349e-06	2.664043e-09
3.81240652e-06	2.724867e-09
3.81621335e-06	2.481463e-09
3.82002398e-06	2.755813e-09
3.82383842e-06	2.670301e-09
3.82765666e-06	2.734860e-09
3.83147872e-06	2.431195e-09
3.83530459e-06	2.751801e-09
3.83913428e-06	2.616511e-09
3.84296780e-06	2.731833e-09
3.84680515e-06	2.240449e-09
3.85064633e-06	2.452400e-09
3.85449134e-06	2.713931e-09
3.85834019e-06	2.608143e-09
3.86219289e-06	2.449185e-09
3.86604943e-06	2.421605e-09
3.86990982e-06	2.702465e-09
3.87377407e-06	2.554762e-09
3.87764218e-06	2.659168e-09
3.88151415e-06	2.731770e-09
3.88538998e-06	2.600748e-09
3.88926969e-06	2.667951e-09
3.89315327e-06	2.719266e-09
3.89704073e-06	2.441090e-09
3.90093207e-06	2.707955e-09
3.90482729e-06	2.709696e-09
3.90872641e-06	2.669478e-09
3.91262941e-06	2.658391e-09
3.91653632e-06	2.564977e-09
3.92044713e-06	2.326684e-09
3.92436184e-06	2.353842e-09
3.92828046e-06	2.707996e-09
3.93220299e-06	2.222506e-09
3.93612944e-06	2.568159e-09
3.94005981e-06	2.430136e-09
3.94399411e-06	2.700041e-09
3.94793233e-06	2.451982e-09
3.95187449e-06	2.408177e-09
3.95582058e-06	2.767530e-09
3.95977062e-06	2.535249e-09
3.96372460e-06	2.194664e-09
3.96768252e-06	2.506760e-09
3.97164440e-06	2.496861e-09
3.97561023e-06	2.276746e-09
3.97958003e-06	2.610970e-09
3.98355379e-06	2.530558e-09
3.98753151e-06	2.558303e-09
3.99151321e-06	2.265203e-09
3.99549888e-06	2.646542e-09
3.99948854e-06	2.202818e-09
4.00348217e-06	2.731476e-09
